county,precinct,office,district,party,candidate,votes,early_voting,election_day
Travis,104,"Precinct No. 2, Constable",,DEM,Adan Ballesteros,198,89,109
Travis,109,"Precinct No. 2, Constable",,DEM,Adan Ballesteros,332,115,217
Travis,110,"Precinct No. 2, Constable",,DEM,Adan Ballesteros,648,247,401
Travis,111,"Precinct No. 2, Constable",,DEM,Adan Ballesteros,606,232,374
Travis,123,"Precinct No. 2, Constable",,DEM,Adan Ballesteros,475,172,303
Travis,136,"Precinct No. 2, Constable",,DEM,Adan Ballesteros,378,161,217
Travis,137,"Precinct No. 2, Constable",,DEM,Adan Ballesteros,868,317,551
Travis,145,"Precinct No. 2, Constable",,DEM,Adan Ballesteros,381,138,243
Travis,146,"Precinct No. 2, Constable",,DEM,Adan Ballesteros,381,189,192
Travis,148,"Precinct No. 2, Constable",,DEM,Adan Ballesteros,481,196,285
Travis,150,"Precinct No. 2, Constable",,DEM,Adan Ballesteros,237,100,137
Travis,160,"Precinct No. 2, Constable",,DEM,Adan Ballesteros,256,94,162
Travis,161,"Precinct No. 2, Constable",,DEM,Adan Ballesteros,187,73,114
Travis,163,"Precinct No. 2, Constable",,DEM,Adan Ballesteros,23,9,14
Travis,203,"Precinct No. 2, Constable",,DEM,Adan Ballesteros,100,31,69
Travis,205,"Precinct No. 2, Constable",,DEM,Adan Ballesteros,395,149,246
Travis,207,"Precinct No. 2, Constable",,DEM,Adan Ballesteros,671,268,403
Travis,209,"Precinct No. 2, Constable",,DEM,Adan Ballesteros,164,77,87
Travis,211,"Precinct No. 2, Constable",,DEM,Adan Ballesteros,337,129,208
Travis,215,"Precinct No. 2, Constable",,DEM,Adan Ballesteros,325,118,207
Travis,216,"Precinct No. 2, Constable",,DEM,Adan Ballesteros,249,79,170
Travis,218,"Precinct No. 2, Constable",,DEM,Adan Ballesteros,739,298,441
Travis,219,"Precinct No. 2, Constable",,DEM,Adan Ballesteros,396,141,255
Travis,222,"Precinct No. 2, Constable",,DEM,Adan Ballesteros,471,177,294
Travis,225,"Precinct No. 2, Constable",,DEM,Adan Ballesteros,474,164,310
Travis,228,"Precinct No. 2, Constable",,DEM,Adan Ballesteros,302,156,146
Travis,229,"Precinct No. 2, Constable",,DEM,Adan Ballesteros,368,137,231
Travis,232,"Precinct No. 2, Constable",,DEM,Adan Ballesteros,492,235,257
Travis,244,"Precinct No. 2, Constable",,DEM,Adan Ballesteros,367,190,177
Travis,245,"Precinct No. 2, Constable",,DEM,Adan Ballesteros,146,53,93
Travis,246,"Precinct No. 2, Constable",,DEM,Adan Ballesteros,349,139,210
Travis,247,"Precinct No. 2, Constable",,DEM,Adan Ballesteros,141,57,84
Travis,249,"Precinct No. 2, Constable",,DEM,Adan Ballesteros,543,236,307
Travis,253,"Precinct No. 2, Constable",,DEM,Adan Ballesteros,470,229,241
Travis,254,"Precinct No. 2, Constable",,DEM,Adan Ballesteros,502,230,272
Travis,258,"Precinct No. 2, Constable",,DEM,Adan Ballesteros,443,202,241
Travis,259,"Precinct No. 2, Constable",,DEM,Adan Ballesteros,517,198,319
Travis,260,"Precinct No. 2, Constable",,DEM,Adan Ballesteros,152,51,101
Travis,262,"Precinct No. 2, Constable",,DEM,Adan Ballesteros,837,405,432
Travis,263,"Precinct No. 2, Constable",,DEM,Adan Ballesteros,556,208,348
Travis,267,"Precinct No. 2, Constable",,DEM,Adan Ballesteros,267,145,122
Travis,268,"Precinct No. 2, Constable",,DEM,Adan Ballesteros,177,65,112
Travis,305,"Precinct No. 2, Constable",,DEM,Adan Ballesteros,3,2,1
Travis,306,"Precinct No. 2, Constable",,DEM,Adan Ballesteros,257,147,110
Travis,312,"Precinct No. 2, Constable",,DEM,Adan Ballesteros,225,108,117
Travis,319,"Precinct No. 2, Constable",,DEM,Adan Ballesteros,179,92,87
Travis,320,"Precinct No. 2, Constable",,DEM,Adan Ballesteros,151,96,55
Travis,321,"Precinct No. 2, Constable",,DEM,Adan Ballesteros,124,55,69
Travis,323,"Precinct No. 2, Constable",,DEM,Adan Ballesteros,363,162,201
Travis,326,"Precinct No. 2, Constable",,DEM,Adan Ballesteros,297,127,170
Travis,327,"Precinct No. 2, Constable",,DEM,Adan Ballesteros,455,202,253
Travis,328,"Precinct No. 2, Constable",,DEM,Adan Ballesteros,682,318,364
Travis,331,"Precinct No. 2, Constable",,DEM,Adan Ballesteros,471,155,316
Travis,333,"Precinct No. 2, Constable",,DEM,Adan Ballesteros,383,96,287
Travis,334,"Precinct No. 2, Constable",,DEM,Adan Ballesteros,291,118,173
Travis,335,"Precinct No. 2, Constable",,DEM,Adan Ballesteros,344,150,194
Travis,336,"Precinct No. 2, Constable",,DEM,Adan Ballesteros,305,119,186
Travis,337,"Precinct No. 2, Constable",,DEM,Adan Ballesteros,554,206,348
Travis,343,"Precinct No. 2, Constable",,DEM,Adan Ballesteros,224,80,144
Travis,345,"Precinct No. 2, Constable",,DEM,Adan Ballesteros,1,1,0
Travis,359,"Precinct No. 2, Constable",,DEM,Adan Ballesteros,467,213,254
Travis,369,"Precinct No. 2, Constable",,DEM,Adan Ballesteros,166,52,114
Travis,370,"Precinct No. 2, Constable",,DEM,Adan Ballesteros,130,19,111
Travis,371,"Precinct No. 2, Constable",,DEM,Adan Ballesteros,214,86,128
Travis,372,"Precinct No. 2, Constable",,DEM,Adan Ballesteros,151,50,101
Travis,373,"Precinct No. 2, Constable",,DEM,Adan Ballesteros,334,134,200
Travis,374,"Precinct No. 2, Constable",,DEM,Adan Ballesteros,424,151,273
Travis,375,"Precinct No. 2, Constable",,DEM,Adan Ballesteros,82,28,54
Travis,232,State Representative,47,DEM,Ana Jordan,496,239,257
Travis,233,State Representative,47,DEM,Ana Jordan,392,148,244
Travis,234,State Representative,47,DEM,Ana Jordan,226,101,125
Travis,244,State Representative,47,DEM,Ana Jordan,373,192,181
Travis,245,State Representative,47,DEM,Ana Jordan,146,52,94
Travis,302,State Representative,47,DEM,Ana Jordan,484,260,224
Travis,303,State Representative,47,DEM,Ana Jordan,407,206,201
Travis,304,State Representative,47,DEM,Ana Jordan,649,285,364
Travis,306,State Representative,47,DEM,Ana Jordan,271,151,120
Travis,308,State Representative,47,DEM,Ana Jordan,484,210,274
Travis,310,State Representative,47,DEM,Ana Jordan,721,335,386
Travis,312,State Representative,47,DEM,Ana Jordan,231,111,120
Travis,314,State Representative,47,DEM,Ana Jordan,414,212,202
Travis,315,State Representative,47,DEM,Ana Jordan,658,299,359
Travis,316,State Representative,47,DEM,Ana Jordan,241,103,138
Travis,318,State Representative,47,DEM,Ana Jordan,91,33,58
Travis,319,State Representative,47,DEM,Ana Jordan,189,99,90
Travis,320,State Representative,47,DEM,Ana Jordan,154,98,56
Travis,324,State Representative,47,DEM,Ana Jordan,393,201,192
Travis,330,State Representative,47,DEM,Ana Jordan,330,139,191
Travis,333,State Representative,47,DEM,Ana Jordan,394,105,289
Travis,334,State Representative,47,DEM,Ana Jordan,300,121,179
Travis,336,State Representative,47,DEM,Ana Jordan,313,121,192
Travis,338,State Representative,47,DEM,Ana Jordan,751,290,461
Travis,346,State Representative,47,DEM,Ana Jordan,235,143,92
Travis,349,State Representative,47,DEM,Ana Jordan,769,333,436
Travis,359,State Representative,47,DEM,Ana Jordan,488,226,262
Travis,360,State Representative,47,DEM,Ana Jordan,716,310,406
Travis,361,State Representative,47,DEM,Ana Jordan,204,92,112
Travis,365,State Representative,47,DEM,Ana Jordan,293,118,175
Travis,367,State Representative,47,DEM,Ana Jordan,806,358,448
Travis,368,State Representative,47,DEM,Ana Jordan,23,13,10
Travis,369,State Representative,47,DEM,Ana Jordan,171,51,120
Travis,370,State Representative,47,DEM,Ana Jordan,131,19,112
Travis,371,State Representative,47,DEM,Ana Jordan,214,89,125
Travis,372,State Representative,47,DEM,Ana Jordan,155,51,104
Travis,373,State Representative,47,DEM,Ana Jordan,346,134,212
Travis,374,State Representative,47,DEM,Ana Jordan,429,155,274
Travis,375,State Representative,47,DEM,Ana Jordan,81,28,53
Travis,406,State Representative,47,DEM,Ana Jordan,398,233,165
Travis,417,State Representative,47,DEM,Ana Jordan,264,132,132
Travis,212,"Precinct No. 3, Constable",,DEM,"Anthony ""AJ"" Johnson",113,68,45
Travis,221,"Precinct No. 3, Constable",,DEM,"Anthony ""AJ"" Johnson",17,4,13
Travis,301,"Precinct No. 3, Constable",,DEM,"Anthony ""AJ"" Johnson",60,29,31
Travis,302,"Precinct No. 3, Constable",,DEM,"Anthony ""AJ"" Johnson",138,71,67
Travis,303,"Precinct No. 3, Constable",,DEM,"Anthony ""AJ"" Johnson",136,74,62
Travis,304,"Precinct No. 3, Constable",,DEM,"Anthony ""AJ"" Johnson",199,86,113
Travis,307,"Precinct No. 3, Constable",,DEM,"Anthony ""AJ"" Johnson",59,32,27
Travis,308,"Precinct No. 3, Constable",,DEM,"Anthony ""AJ"" Johnson",158,58,100
Travis,309,"Precinct No. 3, Constable",,DEM,"Anthony ""AJ"" Johnson",152,77,75
Travis,310,"Precinct No. 3, Constable",,DEM,"Anthony ""AJ"" Johnson",243,122,121
Travis,314,"Precinct No. 3, Constable",,DEM,"Anthony ""AJ"" Johnson",123,55,68
Travis,315,"Precinct No. 3, Constable",,DEM,"Anthony ""AJ"" Johnson",250,125,125
Travis,316,"Precinct No. 3, Constable",,DEM,"Anthony ""AJ"" Johnson",59,27,32
Travis,317,"Precinct No. 3, Constable",,DEM,"Anthony ""AJ"" Johnson",106,50,56
Travis,318,"Precinct No. 3, Constable",,DEM,"Anthony ""AJ"" Johnson",27,9,18
Travis,324,"Precinct No. 3, Constable",,DEM,"Anthony ""AJ"" Johnson",137,73,64
Travis,330,"Precinct No. 3, Constable",,DEM,"Anthony ""AJ"" Johnson",97,44,53
Travis,332,"Precinct No. 3, Constable",,DEM,"Anthony ""AJ"" Johnson",204,72,132
Travis,338,"Precinct No. 3, Constable",,DEM,"Anthony ""AJ"" Johnson",189,65,124
Travis,339,"Precinct No. 3, Constable",,DEM,"Anthony ""AJ"" Johnson",102,49,53
Travis,340,"Precinct No. 3, Constable",,DEM,"Anthony ""AJ"" Johnson",155,58,97
Travis,342,"Precinct No. 3, Constable",,DEM,"Anthony ""AJ"" Johnson",394,175,219
Travis,344,"Precinct No. 3, Constable",,DEM,"Anthony ""AJ"" Johnson",138,70,68
Travis,346,"Precinct No. 3, Constable",,DEM,"Anthony ""AJ"" Johnson",59,34,25
Travis,347,"Precinct No. 3, Constable",,DEM,"Anthony ""AJ"" Johnson",110,54,56
Travis,349,"Precinct No. 3, Constable",,DEM,"Anthony ""AJ"" Johnson",247,126,121
Travis,350,"Precinct No. 3, Constable",,DEM,"Anthony ""AJ"" Johnson",330,156,174
Travis,351,"Precinct No. 3, Constable",,DEM,"Anthony ""AJ"" Johnson",88,41,47
Travis,352,"Precinct No. 3, Constable",,DEM,"Anthony ""AJ"" Johnson",228,124,104
Travis,354,"Precinct No. 3, Constable",,DEM,"Anthony ""AJ"" Johnson",227,150,77
Travis,356,"Precinct No. 3, Constable",,DEM,"Anthony ""AJ"" Johnson",80,44,36
Travis,357,"Precinct No. 3, Constable",,DEM,"Anthony ""AJ"" Johnson",30,11,19
Travis,358,"Precinct No. 3, Constable",,DEM,"Anthony ""AJ"" Johnson",350,185,165
Travis,360,"Precinct No. 3, Constable",,DEM,"Anthony ""AJ"" Johnson",236,96,140
Travis,361,"Precinct No. 3, Constable",,DEM,"Anthony ""AJ"" Johnson",64,31,33
Travis,362,"Precinct No. 3, Constable",,DEM,"Anthony ""AJ"" Johnson",187,94,93
Travis,363,"Precinct No. 3, Constable",,DEM,"Anthony ""AJ"" Johnson",87,39,48
Travis,364,"Precinct No. 3, Constable",,DEM,"Anthony ""AJ"" Johnson",125,73,52
Travis,365,"Precinct No. 3, Constable",,DEM,"Anthony ""AJ"" Johnson",91,34,57
Travis,366,"Precinct No. 3, Constable",,DEM,"Anthony ""AJ"" Johnson",265,131,134
Travis,367,"Precinct No. 3, Constable",,DEM,"Anthony ""AJ"" Johnson",233,112,121
Travis,368,"Precinct No. 3, Constable",,DEM,"Anthony ""AJ"" Johnson",5,2,3
Travis,408,"Precinct No. 3, Constable",,DEM,"Anthony ""AJ"" Johnson",218,87,131
Travis,410,"Precinct No. 3, Constable",,DEM,"Anthony ""AJ"" Johnson",183,89,94
Travis,411,"Precinct No. 3, Constable",,DEM,"Anthony ""AJ"" Johnson",113,48,65
Travis,412,"Precinct No. 3, Constable",,DEM,"Anthony ""AJ"" Johnson",8,3,5
Travis,414,"Precinct No. 3, Constable",,DEM,"Anthony ""AJ"" Johnson",208,91,117
Travis,415,"Precinct No. 3, Constable",,DEM,"Anthony ""AJ"" Johnson",81,30,51
Travis,416,"Precinct No. 3, Constable",,DEM,"Anthony ""AJ"" Johnson",7,3,4
Travis,419,"Precinct No. 3, Constable",,DEM,"Anthony ""AJ"" Johnson",32,20,12
Travis,425,"Precinct No. 3, Constable",,DEM,"Anthony ""AJ"" Johnson",69,33,36
Travis,430,"Precinct No. 3, Constable",,DEM,"Anthony ""AJ"" Johnson",99,40,59
Travis,435,"Precinct No. 3, Constable",,DEM,"Anthony ""AJ"" Johnson",403,194,209
Travis,441,"Precinct No. 3, Constable",,DEM,"Anthony ""AJ"" Johnson",286,138,148
Travis,446,"Precinct No. 3, Constable",,DEM,"Anthony ""AJ"" Johnson",80,32,48
Travis,447,"Precinct No. 3, Constable",,DEM,"Anthony ""AJ"" Johnson",280,116,164
Travis,451,"Precinct No. 3, Constable",,DEM,"Anthony ""AJ"" Johnson",240,108,132
Travis,454,"Precinct No. 3, Constable",,DEM,"Anthony ""AJ"" Johnson",136,69,67
Travis,458,"Precinct No. 3, Constable",,DEM,"Anthony ""AJ"" Johnson",238,119,119
Travis,460,"Precinct No. 3, Constable",,DEM,"Anthony ""AJ"" Johnson",245,126,119
Travis,461,"Precinct No. 3, Constable",,DEM,"Anthony ""AJ"" Johnson",276,115,161
Travis,463,"Precinct No. 3, Constable",,DEM,"Anthony ""AJ"" Johnson",262,108,154
Travis,101,"Precinct No. 1, County Commissioner",,DEM,Arthur Sampson,191,69,122
Travis,102,"Precinct No. 1, County Commissioner",,DEM,Arthur Sampson,36,11,25
Travis,103,"Precinct No. 1, County Commissioner",,DEM,Arthur Sampson,49,14,35
Travis,104,"Precinct No. 1, County Commissioner",,DEM,Arthur Sampson,45,21,24
Travis,105,"Precinct No. 1, County Commissioner",,DEM,Arthur Sampson,279,115,164
Travis,106,"Precinct No. 1, County Commissioner",,DEM,Arthur Sampson,95,34,61
Travis,107,"Precinct No. 1, County Commissioner",,DEM,Arthur Sampson,4,0,4
Travis,108,"Precinct No. 1, County Commissioner",,DEM,Arthur Sampson,44,11,33
Travis,109,"Precinct No. 1, County Commissioner",,DEM,Arthur Sampson,50,15,35
Travis,110,"Precinct No. 1, County Commissioner",,DEM,Arthur Sampson,120,40,80
Travis,111,"Precinct No. 1, County Commissioner",,DEM,Arthur Sampson,84,22,62
Travis,112,"Precinct No. 1, County Commissioner",,DEM,Arthur Sampson,42,8,34
Travis,113,"Precinct No. 1, County Commissioner",,DEM,Arthur Sampson,159,42,117
Travis,114,"Precinct No. 1, County Commissioner",,DEM,Arthur Sampson,18,8,10
Travis,115,"Precinct No. 1, County Commissioner",,DEM,Arthur Sampson,0,0,0
Travis,116,"Precinct No. 1, County Commissioner",,DEM,Arthur Sampson,1,0,1
Travis,117,"Precinct No. 1, County Commissioner",,DEM,Arthur Sampson,156,65,91
Travis,118,"Precinct No. 1, County Commissioner",,DEM,Arthur Sampson,23,13,10
Travis,119,"Precinct No. 1, County Commissioner",,DEM,Arthur Sampson,0,0,0
Travis,120,"Precinct No. 1, County Commissioner",,DEM,Arthur Sampson,9,3,6
Travis,121,"Precinct No. 1, County Commissioner",,DEM,Arthur Sampson,57,30,27
Travis,122,"Precinct No. 1, County Commissioner",,DEM,Arthur Sampson,214,115,99
Travis,123,"Precinct No. 1, County Commissioner",,DEM,Arthur Sampson,100,34,66
Travis,124,"Precinct No. 1, County Commissioner",,DEM,Arthur Sampson,195,91,104
Travis,125,"Precinct No. 1, County Commissioner",,DEM,Arthur Sampson,0,0,0
Travis,126,"Precinct No. 1, County Commissioner",,DEM,Arthur Sampson,272,134,138
Travis,127,"Precinct No. 1, County Commissioner",,DEM,Arthur Sampson,0,0,0
Travis,128,"Precinct No. 1, County Commissioner",,DEM,Arthur Sampson,0,0,0
Travis,129,"Precinct No. 1, County Commissioner",,DEM,Arthur Sampson,160,81,79
Travis,130,"Precinct No. 1, County Commissioner",,DEM,Arthur Sampson,68,23,45
Travis,131,"Precinct No. 1, County Commissioner",,DEM,Arthur Sampson,0,0,0
Travis,132,"Precinct No. 1, County Commissioner",,DEM,Arthur Sampson,157,72,85
Travis,133,"Precinct No. 1, County Commissioner",,DEM,Arthur Sampson,97,35,62
Travis,134,"Precinct No. 1, County Commissioner",,DEM,Arthur Sampson,0,0,0
Travis,135,"Precinct No. 1, County Commissioner",,DEM,Arthur Sampson,130,46,84
Travis,136,"Precinct No. 1, County Commissioner",,DEM,Arthur Sampson,69,19,50
Travis,137,"Precinct No. 1, County Commissioner",,DEM,Arthur Sampson,201,67,134
Travis,138,"Precinct No. 1, County Commissioner",,DEM,Arthur Sampson,0,0,0
Travis,139,"Precinct No. 1, County Commissioner",,DEM,Arthur Sampson,114,42,72
Travis,140,"Precinct No. 1, County Commissioner",,DEM,Arthur Sampson,51,21,30
Travis,141,"Precinct No. 1, County Commissioner",,DEM,Arthur Sampson,19,6,13
Travis,142,"Precinct No. 1, County Commissioner",,DEM,Arthur Sampson,30,16,14
Travis,145,"Precinct No. 1, County Commissioner",,DEM,Arthur Sampson,73,16,57
Travis,146,"Precinct No. 1, County Commissioner",,DEM,Arthur Sampson,59,21,38
Travis,148,"Precinct No. 1, County Commissioner",,DEM,Arthur Sampson,97,26,71
Travis,149,"Precinct No. 1, County Commissioner",,DEM,Arthur Sampson,48,18,30
Travis,150,"Precinct No. 1, County Commissioner",,DEM,Arthur Sampson,39,14,25
Travis,151,"Precinct No. 1, County Commissioner",,DEM,Arthur Sampson,105,41,64
Travis,152,"Precinct No. 1, County Commissioner",,DEM,Arthur Sampson,90,41,49
Travis,153,"Precinct No. 1, County Commissioner",,DEM,Arthur Sampson,162,59,103
Travis,154,"Precinct No. 1, County Commissioner",,DEM,Arthur Sampson,103,28,75
Travis,156,"Precinct No. 1, County Commissioner",,DEM,Arthur Sampson,177,78,99
Travis,160,"Precinct No. 1, County Commissioner",,DEM,Arthur Sampson,43,12,31
Travis,161,"Precinct No. 1, County Commissioner",,DEM,Arthur Sampson,33,14,19
Travis,163,"Precinct No. 1, County Commissioner",,DEM,Arthur Sampson,5,2,3
Travis,164,"Precinct No. 1, County Commissioner",,DEM,Arthur Sampson,53,20,33
Travis,149,State Representative,49,DEM,Aspen Dunaway,19,6,13
Travis,200,State Representative,49,DEM,Aspen Dunaway,38,16,22
Travis,202,State Representative,49,DEM,Aspen Dunaway,17,8,9
Travis,206,State Representative,49,DEM,Aspen Dunaway,13,6,7
Travis,208,State Representative,49,DEM,Aspen Dunaway,47,35,12
Travis,209,State Representative,49,DEM,Aspen Dunaway,11,4,7
Travis,214,State Representative,49,DEM,Aspen Dunaway,8,3,5
Travis,218,State Representative,49,DEM,Aspen Dunaway,40,16,24
Travis,222,State Representative,49,DEM,Aspen Dunaway,18,9,9
Travis,228,State Representative,49,DEM,Aspen Dunaway,14,9,5
Travis,235,State Representative,49,DEM,Aspen Dunaway,28,15,13
Travis,236,State Representative,49,DEM,Aspen Dunaway,41,12,29
Travis,239,State Representative,49,DEM,Aspen Dunaway,14,2,12
Travis,240,State Representative,49,DEM,Aspen Dunaway,4,2,2
Travis,241,State Representative,49,DEM,Aspen Dunaway,14,6,8
Travis,242,State Representative,49,DEM,Aspen Dunaway,60,31,29
Travis,243,State Representative,49,DEM,Aspen Dunaway,11,6,5
Travis,248,State Representative,49,DEM,Aspen Dunaway,18,7,11
Travis,250,State Representative,49,DEM,Aspen Dunaway,25,12,13
Travis,252,State Representative,49,DEM,Aspen Dunaway,18,5,13
Travis,258,State Representative,49,DEM,Aspen Dunaway,20,10,10
Travis,260,State Representative,49,DEM,Aspen Dunaway,6,4,2
Travis,267,State Representative,49,DEM,Aspen Dunaway,11,6,5
Travis,268,State Representative,49,DEM,Aspen Dunaway,12,3,9
Travis,273,State Representative,49,DEM,Aspen Dunaway,13,7,6
Travis,274,State Representative,49,DEM,Aspen Dunaway,29,15,14
Travis,275,State Representative,49,DEM,Aspen Dunaway,22,7,15
Travis,277,State Representative,49,DEM,Aspen Dunaway,34,20,14
Travis,305,State Representative,49,DEM,Aspen Dunaway,0,0,0
Travis,311,State Representative,49,DEM,Aspen Dunaway,39,17,22
Travis,313,State Representative,49,DEM,Aspen Dunaway,4,2,2
Travis,323,State Representative,49,DEM,Aspen Dunaway,21,8,13
Travis,325,State Representative,49,DEM,Aspen Dunaway,0,0,0
Travis,329,State Representative,49,DEM,Aspen Dunaway,18,8,10
Travis,332,State Representative,49,DEM,Aspen Dunaway,11,3,8
Travis,340,State Representative,49,DEM,Aspen Dunaway,19,6,13
Travis,342,State Representative,49,DEM,Aspen Dunaway,34,18,16
Travis,345,State Representative,49,DEM,Aspen Dunaway,0,0,0
Travis,409,State Representative,49,DEM,Aspen Dunaway,18,7,11
Travis,425,State Representative,49,DEM,Aspen Dunaway,6,4,2
Travis,430,State Representative,49,DEM,Aspen Dunaway,13,3,10
Travis,446,State Representative,49,DEM,Aspen Dunaway,6,3,3
Travis,454,State Representative,49,DEM,Aspen Dunaway,15,8,7
Travis,460,State Representative,49,DEM,Aspen Dunaway,36,15,21
Travis,461,State Representative,49,DEM,Aspen Dunaway,21,11,10
Travis,101,President,,DEM,Bernie Sanders,433,158,275
Travis,102,President,,DEM,Bernie Sanders,105,27,78
Travis,103,President,,DEM,Bernie Sanders,181,58,123
Travis,104,President,,DEM,Bernie Sanders,128,47,81
Travis,105,President,,DEM,Bernie Sanders,458,186,272
Travis,106,President,,DEM,Bernie Sanders,191,70,121
Travis,107,President,,DEM,Bernie Sanders,15,7,8
Travis,108,President,,DEM,Bernie Sanders,183,63,120
Travis,109,President,,DEM,Bernie Sanders,240,73,167
Travis,110,President,,DEM,Bernie Sanders,377,124,253
Travis,111,President,,DEM,Bernie Sanders,397,135,262
Travis,112,President,,DEM,Bernie Sanders,133,37,96
Travis,113,President,,DEM,Bernie Sanders,493,147,346
Travis,114,President,,DEM,Bernie Sanders,8,3,5
Travis,115,President,,DEM,Bernie Sanders,1,0,1
Travis,116,President,,DEM,Bernie Sanders,1,0,1
Travis,117,President,,DEM,Bernie Sanders,214,88,126
Travis,118,President,,DEM,Bernie Sanders,48,18,30
Travis,119,President,,DEM,Bernie Sanders,1,0,1
Travis,120,President,,DEM,Bernie Sanders,15,9,6
Travis,121,President,,DEM,Bernie Sanders,66,33,33
Travis,122,President,,DEM,Bernie Sanders,281,128,153
Travis,123,President,,DEM,Bernie Sanders,275,98,177
Travis,124,President,,DEM,Bernie Sanders,899,410,489
Travis,125,President,,DEM,Bernie Sanders,0,0,0
Travis,126,President,,DEM,Bernie Sanders,1036,439,597
Travis,127,President,,DEM,Bernie Sanders,0,0,0
Travis,128,President,,DEM,Bernie Sanders,0,0,0
Travis,129,President,,DEM,Bernie Sanders,376,162,214
Travis,130,President,,DEM,Bernie Sanders,361,131,230
Travis,131,President,,DEM,Bernie Sanders,0,0,0
Travis,132,President,,DEM,Bernie Sanders,394,162,232
Travis,133,President,,DEM,Bernie Sanders,410,128,282
Travis,134,President,,DEM,Bernie Sanders,0,0,0
Travis,135,President,,DEM,Bernie Sanders,1150,482,668
Travis,136,President,,DEM,Bernie Sanders,216,85,131
Travis,137,President,,DEM,Bernie Sanders,466,152,314
Travis,138,President,,DEM,Bernie Sanders,0,0,0
Travis,139,President,,DEM,Bernie Sanders,364,153,211
Travis,140,President,,DEM,Bernie Sanders,195,71,124
Travis,141,President,,DEM,Bernie Sanders,41,13,28
Travis,142,President,,DEM,Bernie Sanders,215,94,121
Travis,145,President,,DEM,Bernie Sanders,188,63,125
Travis,146,President,,DEM,Bernie Sanders,191,90,101
Travis,148,President,,DEM,Bernie Sanders,259,88,171
Travis,149,President,,DEM,Bernie Sanders,368,134,234
Travis,150,President,,DEM,Bernie Sanders,147,55,92
Travis,151,President,,DEM,Bernie Sanders,355,135,220
Travis,152,President,,DEM,Bernie Sanders,972,424,548
Travis,153,President,,DEM,Bernie Sanders,473,148,325
Travis,154,President,,DEM,Bernie Sanders,249,79,170
Travis,156,President,,DEM,Bernie Sanders,834,334,500
Travis,160,President,,DEM,Bernie Sanders,123,41,82
Travis,161,President,,DEM,Bernie Sanders,97,30,67
Travis,163,President,,DEM,Bernie Sanders,13,3,10
Travis,164,President,,DEM,Bernie Sanders,173,58,115
Travis,200,President,,DEM,Bernie Sanders,1139,512,627
Travis,202,President,,DEM,Bernie Sanders,805,346,459
Travis,203,President,,DEM,Bernie Sanders,59,16,43
Travis,205,President,,DEM,Bernie Sanders,319,110,209
Travis,206,President,,DEM,Bernie Sanders,253,126,127
Travis,207,President,,DEM,Bernie Sanders,454,173,281
Travis,208,President,,DEM,Bernie Sanders,1742,968,774
Travis,209,President,,DEM,Bernie Sanders,121,47,74
Travis,210,President,,DEM,Bernie Sanders,130,60,70
Travis,211,President,,DEM,Bernie Sanders,246,92,154
Travis,212,President,,DEM,Bernie Sanders,161,73,88
Travis,213,President,,DEM,Bernie Sanders,0,0,0
Travis,214,President,,DEM,Bernie Sanders,253,97,156
Travis,215,President,,DEM,Bernie Sanders,211,78,133
Travis,216,President,,DEM,Bernie Sanders,214,70,144
Travis,217,President,,DEM,Bernie Sanders,267,99,168
Travis,218,President,,DEM,Bernie Sanders,653,237,416
Travis,219,President,,DEM,Bernie Sanders,229,79,150
Travis,220,President,,DEM,Bernie Sanders,131,62,69
Travis,221,President,,DEM,Bernie Sanders,47,17,30
Travis,222,President,,DEM,Bernie Sanders,359,125,234
Travis,223,President,,DEM,Bernie Sanders,98,37,61
Travis,224,President,,DEM,Bernie Sanders,12,5,7
Travis,225,President,,DEM,Bernie Sanders,341,107,234
Travis,226,President,,DEM,Bernie Sanders,157,56,101
Travis,227,President,,DEM,Bernie Sanders,45,16,29
Travis,228,President,,DEM,Bernie Sanders,195,85,110
Travis,229,President,,DEM,Bernie Sanders,249,86,163
Travis,231,President,,DEM,Bernie Sanders,216,79,137
Travis,232,President,,DEM,Bernie Sanders,255,107,148
Travis,233,President,,DEM,Bernie Sanders,255,82,173
Travis,234,President,,DEM,Bernie Sanders,88,36,52
Travis,235,President,,DEM,Bernie Sanders,646,241,405
Travis,236,President,,DEM,Bernie Sanders,594,179,415
Travis,237,President,,DEM,Bernie Sanders,165,63,102
Travis,238,President,,DEM,Bernie Sanders,412,144,268
Travis,239,President,,DEM,Bernie Sanders,385,130,255
Travis,240,President,,DEM,Bernie Sanders,131,43,88
Travis,241,President,,DEM,Bernie Sanders,297,98,199
Travis,242,President,,DEM,Bernie Sanders,1034,390,644
Travis,243,President,,DEM,Bernie Sanders,289,126,163
Travis,244,President,,DEM,Bernie Sanders,243,120,123
Travis,245,President,,DEM,Bernie Sanders,93,29,64
Travis,246,President,,DEM,Bernie Sanders,200,73,127
Travis,247,President,,DEM,Bernie Sanders,75,29,46
Travis,248,President,,DEM,Bernie Sanders,440,165,275
Travis,249,President,,DEM,Bernie Sanders,363,139,224
Travis,250,President,,DEM,Bernie Sanders,681,244,437
Travis,251,President,,DEM,Bernie Sanders,373,138,235
Travis,252,President,,DEM,Bernie Sanders,463,212,251
Travis,253,President,,DEM,Bernie Sanders,242,97,145
Travis,254,President,,DEM,Bernie Sanders,372,134,238
Travis,256,President,,DEM,Bernie Sanders,109,42,67
Travis,258,President,,DEM,Bernie Sanders,354,133,221
Travis,259,President,,DEM,Bernie Sanders,346,115,231
Travis,260,President,,DEM,Bernie Sanders,119,34,85
Travis,262,President,,DEM,Bernie Sanders,640,263,377
Travis,263,President,,DEM,Bernie Sanders,409,128,281
Travis,266,President,,DEM,Bernie Sanders,24,12,12
Travis,267,President,,DEM,Bernie Sanders,174,81,93
Travis,268,President,,DEM,Bernie Sanders,151,50,101
Travis,273,President,,DEM,Bernie Sanders,439,155,284
Travis,274,President,,DEM,Bernie Sanders,649,310,339
Travis,275,President,,DEM,Bernie Sanders,743,305,438
Travis,277,President,,DEM,Bernie Sanders,1046,587,459
Travis,301,President,,DEM,Bernie Sanders,179,73,106
Travis,302,President,,DEM,Bernie Sanders,270,102,168
Travis,303,President,,DEM,Bernie Sanders,263,98,165
Travis,304,President,,DEM,Bernie Sanders,326,105,221
Travis,305,President,,DEM,Bernie Sanders,0,0,0
Travis,306,President,,DEM,Bernie Sanders,131,64,67
Travis,307,President,,DEM,Bernie Sanders,102,49,53
Travis,308,President,,DEM,Bernie Sanders,279,107,172
Travis,309,President,,DEM,Bernie Sanders,286,109,177
Travis,310,President,,DEM,Bernie Sanders,462,194,268
Travis,311,President,,DEM,Bernie Sanders,962,536,426
Travis,312,President,,DEM,Bernie Sanders,141,56,85
Travis,313,President,,DEM,Bernie Sanders,83,35,48
Travis,314,President,,DEM,Bernie Sanders,203,89,114
Travis,315,President,,DEM,Bernie Sanders,347,134,213
Travis,316,President,,DEM,Bernie Sanders,157,62,95
Travis,317,President,,DEM,Bernie Sanders,180,75,105
Travis,318,President,,DEM,Bernie Sanders,53,18,35
Travis,319,President,,DEM,Bernie Sanders,116,53,63
Travis,320,President,,DEM,Bernie Sanders,62,27,35
Travis,321,President,,DEM,Bernie Sanders,53,24,29
Travis,323,President,,DEM,Bernie Sanders,309,122,187
Travis,324,President,,DEM,Bernie Sanders,218,98,120
Travis,325,President,,DEM,Bernie Sanders,8,4,4
Travis,326,President,,DEM,Bernie Sanders,207,71,136
Travis,327,President,,DEM,Bernie Sanders,237,85,152
Travis,328,President,,DEM,Bernie Sanders,497,202,295
Travis,329,President,,DEM,Bernie Sanders,292,114,178
Travis,330,President,,DEM,Bernie Sanders,177,66,111
Travis,331,President,,DEM,Bernie Sanders,276,88,188
Travis,332,President,,DEM,Bernie Sanders,560,167,393
Travis,333,President,,DEM,Bernie Sanders,233,56,177
Travis,334,President,,DEM,Bernie Sanders,197,73,124
Travis,335,President,,DEM,Bernie Sanders,178,61,117
Travis,336,President,,DEM,Bernie Sanders,172,60,112
Travis,337,President,,DEM,Bernie Sanders,305,102,203
Travis,338,President,,DEM,Bernie Sanders,490,169,321
Travis,339,President,,DEM,Bernie Sanders,215,91,124
Travis,340,President,,DEM,Bernie Sanders,375,128,247
Travis,341,President,,DEM,Bernie Sanders,5,1,4
Travis,342,President,,DEM,Bernie Sanders,897,341,556
Travis,343,President,,DEM,Bernie Sanders,208,64,144
Travis,344,President,,DEM,Bernie Sanders,289,113,176
Travis,345,President,,DEM,Bernie Sanders,1,1,0
Travis,346,President,,DEM,Bernie Sanders,116,67,49
Travis,347,President,,DEM,Bernie Sanders,204,89,115
Travis,349,President,,DEM,Bernie Sanders,557,219,338
Travis,350,President,,DEM,Bernie Sanders,561,236,325
Travis,351,President,,DEM,Bernie Sanders,219,87,132
Travis,352,President,,DEM,Bernie Sanders,563,251,312
Travis,354,President,,DEM,Bernie Sanders,419,211,208
Travis,356,President,,DEM,Bernie Sanders,255,96,159
Travis,357,President,,DEM,Bernie Sanders,33,13,20
Travis,358,President,,DEM,Bernie Sanders,703,304,399
Travis,359,President,,DEM,Bernie Sanders,297,137,160
Travis,360,President,,DEM,Bernie Sanders,460,169,291
Travis,361,President,,DEM,Bernie Sanders,156,51,105
Travis,362,President,,DEM,Bernie Sanders,368,158,210
Travis,363,President,,DEM,Bernie Sanders,167,60,107
Travis,364,President,,DEM,Bernie Sanders,270,134,136
Travis,365,President,,DEM,Bernie Sanders,209,77,132
Travis,366,President,,DEM,Bernie Sanders,456,176,280
Travis,367,President,,DEM,Bernie Sanders,423,164,259
Travis,368,President,,DEM,Bernie Sanders,12,5,7
Travis,369,President,,DEM,Bernie Sanders,104,28,76
Travis,370,President,,DEM,Bernie Sanders,91,6,85
Travis,371,President,,DEM,Bernie Sanders,119,40,79
Travis,372,President,,DEM,Bernie Sanders,99,25,74
Travis,373,President,,DEM,Bernie Sanders,171,62,109
Travis,374,President,,DEM,Bernie Sanders,292,88,204
Travis,375,President,,DEM,Bernie Sanders,56,8,48
Travis,401,President,,DEM,Bernie Sanders,186,74,112
Travis,402,President,,DEM,Bernie Sanders,194,74,120
Travis,403,President,,DEM,Bernie Sanders,77,25,52
Travis,404,President,,DEM,Bernie Sanders,275,99,176
Travis,405,President,,DEM,Bernie Sanders,42,14,28
Travis,406,President,,DEM,Bernie Sanders,206,85,121
Travis,407,President,,DEM,Bernie Sanders,182,59,123
Travis,408,President,,DEM,Bernie Sanders,353,117,236
Travis,409,President,,DEM,Bernie Sanders,457,167,290
Travis,410,President,,DEM,Bernie Sanders,452,192,260
Travis,411,President,,DEM,Bernie Sanders,225,89,136
Travis,412,President,,DEM,Bernie Sanders,26,10,16
Travis,413,President,,DEM,Bernie Sanders,141,49,92
Travis,414,President,,DEM,Bernie Sanders,449,170,279
Travis,415,President,,DEM,Bernie Sanders,166,57,109
Travis,416,President,,DEM,Bernie Sanders,12,3,9
Travis,417,President,,DEM,Bernie Sanders,169,73,96
Travis,418,President,,DEM,Bernie Sanders,0,0,0
Travis,419,President,,DEM,Bernie Sanders,66,31,35
Travis,420,President,,DEM,Bernie Sanders,494,193,301
Travis,421,President,,DEM,Bernie Sanders,420,161,259
Travis,422,President,,DEM,Bernie Sanders,445,181,264
Travis,423,President,,DEM,Bernie Sanders,331,106,225
Travis,424,President,,DEM,Bernie Sanders,466,163,303
Travis,425,President,,DEM,Bernie Sanders,148,56,92
Travis,426,President,,DEM,Bernie Sanders,458,177,281
Travis,427,President,,DEM,Bernie Sanders,342,148,194
Travis,428,President,,DEM,Bernie Sanders,116,40,76
Travis,429,President,,DEM,Bernie Sanders,1299,561,738
Travis,430,President,,DEM,Bernie Sanders,315,113,202
Travis,431,President,,DEM,Bernie Sanders,1092,412,680
Travis,432,President,,DEM,Bernie Sanders,1,1,0
Travis,433,President,,DEM,Bernie Sanders,566,260,306
Travis,434,President,,DEM,Bernie Sanders,2,1,1
Travis,435,President,,DEM,Bernie Sanders,754,303,451
Travis,436,President,,DEM,Bernie Sanders,49,22,27
Travis,437,President,,DEM,Bernie Sanders,433,134,299
Travis,438,President,,DEM,Bernie Sanders,247,97,150
Travis,439,President,,DEM,Bernie Sanders,506,201,305
Travis,440,President,,DEM,Bernie Sanders,189,77,112
Travis,441,President,,DEM,Bernie Sanders,632,264,368
Travis,442,President,,DEM,Bernie Sanders,291,108,183
Travis,443,President,,DEM,Bernie Sanders,285,111,174
Travis,444,President,,DEM,Bernie Sanders,13,5,8
Travis,446,President,,DEM,Bernie Sanders,193,66,127
Travis,447,President,,DEM,Bernie Sanders,640,238,402
Travis,448,President,,DEM,Bernie Sanders,256,107,149
Travis,450,President,,DEM,Bernie Sanders,372,141,231
Travis,451,President,,DEM,Bernie Sanders,472,172,300
Travis,452,President,,DEM,Bernie Sanders,171,57,114
Travis,454,President,,DEM,Bernie Sanders,336,161,175
Travis,458,President,,DEM,Bernie Sanders,546,262,284
Travis,460,President,,DEM,Bernie Sanders,677,291,386
Travis,461,President,,DEM,Bernie Sanders,794,283,511
Travis,463,President,,DEM,Bernie Sanders,444,185,259
Travis,101,"Place 5, Judge, Court Of Criminal Appeals",,DEM,Betsy Johnson,795,280,515
Travis,102,"Place 5, Judge, Court Of Criminal Appeals",,DEM,Betsy Johnson,171,58,113
Travis,103,"Place 5, Judge, Court Of Criminal Appeals",,DEM,Betsy Johnson,263,104,159
Travis,104,"Place 5, Judge, Court Of Criminal Appeals",,DEM,Betsy Johnson,201,88,113
Travis,105,"Place 5, Judge, Court Of Criminal Appeals",,DEM,Betsy Johnson,869,392,477
Travis,106,"Place 5, Judge, Court Of Criminal Appeals",,DEM,Betsy Johnson,321,135,186
Travis,107,"Place 5, Judge, Court Of Criminal Appeals",,DEM,Betsy Johnson,34,12,22
Travis,108,"Place 5, Judge, Court Of Criminal Appeals",,DEM,Betsy Johnson,296,91,205
Travis,109,"Place 5, Judge, Court Of Criminal Appeals",,DEM,Betsy Johnson,349,123,226
Travis,110,"Place 5, Judge, Court Of Criminal Appeals",,DEM,Betsy Johnson,668,249,419
Travis,111,"Place 5, Judge, Court Of Criminal Appeals",,DEM,Betsy Johnson,631,238,393
Travis,112,"Place 5, Judge, Court Of Criminal Appeals",,DEM,Betsy Johnson,197,69,128
Travis,113,"Place 5, Judge, Court Of Criminal Appeals",,DEM,Betsy Johnson,823,288,535
Travis,114,"Place 5, Judge, Court Of Criminal Appeals",,DEM,Betsy Johnson,49,20,29
Travis,115,"Place 5, Judge, Court Of Criminal Appeals",,DEM,Betsy Johnson,1,0,1
Travis,116,"Place 5, Judge, Court Of Criminal Appeals",,DEM,Betsy Johnson,1,0,1
Travis,117,"Place 5, Judge, Court Of Criminal Appeals",,DEM,Betsy Johnson,453,204,249
Travis,118,"Place 5, Judge, Court Of Criminal Appeals",,DEM,Betsy Johnson,87,42,45
Travis,119,"Place 5, Judge, Court Of Criminal Appeals",,DEM,Betsy Johnson,0,0,0
Travis,120,"Place 5, Judge, Court Of Criminal Appeals",,DEM,Betsy Johnson,26,16,10
Travis,121,"Place 5, Judge, Court Of Criminal Appeals",,DEM,Betsy Johnson,151,76,75
Travis,122,"Place 5, Judge, Court Of Criminal Appeals",,DEM,Betsy Johnson,649,334,315
Travis,123,"Place 5, Judge, Court Of Criminal Appeals",,DEM,Betsy Johnson,485,172,313
Travis,124,"Place 5, Judge, Court Of Criminal Appeals",,DEM,Betsy Johnson,1101,525,576
Travis,125,"Place 5, Judge, Court Of Criminal Appeals",,DEM,Betsy Johnson,0,0,0
Travis,126,"Place 5, Judge, Court Of Criminal Appeals",,DEM,Betsy Johnson,1221,552,669
Travis,127,"Place 5, Judge, Court Of Criminal Appeals",,DEM,Betsy Johnson,0,0,0
Travis,128,"Place 5, Judge, Court Of Criminal Appeals",,DEM,Betsy Johnson,0,0,0
Travis,129,"Place 5, Judge, Court Of Criminal Appeals",,DEM,Betsy Johnson,576,290,286
Travis,130,"Place 5, Judge, Court Of Criminal Appeals",,DEM,Betsy Johnson,515,200,315
Travis,131,"Place 5, Judge, Court Of Criminal Appeals",,DEM,Betsy Johnson,0,0,0
Travis,132,"Place 5, Judge, Court Of Criminal Appeals",,DEM,Betsy Johnson,619,279,340
Travis,133,"Place 5, Judge, Court Of Criminal Appeals",,DEM,Betsy Johnson,630,235,395
Travis,134,"Place 5, Judge, Court Of Criminal Appeals",,DEM,Betsy Johnson,0,0,0
Travis,135,"Place 5, Judge, Court Of Criminal Appeals",,DEM,Betsy Johnson,1684,731,953
Travis,136,"Place 5, Judge, Court Of Criminal Appeals",,DEM,Betsy Johnson,393,167,226
Travis,137,"Place 5, Judge, Court Of Criminal Appeals",,DEM,Betsy Johnson,885,329,556
Travis,138,"Place 5, Judge, Court Of Criminal Appeals",,DEM,Betsy Johnson,0,0,0
Travis,139,"Place 5, Judge, Court Of Criminal Appeals",,DEM,Betsy Johnson,583,251,332
Travis,140,"Place 5, Judge, Court Of Criminal Appeals",,DEM,Betsy Johnson,305,128,177
Travis,141,"Place 5, Judge, Court Of Criminal Appeals",,DEM,Betsy Johnson,65,21,44
Travis,142,"Place 5, Judge, Court Of Criminal Appeals",,DEM,Betsy Johnson,215,98,117
Travis,145,"Place 5, Judge, Court Of Criminal Appeals",,DEM,Betsy Johnson,394,143,251
Travis,146,"Place 5, Judge, Court Of Criminal Appeals",,DEM,Betsy Johnson,377,187,190
Travis,148,"Place 5, Judge, Court Of Criminal Appeals",,DEM,Betsy Johnson,496,202,294
Travis,149,"Place 5, Judge, Court Of Criminal Appeals",,DEM,Betsy Johnson,422,162,260
Travis,150,"Place 5, Judge, Court Of Criminal Appeals",,DEM,Betsy Johnson,235,95,140
Travis,151,"Place 5, Judge, Court Of Criminal Appeals",,DEM,Betsy Johnson,581,240,341
Travis,152,"Place 5, Judge, Court Of Criminal Appeals",,DEM,Betsy Johnson,1144,507,637
Travis,153,"Place 5, Judge, Court Of Criminal Appeals",,DEM,Betsy Johnson,778,288,490
Travis,154,"Place 5, Judge, Court Of Criminal Appeals",,DEM,Betsy Johnson,473,143,330
Travis,156,"Place 5, Judge, Court Of Criminal Appeals",,DEM,Betsy Johnson,1048,474,574
Travis,160,"Place 5, Judge, Court Of Criminal Appeals",,DEM,Betsy Johnson,267,97,170
Travis,161,"Place 5, Judge, Court Of Criminal Appeals",,DEM,Betsy Johnson,184,72,112
Travis,163,"Place 5, Judge, Court Of Criminal Appeals",,DEM,Betsy Johnson,23,9,14
Travis,164,"Place 5, Judge, Court Of Criminal Appeals",,DEM,Betsy Johnson,269,102,167
Travis,200,"Place 5, Judge, Court Of Criminal Appeals",,DEM,Betsy Johnson,1237,564,673
Travis,202,"Place 5, Judge, Court Of Criminal Appeals",,DEM,Betsy Johnson,910,408,502
Travis,203,"Place 5, Judge, Court Of Criminal Appeals",,DEM,Betsy Johnson,96,30,66
Travis,205,"Place 5, Judge, Court Of Criminal Appeals",,DEM,Betsy Johnson,401,154,247
Travis,206,"Place 5, Judge, Court Of Criminal Appeals",,DEM,Betsy Johnson,280,136,144
Travis,207,"Place 5, Judge, Court Of Criminal Appeals",,DEM,Betsy Johnson,690,277,413
Travis,208,"Place 5, Judge, Court Of Criminal Appeals",,DEM,Betsy Johnson,1506,836,670
Travis,209,"Place 5, Judge, Court Of Criminal Appeals",,DEM,Betsy Johnson,173,81,92
Travis,210,"Place 5, Judge, Court Of Criminal Appeals",,DEM,Betsy Johnson,301,155,146
Travis,211,"Place 5, Judge, Court Of Criminal Appeals",,DEM,Betsy Johnson,340,135,205
Travis,212,"Place 5, Judge, Court Of Criminal Appeals",,DEM,Betsy Johnson,375,198,177
Travis,213,"Place 5, Judge, Court Of Criminal Appeals",,DEM,Betsy Johnson,0,0,0
Travis,214,"Place 5, Judge, Court Of Criminal Appeals",,DEM,Betsy Johnson,508,212,296
Travis,215,"Place 5, Judge, Court Of Criminal Appeals",,DEM,Betsy Johnson,334,119,215
Travis,216,"Place 5, Judge, Court Of Criminal Appeals",,DEM,Betsy Johnson,253,80,173
Travis,217,"Place 5, Judge, Court Of Criminal Appeals",,DEM,Betsy Johnson,365,144,221
Travis,218,"Place 5, Judge, Court Of Criminal Appeals",,DEM,Betsy Johnson,762,307,455
Travis,219,"Place 5, Judge, Court Of Criminal Appeals",,DEM,Betsy Johnson,400,145,255
Travis,220,"Place 5, Judge, Court Of Criminal Appeals",,DEM,Betsy Johnson,326,150,176
Travis,221,"Place 5, Judge, Court Of Criminal Appeals",,DEM,Betsy Johnson,92,41,51
Travis,222,"Place 5, Judge, Court Of Criminal Appeals",,DEM,Betsy Johnson,492,186,306
Travis,223,"Place 5, Judge, Court Of Criminal Appeals",,DEM,Betsy Johnson,103,40,63
Travis,224,"Place 5, Judge, Court Of Criminal Appeals",,DEM,Betsy Johnson,19,9,10
Travis,225,"Place 5, Judge, Court Of Criminal Appeals",,DEM,Betsy Johnson,480,169,311
Travis,226,"Place 5, Judge, Court Of Criminal Appeals",,DEM,Betsy Johnson,289,103,186
Travis,227,"Place 5, Judge, Court Of Criminal Appeals",,DEM,Betsy Johnson,81,34,47
Travis,228,"Place 5, Judge, Court Of Criminal Appeals",,DEM,Betsy Johnson,310,161,149
Travis,229,"Place 5, Judge, Court Of Criminal Appeals",,DEM,Betsy Johnson,388,145,243
Travis,231,"Place 5, Judge, Court Of Criminal Appeals",,DEM,Betsy Johnson,538,236,302
Travis,232,"Place 5, Judge, Court Of Criminal Appeals",,DEM,Betsy Johnson,498,239,259
Travis,233,"Place 5, Judge, Court Of Criminal Appeals",,DEM,Betsy Johnson,395,148,247
Travis,234,"Place 5, Judge, Court Of Criminal Appeals",,DEM,Betsy Johnson,222,99,123
Travis,235,"Place 5, Judge, Court Of Criminal Appeals",,DEM,Betsy Johnson,732,290,442
Travis,236,"Place 5, Judge, Court Of Criminal Appeals",,DEM,Betsy Johnson,858,296,562
Travis,237,"Place 5, Judge, Court Of Criminal Appeals",,DEM,Betsy Johnson,396,171,225
Travis,238,"Place 5, Judge, Court Of Criminal Appeals",,DEM,Betsy Johnson,626,262,364
Travis,239,"Place 5, Judge, Court Of Criminal Appeals",,DEM,Betsy Johnson,650,274,376
Travis,240,"Place 5, Judge, Court Of Criminal Appeals",,DEM,Betsy Johnson,267,85,182
Travis,241,"Place 5, Judge, Court Of Criminal Appeals",,DEM,Betsy Johnson,444,161,283
Travis,242,"Place 5, Judge, Court Of Criminal Appeals",,DEM,Betsy Johnson,1335,588,747
Travis,243,"Place 5, Judge, Court Of Criminal Appeals",,DEM,Betsy Johnson,466,234,232
Travis,244,"Place 5, Judge, Court Of Criminal Appeals",,DEM,Betsy Johnson,374,193,181
Travis,245,"Place 5, Judge, Court Of Criminal Appeals",,DEM,Betsy Johnson,147,52,95
Travis,246,"Place 5, Judge, Court Of Criminal Appeals",,DEM,Betsy Johnson,366,146,220
Travis,247,"Place 5, Judge, Court Of Criminal Appeals",,DEM,Betsy Johnson,148,56,92
Travis,248,"Place 5, Judge, Court Of Criminal Appeals",,DEM,Betsy Johnson,556,240,316
Travis,249,"Place 5, Judge, Court Of Criminal Appeals",,DEM,Betsy Johnson,559,245,314
Travis,250,"Place 5, Judge, Court Of Criminal Appeals",,DEM,Betsy Johnson,1017,432,585
Travis,251,"Place 5, Judge, Court Of Criminal Appeals",,DEM,Betsy Johnson,608,280,328
Travis,252,"Place 5, Judge, Court Of Criminal Appeals",,DEM,Betsy Johnson,592,280,312
Travis,253,"Place 5, Judge, Court Of Criminal Appeals",,DEM,Betsy Johnson,483,236,247
Travis,254,"Place 5, Judge, Court Of Criminal Appeals",,DEM,Betsy Johnson,514,230,284
Travis,256,"Place 5, Judge, Court Of Criminal Appeals",,DEM,Betsy Johnson,305,152,153
Travis,258,"Place 5, Judge, Court Of Criminal Appeals",,DEM,Betsy Johnson,455,206,249
Travis,259,"Place 5, Judge, Court Of Criminal Appeals",,DEM,Betsy Johnson,525,202,323
Travis,260,"Place 5, Judge, Court Of Criminal Appeals",,DEM,Betsy Johnson,154,49,105
Travis,262,"Place 5, Judge, Court Of Criminal Appeals",,DEM,Betsy Johnson,864,418,446
Travis,263,"Place 5, Judge, Court Of Criminal Appeals",,DEM,Betsy Johnson,570,212,358
Travis,266,"Place 5, Judge, Court Of Criminal Appeals",,DEM,Betsy Johnson,76,44,32
Travis,267,"Place 5, Judge, Court Of Criminal Appeals",,DEM,Betsy Johnson,278,147,131
Travis,268,"Place 5, Judge, Court Of Criminal Appeals",,DEM,Betsy Johnson,189,71,118
Travis,273,"Place 5, Judge, Court Of Criminal Appeals",,DEM,Betsy Johnson,723,302,421
Travis,274,"Place 5, Judge, Court Of Criminal Appeals",,DEM,Betsy Johnson,721,323,398
Travis,275,"Place 5, Judge, Court Of Criminal Appeals",,DEM,Betsy Johnson,938,387,551
Travis,277,"Place 5, Judge, Court Of Criminal Appeals",,DEM,Betsy Johnson,906,495,411
Travis,301,"Place 5, Judge, Court Of Criminal Appeals",,DEM,Betsy Johnson,236,92,144
Travis,302,"Place 5, Judge, Court Of Criminal Appeals",,DEM,Betsy Johnson,484,259,225
Travis,303,"Place 5, Judge, Court Of Criminal Appeals",,DEM,Betsy Johnson,410,206,204
Travis,304,"Place 5, Judge, Court Of Criminal Appeals",,DEM,Betsy Johnson,648,285,363
Travis,305,"Place 5, Judge, Court Of Criminal Appeals",,DEM,Betsy Johnson,3,2,1
Travis,306,"Place 5, Judge, Court Of Criminal Appeals",,DEM,Betsy Johnson,267,147,120
Travis,307,"Place 5, Judge, Court Of Criminal Appeals",,DEM,Betsy Johnson,234,112,122
Travis,308,"Place 5, Judge, Court Of Criminal Appeals",,DEM,Betsy Johnson,489,210,279
Travis,309,"Place 5, Judge, Court Of Criminal Appeals",,DEM,Betsy Johnson,434,223,211
Travis,310,"Place 5, Judge, Court Of Criminal Appeals",,DEM,Betsy Johnson,719,334,385
Travis,311,"Place 5, Judge, Court Of Criminal Appeals",,DEM,Betsy Johnson,916,526,390
Travis,312,"Place 5, Judge, Court Of Criminal Appeals",,DEM,Betsy Johnson,236,111,125
Travis,313,"Place 5, Judge, Court Of Criminal Appeals",,DEM,Betsy Johnson,92,35,57
Travis,314,"Place 5, Judge, Court Of Criminal Appeals",,DEM,Betsy Johnson,419,215,204
Travis,315,"Place 5, Judge, Court Of Criminal Appeals",,DEM,Betsy Johnson,665,300,365
Travis,316,"Place 5, Judge, Court Of Criminal Appeals",,DEM,Betsy Johnson,243,104,139
Travis,317,"Place 5, Judge, Court Of Criminal Appeals",,DEM,Betsy Johnson,369,189,180
Travis,318,"Place 5, Judge, Court Of Criminal Appeals",,DEM,Betsy Johnson,91,33,58
Travis,319,"Place 5, Judge, Court Of Criminal Appeals",,DEM,Betsy Johnson,192,99,93
Travis,320,"Place 5, Judge, Court Of Criminal Appeals",,DEM,Betsy Johnson,153,99,54
Travis,321,"Place 5, Judge, Court Of Criminal Appeals",,DEM,Betsy Johnson,129,59,70
Travis,323,"Place 5, Judge, Court Of Criminal Appeals",,DEM,Betsy Johnson,373,165,208
Travis,324,"Place 5, Judge, Court Of Criminal Appeals",,DEM,Betsy Johnson,400,202,198
Travis,325,"Place 5, Judge, Court Of Criminal Appeals",,DEM,Betsy Johnson,14,8,6
Travis,326,"Place 5, Judge, Court Of Criminal Appeals",,DEM,Betsy Johnson,309,131,178
Travis,327,"Place 5, Judge, Court Of Criminal Appeals",,DEM,Betsy Johnson,476,213,263
Travis,328,"Place 5, Judge, Court Of Criminal Appeals",,DEM,Betsy Johnson,700,327,373
Travis,329,"Place 5, Judge, Court Of Criminal Appeals",,DEM,Betsy Johnson,393,202,191
Travis,330,"Place 5, Judge, Court Of Criminal Appeals",,DEM,Betsy Johnson,343,148,195
Travis,331,"Place 5, Judge, Court Of Criminal Appeals",,DEM,Betsy Johnson,481,158,323
Travis,332,"Place 5, Judge, Court Of Criminal Appeals",,DEM,Betsy Johnson,760,273,487
Travis,333,"Place 5, Judge, Court Of Criminal Appeals",,DEM,Betsy Johnson,393,104,289
Travis,334,"Place 5, Judge, Court Of Criminal Appeals",,DEM,Betsy Johnson,304,120,184
Travis,335,"Place 5, Judge, Court Of Criminal Appeals",,DEM,Betsy Johnson,348,153,195
Travis,336,"Place 5, Judge, Court Of Criminal Appeals",,DEM,Betsy Johnson,316,122,194
Travis,337,"Place 5, Judge, Court Of Criminal Appeals",,DEM,Betsy Johnson,574,211,363
Travis,338,"Place 5, Judge, Court Of Criminal Appeals",,DEM,Betsy Johnson,751,290,461
Travis,339,"Place 5, Judge, Court Of Criminal Appeals",,DEM,Betsy Johnson,316,153,163
Travis,340,"Place 5, Judge, Court Of Criminal Appeals",,DEM,Betsy Johnson,527,212,315
Travis,341,"Place 5, Judge, Court Of Criminal Appeals",,DEM,Betsy Johnson,5,0,5
Travis,342,"Place 5, Judge, Court Of Criminal Appeals",,DEM,Betsy Johnson,1198,523,675
Travis,343,"Place 5, Judge, Court Of Criminal Appeals",,DEM,Betsy Johnson,241,87,154
Travis,344,"Place 5, Judge, Court Of Criminal Appeals",,DEM,Betsy Johnson,398,177,221
Travis,345,"Place 5, Judge, Court Of Criminal Appeals",,DEM,Betsy Johnson,1,1,0
Travis,346,"Place 5, Judge, Court Of Criminal Appeals",,DEM,Betsy Johnson,236,144,92
Travis,347,"Place 5, Judge, Court Of Criminal Appeals",,DEM,Betsy Johnson,379,193,186
Travis,349,"Place 5, Judge, Court Of Criminal Appeals",,DEM,Betsy Johnson,776,340,436
Travis,350,"Place 5, Judge, Court Of Criminal Appeals",,DEM,Betsy Johnson,806,376,430
Travis,351,"Place 5, Judge, Court Of Criminal Appeals",,DEM,Betsy Johnson,271,127,144
Travis,352,"Place 5, Judge, Court Of Criminal Appeals",,DEM,Betsy Johnson,700,363,337
Travis,354,"Place 5, Judge, Court Of Criminal Appeals",,DEM,Betsy Johnson,748,433,315
Travis,356,"Place 5, Judge, Court Of Criminal Appeals",,DEM,Betsy Johnson,271,123,148
Travis,357,"Place 5, Judge, Court Of Criminal Appeals",,DEM,Betsy Johnson,91,38,53
Travis,358,"Place 5, Judge, Court Of Criminal Appeals",,DEM,Betsy Johnson,1000,465,535
Travis,359,"Place 5, Judge, Court Of Criminal Appeals",,DEM,Betsy Johnson,486,224,262
Travis,360,"Place 5, Judge, Court Of Criminal Appeals",,DEM,Betsy Johnson,717,312,405
Travis,361,"Place 5, Judge, Court Of Criminal Appeals",,DEM,Betsy Johnson,206,94,112
Travis,362,"Place 5, Judge, Court Of Criminal Appeals",,DEM,Betsy Johnson,622,318,304
Travis,363,"Place 5, Judge, Court Of Criminal Appeals",,DEM,Betsy Johnson,283,137,146
Travis,364,"Place 5, Judge, Court Of Criminal Appeals",,DEM,Betsy Johnson,538,310,228
Travis,365,"Place 5, Judge, Court Of Criminal Appeals",,DEM,Betsy Johnson,295,118,177
Travis,366,"Place 5, Judge, Court Of Criminal Appeals",,DEM,Betsy Johnson,866,403,463
Travis,367,"Place 5, Judge, Court Of Criminal Appeals",,DEM,Betsy Johnson,814,361,453
Travis,368,"Place 5, Judge, Court Of Criminal Appeals",,DEM,Betsy Johnson,24,13,11
Travis,369,"Place 5, Judge, Court Of Criminal Appeals",,DEM,Betsy Johnson,172,53,119
Travis,370,"Place 5, Judge, Court Of Criminal Appeals",,DEM,Betsy Johnson,130,18,112
Travis,371,"Place 5, Judge, Court Of Criminal Appeals",,DEM,Betsy Johnson,213,88,125
Travis,372,"Place 5, Judge, Court Of Criminal Appeals",,DEM,Betsy Johnson,153,50,103
Travis,373,"Place 5, Judge, Court Of Criminal Appeals",,DEM,Betsy Johnson,348,135,213
Travis,374,"Place 5, Judge, Court Of Criminal Appeals",,DEM,Betsy Johnson,429,156,273
Travis,375,"Place 5, Judge, Court Of Criminal Appeals",,DEM,Betsy Johnson,82,28,54
Travis,401,"Place 5, Judge, Court Of Criminal Appeals",,DEM,Betsy Johnson,328,152,176
Travis,402,"Place 5, Judge, Court Of Criminal Appeals",,DEM,Betsy Johnson,421,180,241
Travis,403,"Place 5, Judge, Court Of Criminal Appeals",,DEM,Betsy Johnson,164,57,107
Travis,404,"Place 5, Judge, Court Of Criminal Appeals",,DEM,Betsy Johnson,421,163,258
Travis,405,"Place 5, Judge, Court Of Criminal Appeals",,DEM,Betsy Johnson,86,34,52
Travis,406,"Place 5, Judge, Court Of Criminal Appeals",,DEM,Betsy Johnson,396,232,164
Travis,407,"Place 5, Judge, Court Of Criminal Appeals",,DEM,Betsy Johnson,290,121,169
Travis,408,"Place 5, Judge, Court Of Criminal Appeals",,DEM,Betsy Johnson,528,204,324
Travis,409,"Place 5, Judge, Court Of Criminal Appeals",,DEM,Betsy Johnson,528,226,302
Travis,410,"Place 5, Judge, Court Of Criminal Appeals",,DEM,Betsy Johnson,582,280,302
Travis,411,"Place 5, Judge, Court Of Criminal Appeals",,DEM,Betsy Johnson,309,132,177
Travis,412,"Place 5, Judge, Court Of Criminal Appeals",,DEM,Betsy Johnson,26,15,11
Travis,413,"Place 5, Judge, Court Of Criminal Appeals",,DEM,Betsy Johnson,167,69,98
Travis,414,"Place 5, Judge, Court Of Criminal Appeals",,DEM,Betsy Johnson,613,263,350
Travis,415,"Place 5, Judge, Court Of Criminal Appeals",,DEM,Betsy Johnson,235,87,148
Travis,416,"Place 5, Judge, Court Of Criminal Appeals",,DEM,Betsy Johnson,23,10,13
Travis,417,"Place 5, Judge, Court Of Criminal Appeals",,DEM,Betsy Johnson,267,134,133
Travis,418,"Place 5, Judge, Court Of Criminal Appeals",,DEM,Betsy Johnson,0,0,0
Travis,419,"Place 5, Judge, Court Of Criminal Appeals",,DEM,Betsy Johnson,89,54,35
Travis,420,"Place 5, Judge, Court Of Criminal Appeals",,DEM,Betsy Johnson,548,234,314
Travis,421,"Place 5, Judge, Court Of Criminal Appeals",,DEM,Betsy Johnson,584,235,349
Travis,422,"Place 5, Judge, Court Of Criminal Appeals",,DEM,Betsy Johnson,568,250,318
Travis,423,"Place 5, Judge, Court Of Criminal Appeals",,DEM,Betsy Johnson,570,233,337
Travis,424,"Place 5, Judge, Court Of Criminal Appeals",,DEM,Betsy Johnson,554,221,333
Travis,425,"Place 5, Judge, Court Of Criminal Appeals",,DEM,Betsy Johnson,185,82,103
Travis,426,"Place 5, Judge, Court Of Criminal Appeals",,DEM,Betsy Johnson,598,271,327
Travis,427,"Place 5, Judge, Court Of Criminal Appeals",,DEM,Betsy Johnson,438,208,230
Travis,428,"Place 5, Judge, Court Of Criminal Appeals",,DEM,Betsy Johnson,215,100,115
Travis,429,"Place 5, Judge, Court Of Criminal Appeals",,DEM,Betsy Johnson,1215,538,677
Travis,430,"Place 5, Judge, Court Of Criminal Appeals",,DEM,Betsy Johnson,299,119,180
Travis,431,"Place 5, Judge, Court Of Criminal Appeals",,DEM,Betsy Johnson,1091,448,643
Travis,432,"Place 5, Judge, Court Of Criminal Appeals",,DEM,Betsy Johnson,1,1,0
Travis,433,"Place 5, Judge, Court Of Criminal Appeals",,DEM,Betsy Johnson,619,296,323
Travis,434,"Place 5, Judge, Court Of Criminal Appeals",,DEM,Betsy Johnson,2,1,1
Travis,435,"Place 5, Judge, Court Of Criminal Appeals",,DEM,Betsy Johnson,1002,441,561
Travis,436,"Place 5, Judge, Court Of Criminal Appeals",,DEM,Betsy Johnson,65,28,37
Travis,437,"Place 5, Judge, Court Of Criminal Appeals",,DEM,Betsy Johnson,544,207,337
Travis,438,"Place 5, Judge, Court Of Criminal Appeals",,DEM,Betsy Johnson,324,146,178
Travis,439,"Place 5, Judge, Court Of Criminal Appeals",,DEM,Betsy Johnson,616,254,362
Travis,440,"Place 5, Judge, Court Of Criminal Appeals",,DEM,Betsy Johnson,208,101,107
Travis,441,"Place 5, Judge, Court Of Criminal Appeals",,DEM,Betsy Johnson,811,389,422
Travis,442,"Place 5, Judge, Court Of Criminal Appeals",,DEM,Betsy Johnson,314,123,191
Travis,443,"Place 5, Judge, Court Of Criminal Appeals",,DEM,Betsy Johnson,457,198,259
Travis,444,"Place 5, Judge, Court Of Criminal Appeals",,DEM,Betsy Johnson,25,11,14
Travis,446,"Place 5, Judge, Court Of Criminal Appeals",,DEM,Betsy Johnson,259,105,154
Travis,447,"Place 5, Judge, Court Of Criminal Appeals",,DEM,Betsy Johnson,752,311,441
Travis,448,"Place 5, Judge, Court Of Criminal Appeals",,DEM,Betsy Johnson,393,163,230
Travis,450,"Place 5, Judge, Court Of Criminal Appeals",,DEM,Betsy Johnson,636,273,363
Travis,451,"Place 5, Judge, Court Of Criminal Appeals",,DEM,Betsy Johnson,632,262,370
Travis,452,"Place 5, Judge, Court Of Criminal Appeals",,DEM,Betsy Johnson,303,126,177
Travis,454,"Place 5, Judge, Court Of Criminal Appeals",,DEM,Betsy Johnson,471,245,226
Travis,458,"Place 5, Judge, Court Of Criminal Appeals",,DEM,Betsy Johnson,670,343,327
Travis,460,"Place 5, Judge, Court Of Criminal Appeals",,DEM,Betsy Johnson,798,394,404
Travis,461,"Place 5, Judge, Court Of Criminal Appeals",,DEM,Betsy Johnson,874,380,494
Travis,463,"Place 5, Judge, Court Of Criminal Appeals",,DEM,Betsy Johnson,662,268,394
Travis,149,State Representative,49,DEM,Blake Rocap,26,7,19
Travis,200,State Representative,49,DEM,Blake Rocap,53,17,36
Travis,202,State Representative,49,DEM,Blake Rocap,43,22,21
Travis,206,State Representative,49,DEM,Blake Rocap,4,1,3
Travis,208,State Representative,49,DEM,Blake Rocap,17,14,3
Travis,209,State Representative,49,DEM,Blake Rocap,9,5,4
Travis,214,State Representative,49,DEM,Blake Rocap,13,4,9
Travis,218,State Representative,49,DEM,Blake Rocap,26,15,11
Travis,222,State Representative,49,DEM,Blake Rocap,25,9,16
Travis,228,State Representative,49,DEM,Blake Rocap,8,6,2
Travis,235,State Representative,49,DEM,Blake Rocap,35,8,27
Travis,236,State Representative,49,DEM,Blake Rocap,26,13,13
Travis,239,State Representative,49,DEM,Blake Rocap,23,17,6
Travis,240,State Representative,49,DEM,Blake Rocap,23,13,10
Travis,241,State Representative,49,DEM,Blake Rocap,48,9,39
Travis,242,State Representative,49,DEM,Blake Rocap,117,29,88
Travis,243,State Representative,49,DEM,Blake Rocap,15,8,7
Travis,248,State Representative,49,DEM,Blake Rocap,18,5,13
Travis,250,State Representative,49,DEM,Blake Rocap,43,16,27
Travis,252,State Representative,49,DEM,Blake Rocap,41,19,22
Travis,258,State Representative,49,DEM,Blake Rocap,15,8,7
Travis,260,State Representative,49,DEM,Blake Rocap,3,3,0
Travis,267,State Representative,49,DEM,Blake Rocap,13,8,5
Travis,268,State Representative,49,DEM,Blake Rocap,14,5,9
Travis,273,State Representative,49,DEM,Blake Rocap,31,17,14
Travis,274,State Representative,49,DEM,Blake Rocap,20,6,14
Travis,275,State Representative,49,DEM,Blake Rocap,23,10,13
Travis,277,State Representative,49,DEM,Blake Rocap,12,9,3
Travis,305,State Representative,49,DEM,Blake Rocap,0,0,0
Travis,311,State Representative,49,DEM,Blake Rocap,20,13,7
Travis,313,State Representative,49,DEM,Blake Rocap,3,0,3
Travis,323,State Representative,49,DEM,Blake Rocap,15,7,8
Travis,325,State Representative,49,DEM,Blake Rocap,1,0,1
Travis,329,State Representative,49,DEM,Blake Rocap,16,7,9
Travis,332,State Representative,49,DEM,Blake Rocap,32,8,24
Travis,340,State Representative,49,DEM,Blake Rocap,28,12,16
Travis,342,State Representative,49,DEM,Blake Rocap,33,17,16
Travis,345,State Representative,49,DEM,Blake Rocap,0,0,0
Travis,409,State Representative,49,DEM,Blake Rocap,12,7,5
Travis,425,State Representative,49,DEM,Blake Rocap,2,2,0
Travis,430,State Representative,49,DEM,Blake Rocap,5,1,4
Travis,446,State Representative,49,DEM,Blake Rocap,3,3,0
Travis,454,State Representative,49,DEM,Blake Rocap,5,2,3
Travis,460,State Representative,49,DEM,Blake Rocap,32,11,21
Travis,461,State Representative,49,DEM,Blake Rocap,34,15,19
Travis,101,"District Judge, 450th Judicial District",,DEM,Brad Urrutia,331,116,215
Travis,102,"District Judge, 450th Judicial District",,DEM,Brad Urrutia,83,34,49
Travis,103,"District Judge, 450th Judicial District",,DEM,Brad Urrutia,149,59,90
Travis,104,"District Judge, 450th Judicial District",,DEM,Brad Urrutia,97,38,59
Travis,105,"District Judge, 450th Judicial District",,DEM,Brad Urrutia,379,174,205
Travis,106,"District Judge, 450th Judicial District",,DEM,Brad Urrutia,118,45,73
Travis,107,"District Judge, 450th Judicial District",,DEM,Brad Urrutia,20,8,12
Travis,108,"District Judge, 450th Judicial District",,DEM,Brad Urrutia,144,49,95
Travis,109,"District Judge, 450th Judicial District",,DEM,Brad Urrutia,161,61,100
Travis,110,"District Judge, 450th Judicial District",,DEM,Brad Urrutia,272,115,157
Travis,111,"District Judge, 450th Judicial District",,DEM,Brad Urrutia,271,103,168
Travis,112,"District Judge, 450th Judicial District",,DEM,Brad Urrutia,80,30,50
Travis,113,"District Judge, 450th Judicial District",,DEM,Brad Urrutia,334,132,202
Travis,114,"District Judge, 450th Judicial District",,DEM,Brad Urrutia,21,10,11
Travis,115,"District Judge, 450th Judicial District",,DEM,Brad Urrutia,1,0,1
Travis,116,"District Judge, 450th Judicial District",,DEM,Brad Urrutia,1,0,1
Travis,117,"District Judge, 450th Judicial District",,DEM,Brad Urrutia,189,91,98
Travis,118,"District Judge, 450th Judicial District",,DEM,Brad Urrutia,34,16,18
Travis,119,"District Judge, 450th Judicial District",,DEM,Brad Urrutia,0,0,0
Travis,120,"District Judge, 450th Judicial District",,DEM,Brad Urrutia,13,9,4
Travis,121,"District Judge, 450th Judicial District",,DEM,Brad Urrutia,59,26,33
Travis,122,"District Judge, 450th Judicial District",,DEM,Brad Urrutia,289,153,136
Travis,123,"District Judge, 450th Judicial District",,DEM,Brad Urrutia,211,81,130
Travis,124,"District Judge, 450th Judicial District",,DEM,Brad Urrutia,652,338,314
Travis,125,"District Judge, 450th Judicial District",,DEM,Brad Urrutia,0,0,0
Travis,126,"District Judge, 450th Judicial District",,DEM,Brad Urrutia,631,280,351
Travis,127,"District Judge, 450th Judicial District",,DEM,Brad Urrutia,0,0,0
Travis,128,"District Judge, 450th Judicial District",,DEM,Brad Urrutia,0,0,0
Travis,129,"District Judge, 450th Judicial District",,DEM,Brad Urrutia,262,128,134
Travis,130,"District Judge, 450th Judicial District",,DEM,Brad Urrutia,318,122,196
Travis,131,"District Judge, 450th Judicial District",,DEM,Brad Urrutia,0,0,0
Travis,132,"District Judge, 450th Judicial District",,DEM,Brad Urrutia,322,139,183
Travis,133,"District Judge, 450th Judicial District",,DEM,Brad Urrutia,368,146,222
Travis,134,"District Judge, 450th Judicial District",,DEM,Brad Urrutia,0,0,0
Travis,135,"District Judge, 450th Judicial District",,DEM,Brad Urrutia,1175,527,648
Travis,136,"District Judge, 450th Judicial District",,DEM,Brad Urrutia,194,94,100
Travis,137,"District Judge, 450th Judicial District",,DEM,Brad Urrutia,355,152,203
Travis,138,"District Judge, 450th Judicial District",,DEM,Brad Urrutia,0,0,0
Travis,139,"District Judge, 450th Judicial District",,DEM,Brad Urrutia,266,117,149
Travis,140,"District Judge, 450th Judicial District",,DEM,Brad Urrutia,149,66,83
Travis,141,"District Judge, 450th Judicial District",,DEM,Brad Urrutia,26,7,19
Travis,142,"District Judge, 450th Judicial District",,DEM,Brad Urrutia,114,56,58
Travis,145,"District Judge, 450th Judicial District",,DEM,Brad Urrutia,156,65,91
Travis,146,"District Judge, 450th Judicial District",,DEM,Brad Urrutia,174,86,88
Travis,148,"District Judge, 450th Judicial District",,DEM,Brad Urrutia,182,72,110
Travis,149,"District Judge, 450th Judicial District",,DEM,Brad Urrutia,267,113,154
Travis,150,"District Judge, 450th Judicial District",,DEM,Brad Urrutia,119,50,69
Travis,151,"District Judge, 450th Judicial District",,DEM,Brad Urrutia,322,138,184
Travis,152,"District Judge, 450th Judicial District",,DEM,Brad Urrutia,763,317,446
Travis,153,"District Judge, 450th Judicial District",,DEM,Brad Urrutia,338,129,209
Travis,154,"District Judge, 450th Judicial District",,DEM,Brad Urrutia,189,56,133
Travis,156,"District Judge, 450th Judicial District",,DEM,Brad Urrutia,560,259,301
Travis,160,"District Judge, 450th Judicial District",,DEM,Brad Urrutia,97,37,60
Travis,161,"District Judge, 450th Judicial District",,DEM,Brad Urrutia,77,33,44
Travis,163,"District Judge, 450th Judicial District",,DEM,Brad Urrutia,12,5,7
Travis,164,"District Judge, 450th Judicial District",,DEM,Brad Urrutia,114,47,67
Travis,200,"District Judge, 450th Judicial District",,DEM,Brad Urrutia,836,391,445
Travis,202,"District Judge, 450th Judicial District",,DEM,Brad Urrutia,569,261,308
Travis,203,"District Judge, 450th Judicial District",,DEM,Brad Urrutia,43,16,27
Travis,205,"District Judge, 450th Judicial District",,DEM,Brad Urrutia,169,74,95
Travis,206,"District Judge, 450th Judicial District",,DEM,Brad Urrutia,134,61,73
Travis,207,"District Judge, 450th Judicial District",,DEM,Brad Urrutia,325,130,195
Travis,208,"District Judge, 450th Judicial District",,DEM,Brad Urrutia,657,299,358
Travis,209,"District Judge, 450th Judicial District",,DEM,Brad Urrutia,77,40,37
Travis,210,"District Judge, 450th Judicial District",,DEM,Brad Urrutia,225,125,100
Travis,211,"District Judge, 450th Judicial District",,DEM,Brad Urrutia,187,78,109
Travis,212,"District Judge, 450th Judicial District",,DEM,Brad Urrutia,208,120,88
Travis,213,"District Judge, 450th Judicial District",,DEM,Brad Urrutia,0,0,0
Travis,214,"District Judge, 450th Judicial District",,DEM,Brad Urrutia,339,162,177
Travis,215,"District Judge, 450th Judicial District",,DEM,Brad Urrutia,123,50,73
Travis,216,"District Judge, 450th Judicial District",,DEM,Brad Urrutia,98,31,67
Travis,217,"District Judge, 450th Judicial District",,DEM,Brad Urrutia,195,76,119
Travis,218,"District Judge, 450th Judicial District",,DEM,Brad Urrutia,348,169,179
Travis,219,"District Judge, 450th Judicial District",,DEM,Brad Urrutia,148,66,82
Travis,220,"District Judge, 450th Judicial District",,DEM,Brad Urrutia,202,106,96
Travis,221,"District Judge, 450th Judicial District",,DEM,Brad Urrutia,34,14,20
Travis,222,"District Judge, 450th Judicial District",,DEM,Brad Urrutia,256,92,164
Travis,223,"District Judge, 450th Judicial District",,DEM,Brad Urrutia,63,24,39
Travis,224,"District Judge, 450th Judicial District",,DEM,Brad Urrutia,8,4,4
Travis,225,"District Judge, 450th Judicial District",,DEM,Brad Urrutia,194,69,125
Travis,226,"District Judge, 450th Judicial District",,DEM,Brad Urrutia,120,44,76
Travis,227,"District Judge, 450th Judicial District",,DEM,Brad Urrutia,37,17,20
Travis,228,"District Judge, 450th Judicial District",,DEM,Brad Urrutia,161,94,67
Travis,229,"District Judge, 450th Judicial District",,DEM,Brad Urrutia,178,70,108
Travis,231,"District Judge, 450th Judicial District",,DEM,Brad Urrutia,325,154,171
Travis,232,"District Judge, 450th Judicial District",,DEM,Brad Urrutia,205,106,99
Travis,233,"District Judge, 450th Judicial District",,DEM,Brad Urrutia,181,71,110
Travis,234,"District Judge, 450th Judicial District",,DEM,Brad Urrutia,117,55,62
Travis,235,"District Judge, 450th Judicial District",,DEM,Brad Urrutia,406,167,239
Travis,236,"District Judge, 450th Judicial District",,DEM,Brad Urrutia,598,211,387
Travis,237,"District Judge, 450th Judicial District",,DEM,Brad Urrutia,299,145,154
Travis,238,"District Judge, 450th Judicial District",,DEM,Brad Urrutia,356,152,204
Travis,239,"District Judge, 450th Judicial District",,DEM,Brad Urrutia,522,225,297
Travis,240,"District Judge, 450th Judicial District",,DEM,Brad Urrutia,168,54,114
Travis,241,"District Judge, 450th Judicial District",,DEM,Brad Urrutia,350,126,224
Travis,242,"District Judge, 450th Judicial District",,DEM,Brad Urrutia,978,442,536
Travis,243,"District Judge, 450th Judicial District",,DEM,Brad Urrutia,283,139,144
Travis,244,"District Judge, 450th Judicial District",,DEM,Brad Urrutia,172,85,87
Travis,245,"District Judge, 450th Judicial District",,DEM,Brad Urrutia,62,23,39
Travis,246,"District Judge, 450th Judicial District",,DEM,Brad Urrutia,208,80,128
Travis,247,"District Judge, 450th Judicial District",,DEM,Brad Urrutia,90,41,49
Travis,248,"District Judge, 450th Judicial District",,DEM,Brad Urrutia,337,156,181
Travis,249,"District Judge, 450th Judicial District",,DEM,Brad Urrutia,346,170,176
Travis,250,"District Judge, 450th Judicial District",,DEM,Brad Urrutia,781,348,433
Travis,251,"District Judge, 450th Judicial District",,DEM,Brad Urrutia,365,179,186
Travis,252,"District Judge, 450th Judicial District",,DEM,Brad Urrutia,320,158,162
Travis,253,"District Judge, 450th Judicial District",,DEM,Brad Urrutia,314,177,137
Travis,254,"District Judge, 450th Judicial District",,DEM,Brad Urrutia,277,119,158
Travis,256,"District Judge, 450th Judicial District",,DEM,Brad Urrutia,218,126,92
Travis,258,"District Judge, 450th Judicial District",,DEM,Brad Urrutia,238,133,105
Travis,259,"District Judge, 450th Judicial District",,DEM,Brad Urrutia,257,106,151
Travis,260,"District Judge, 450th Judicial District",,DEM,Brad Urrutia,81,22,59
Travis,262,"District Judge, 450th Judicial District",,DEM,Brad Urrutia,454,243,211
Travis,263,"District Judge, 450th Judicial District",,DEM,Brad Urrutia,291,114,177
Travis,266,"District Judge, 450th Judicial District",,DEM,Brad Urrutia,64,37,27
Travis,267,"District Judge, 450th Judicial District",,DEM,Brad Urrutia,153,85,68
Travis,268,"District Judge, 450th Judicial District",,DEM,Brad Urrutia,104,41,63
Travis,273,"District Judge, 450th Judicial District",,DEM,Brad Urrutia,515,230,285
Travis,274,"District Judge, 450th Judicial District",,DEM,Brad Urrutia,391,167,224
Travis,275,"District Judge, 450th Judicial District",,DEM,Brad Urrutia,570,241,329
Travis,277,"District Judge, 450th Judicial District",,DEM,Brad Urrutia,465,219,246
Travis,301,"District Judge, 450th Judicial District",,DEM,Brad Urrutia,128,56,72
Travis,302,"District Judge, 450th Judicial District",,DEM,Brad Urrutia,277,142,135
Travis,303,"District Judge, 450th Judicial District",,DEM,Brad Urrutia,222,120,102
Travis,304,"District Judge, 450th Judicial District",,DEM,Brad Urrutia,325,147,178
Travis,305,"District Judge, 450th Judicial District",,DEM,Brad Urrutia,1,1,0
Travis,306,"District Judge, 450th Judicial District",,DEM,Brad Urrutia,115,66,49
Travis,307,"District Judge, 450th Judicial District",,DEM,Brad Urrutia,131,65,66
Travis,308,"District Judge, 450th Judicial District",,DEM,Brad Urrutia,210,84,126
Travis,309,"District Judge, 450th Judicial District",,DEM,Brad Urrutia,234,119,115
Travis,310,"District Judge, 450th Judicial District",,DEM,Brad Urrutia,430,209,221
Travis,311,"District Judge, 450th Judicial District",,DEM,Brad Urrutia,481,255,226
Travis,312,"District Judge, 450th Judicial District",,DEM,Brad Urrutia,113,64,49
Travis,313,"District Judge, 450th Judicial District",,DEM,Brad Urrutia,57,20,37
Travis,314,"District Judge, 450th Judicial District",,DEM,Brad Urrutia,238,120,118
Travis,315,"District Judge, 450th Judicial District",,DEM,Brad Urrutia,453,200,253
Travis,316,"District Judge, 450th Judicial District",,DEM,Brad Urrutia,101,39,62
Travis,317,"District Judge, 450th Judicial District",,DEM,Brad Urrutia,205,109,96
Travis,318,"District Judge, 450th Judicial District",,DEM,Brad Urrutia,35,13,22
Travis,319,"District Judge, 450th Judicial District",,DEM,Brad Urrutia,94,46,48
Travis,320,"District Judge, 450th Judicial District",,DEM,Brad Urrutia,71,43,28
Travis,321,"District Judge, 450th Judicial District",,DEM,Brad Urrutia,60,29,31
Travis,323,"District Judge, 450th Judicial District",,DEM,Brad Urrutia,188,81,107
Travis,324,"District Judge, 450th Judicial District",,DEM,Brad Urrutia,156,88,68
Travis,325,"District Judge, 450th Judicial District",,DEM,Brad Urrutia,5,1,4
Travis,326,"District Judge, 450th Judicial District",,DEM,Brad Urrutia,139,63,76
Travis,327,"District Judge, 450th Judicial District",,DEM,Brad Urrutia,303,143,160
Travis,328,"District Judge, 450th Judicial District",,DEM,Brad Urrutia,337,172,165
Travis,329,"District Judge, 450th Judicial District",,DEM,Brad Urrutia,251,132,119
Travis,330,"District Judge, 450th Judicial District",,DEM,Brad Urrutia,176,83,93
Travis,331,"District Judge, 450th Judicial District",,DEM,Brad Urrutia,261,91,170
Travis,332,"District Judge, 450th Judicial District",,DEM,Brad Urrutia,564,201,363
Travis,333,"District Judge, 450th Judicial District",,DEM,Brad Urrutia,202,62,140
Travis,334,"District Judge, 450th Judicial District",,DEM,Brad Urrutia,145,63,82
Travis,335,"District Judge, 450th Judicial District",,DEM,Brad Urrutia,167,72,95
Travis,336,"District Judge, 450th Judicial District",,DEM,Brad Urrutia,160,66,94
Travis,337,"District Judge, 450th Judicial District",,DEM,Brad Urrutia,318,122,196
Travis,338,"District Judge, 450th Judicial District",,DEM,Brad Urrutia,398,154,244
Travis,339,"District Judge, 450th Judicial District",,DEM,Brad Urrutia,184,96,88
Travis,340,"District Judge, 450th Judicial District",,DEM,Brad Urrutia,300,121,179
Travis,341,"District Judge, 450th Judicial District",,DEM,Brad Urrutia,3,0,3
Travis,342,"District Judge, 450th Judicial District",,DEM,Brad Urrutia,863,380,483
Travis,343,"District Judge, 450th Judicial District",,DEM,Brad Urrutia,94,38,56
Travis,344,"District Judge, 450th Judicial District",,DEM,Brad Urrutia,259,126,133
Travis,345,"District Judge, 450th Judicial District",,DEM,Brad Urrutia,0,0,0
Travis,346,"District Judge, 450th Judicial District",,DEM,Brad Urrutia,97,67,30
Travis,347,"District Judge, 450th Judicial District",,DEM,Brad Urrutia,221,113,108
Travis,349,"District Judge, 450th Judicial District",,DEM,Brad Urrutia,436,210,226
Travis,350,"District Judge, 450th Judicial District",,DEM,Brad Urrutia,447,230,217
Travis,351,"District Judge, 450th Judicial District",,DEM,Brad Urrutia,141,69,72
Travis,352,"District Judge, 450th Judicial District",,DEM,Brad Urrutia,402,214,188
Travis,354,"District Judge, 450th Judicial District",,DEM,Brad Urrutia,481,297,184
Travis,356,"District Judge, 450th Judicial District",,DEM,Brad Urrutia,149,71,78
Travis,357,"District Judge, 450th Judicial District",,DEM,Brad Urrutia,46,22,24
Travis,358,"District Judge, 450th Judicial District",,DEM,Brad Urrutia,582,297,285
Travis,359,"District Judge, 450th Judicial District",,DEM,Brad Urrutia,193,89,104
Travis,360,"District Judge, 450th Judicial District",,DEM,Brad Urrutia,394,189,205
Travis,361,"District Judge, 450th Judicial District",,DEM,Brad Urrutia,91,45,46
Travis,362,"District Judge, 450th Judicial District",,DEM,Brad Urrutia,348,190,158
Travis,363,"District Judge, 450th Judicial District",,DEM,Brad Urrutia,167,85,82
Travis,364,"District Judge, 450th Judicial District",,DEM,Brad Urrutia,325,199,126
Travis,365,"District Judge, 450th Judicial District",,DEM,Brad Urrutia,165,76,89
Travis,366,"District Judge, 450th Judicial District",,DEM,Brad Urrutia,435,204,231
Travis,367,"District Judge, 450th Judicial District",,DEM,Brad Urrutia,358,186,172
Travis,368,"District Judge, 450th Judicial District",,DEM,Brad Urrutia,7,4,3
Travis,369,"District Judge, 450th Judicial District",,DEM,Brad Urrutia,74,25,49
Travis,370,"District Judge, 450th Judicial District",,DEM,Brad Urrutia,48,6,42
Travis,371,"District Judge, 450th Judicial District",,DEM,Brad Urrutia,73,22,51
Travis,372,"District Judge, 450th Judicial District",,DEM,Brad Urrutia,66,25,41
Travis,373,"District Judge, 450th Judicial District",,DEM,Brad Urrutia,118,52,66
Travis,374,"District Judge, 450th Judicial District",,DEM,Brad Urrutia,189,82,107
Travis,375,"District Judge, 450th Judicial District",,DEM,Brad Urrutia,49,19,30
Travis,401,"District Judge, 450th Judicial District",,DEM,Brad Urrutia,162,77,85
Travis,402,"District Judge, 450th Judicial District",,DEM,Brad Urrutia,206,91,115
Travis,403,"District Judge, 450th Judicial District",,DEM,Brad Urrutia,86,25,61
Travis,404,"District Judge, 450th Judicial District",,DEM,Brad Urrutia,205,76,129
Travis,405,"District Judge, 450th Judicial District",,DEM,Brad Urrutia,44,21,23
Travis,406,"District Judge, 450th Judicial District",,DEM,Brad Urrutia,248,161,87
Travis,407,"District Judge, 450th Judicial District",,DEM,Brad Urrutia,164,68,96
Travis,408,"District Judge, 450th Judicial District",,DEM,Brad Urrutia,305,123,182
Travis,409,"District Judge, 450th Judicial District",,DEM,Brad Urrutia,327,148,179
Travis,410,"District Judge, 450th Judicial District",,DEM,Brad Urrutia,311,149,162
Travis,411,"District Judge, 450th Judicial District",,DEM,Brad Urrutia,158,72,86
Travis,412,"District Judge, 450th Judicial District",,DEM,Brad Urrutia,12,8,4
Travis,413,"District Judge, 450th Judicial District",,DEM,Brad Urrutia,70,24,46
Travis,414,"District Judge, 450th Judicial District",,DEM,Brad Urrutia,312,121,191
Travis,415,"District Judge, 450th Judicial District",,DEM,Brad Urrutia,133,56,77
Travis,416,"District Judge, 450th Judicial District",,DEM,Brad Urrutia,10,6,4
Travis,417,"District Judge, 450th Judicial District",,DEM,Brad Urrutia,157,85,72
Travis,418,"District Judge, 450th Judicial District",,DEM,Brad Urrutia,0,0,0
Travis,419,"District Judge, 450th Judicial District",,DEM,Brad Urrutia,55,34,21
Travis,420,"District Judge, 450th Judicial District",,DEM,Brad Urrutia,310,136,174
Travis,421,"District Judge, 450th Judicial District",,DEM,Brad Urrutia,420,171,249
Travis,422,"District Judge, 450th Judicial District",,DEM,Brad Urrutia,407,190,217
Travis,423,"District Judge, 450th Judicial District",,DEM,Brad Urrutia,327,141,186
Travis,424,"District Judge, 450th Judicial District",,DEM,Brad Urrutia,418,182,236
Travis,425,"District Judge, 450th Judicial District",,DEM,Brad Urrutia,112,44,68
Travis,426,"District Judge, 450th Judicial District",,DEM,Brad Urrutia,428,213,215
Travis,427,"District Judge, 450th Judicial District",,DEM,Brad Urrutia,277,131,146
Travis,428,"District Judge, 450th Judicial District",,DEM,Brad Urrutia,126,62,64
Travis,429,"District Judge, 450th Judicial District",,DEM,Brad Urrutia,618,279,339
Travis,430,"District Judge, 450th Judicial District",,DEM,Brad Urrutia,154,68,86
Travis,431,"District Judge, 450th Judicial District",,DEM,Brad Urrutia,575,246,329
Travis,432,"District Judge, 450th Judicial District",,DEM,Brad Urrutia,1,1,0
Travis,433,"District Judge, 450th Judicial District",,DEM,Brad Urrutia,367,180,187
Travis,434,"District Judge, 450th Judicial District",,DEM,Brad Urrutia,1,0,1
Travis,435,"District Judge, 450th Judicial District",,DEM,Brad Urrutia,550,267,283
Travis,436,"District Judge, 450th Judicial District",,DEM,Brad Urrutia,40,15,25
Travis,437,"District Judge, 450th Judicial District",,DEM,Brad Urrutia,396,163,233
Travis,438,"District Judge, 450th Judicial District",,DEM,Brad Urrutia,241,107,134
Travis,439,"District Judge, 450th Judicial District",,DEM,Brad Urrutia,427,193,234
Travis,440,"District Judge, 450th Judicial District",,DEM,Brad Urrutia,106,55,51
Travis,441,"District Judge, 450th Judicial District",,DEM,Brad Urrutia,458,223,235
Travis,442,"District Judge, 450th Judicial District",,DEM,Brad Urrutia,158,64,94
Travis,443,"District Judge, 450th Judicial District",,DEM,Brad Urrutia,259,122,137
Travis,444,"District Judge, 450th Judicial District",,DEM,Brad Urrutia,9,2,7
Travis,446,"District Judge, 450th Judicial District",,DEM,Brad Urrutia,159,63,96
Travis,447,"District Judge, 450th Judicial District",,DEM,Brad Urrutia,422,171,251
Travis,448,"District Judge, 450th Judicial District",,DEM,Brad Urrutia,204,83,121
Travis,450,"District Judge, 450th Judicial District",,DEM,Brad Urrutia,319,130,189
Travis,451,"District Judge, 450th Judicial District",,DEM,Brad Urrutia,317,136,181
Travis,452,"District Judge, 450th Judicial District",,DEM,Brad Urrutia,171,72,99
Travis,454,"District Judge, 450th Judicial District",,DEM,Brad Urrutia,295,163,132
Travis,458,"District Judge, 450th Judicial District",,DEM,Brad Urrutia,351,181,170
Travis,460,"District Judge, 450th Judicial District",,DEM,Brad Urrutia,526,264,262
Travis,461,"District Judge, 450th Judicial District",,DEM,Brad Urrutia,483,231,252
Travis,463,"District Judge, 450th Judicial District",,DEM,Brad Urrutia,371,159,212
Travis,101,Tax Assessor-collector,,DEM,Bruce Elfant,807,279,528
Travis,102,Tax Assessor-collector,,DEM,Bruce Elfant,177,60,117
Travis,103,Tax Assessor-collector,,DEM,Bruce Elfant,274,107,167
Travis,104,Tax Assessor-collector,,DEM,Bruce Elfant,218,101,117
Travis,105,Tax Assessor-collector,,DEM,Bruce Elfant,910,406,504
Travis,106,Tax Assessor-collector,,DEM,Bruce Elfant,328,142,186
Travis,107,Tax Assessor-collector,,DEM,Bruce Elfant,35,13,22
Travis,108,Tax Assessor-collector,,DEM,Bruce Elfant,294,93,201
Travis,109,Tax Assessor-collector,,DEM,Bruce Elfant,346,119,227
Travis,110,Tax Assessor-collector,,DEM,Bruce Elfant,676,253,423
Travis,111,Tax Assessor-collector,,DEM,Bruce Elfant,638,242,396
Travis,112,Tax Assessor-collector,,DEM,Bruce Elfant,196,69,127
Travis,113,Tax Assessor-collector,,DEM,Bruce Elfant,824,290,534
Travis,114,Tax Assessor-collector,,DEM,Bruce Elfant,48,20,28
Travis,115,Tax Assessor-collector,,DEM,Bruce Elfant,1,0,1
Travis,116,Tax Assessor-collector,,DEM,Bruce Elfant,1,0,1
Travis,117,Tax Assessor-collector,,DEM,Bruce Elfant,481,214,267
Travis,118,Tax Assessor-collector,,DEM,Bruce Elfant,86,42,44
Travis,119,Tax Assessor-collector,,DEM,Bruce Elfant,0,0,0
Travis,120,Tax Assessor-collector,,DEM,Bruce Elfant,28,17,11
Travis,121,Tax Assessor-collector,,DEM,Bruce Elfant,162,83,79
Travis,122,Tax Assessor-collector,,DEM,Bruce Elfant,674,355,319
Travis,123,Tax Assessor-collector,,DEM,Bruce Elfant,484,181,303
Travis,124,Tax Assessor-collector,,DEM,Bruce Elfant,1109,530,579
Travis,125,Tax Assessor-collector,,DEM,Bruce Elfant,0,0,0
Travis,126,Tax Assessor-collector,,DEM,Bruce Elfant,1230,560,670
Travis,127,Tax Assessor-collector,,DEM,Bruce Elfant,0,0,0
Travis,128,Tax Assessor-collector,,DEM,Bruce Elfant,0,0,0
Travis,129,Tax Assessor-collector,,DEM,Bruce Elfant,582,292,290
Travis,130,Tax Assessor-collector,,DEM,Bruce Elfant,519,200,319
Travis,131,Tax Assessor-collector,,DEM,Bruce Elfant,0,0,0
Travis,132,Tax Assessor-collector,,DEM,Bruce Elfant,637,284,353
Travis,133,Tax Assessor-collector,,DEM,Bruce Elfant,640,236,404
Travis,134,Tax Assessor-collector,,DEM,Bruce Elfant,0,0,0
Travis,135,Tax Assessor-collector,,DEM,Bruce Elfant,1706,739,967
Travis,136,Tax Assessor-collector,,DEM,Bruce Elfant,393,170,223
Travis,137,Tax Assessor-collector,,DEM,Bruce Elfant,905,327,578
Travis,138,Tax Assessor-collector,,DEM,Bruce Elfant,0,0,0
Travis,139,Tax Assessor-collector,,DEM,Bruce Elfant,584,258,326
Travis,140,Tax Assessor-collector,,DEM,Bruce Elfant,308,133,175
Travis,141,Tax Assessor-collector,,DEM,Bruce Elfant,66,23,43
Travis,142,Tax Assessor-collector,,DEM,Bruce Elfant,208,100,108
Travis,145,Tax Assessor-collector,,DEM,Bruce Elfant,392,145,247
Travis,146,Tax Assessor-collector,,DEM,Bruce Elfant,383,185,198
Travis,148,Tax Assessor-collector,,DEM,Bruce Elfant,501,205,296
Travis,149,Tax Assessor-collector,,DEM,Bruce Elfant,424,168,256
Travis,150,Tax Assessor-collector,,DEM,Bruce Elfant,242,99,143
Travis,151,Tax Assessor-collector,,DEM,Bruce Elfant,592,247,345
Travis,152,Tax Assessor-collector,,DEM,Bruce Elfant,1157,520,637
Travis,153,Tax Assessor-collector,,DEM,Bruce Elfant,794,294,500
Travis,154,Tax Assessor-collector,,DEM,Bruce Elfant,463,142,321
Travis,156,Tax Assessor-collector,,DEM,Bruce Elfant,1061,481,580
Travis,160,Tax Assessor-collector,,DEM,Bruce Elfant,265,96,169
Travis,161,Tax Assessor-collector,,DEM,Bruce Elfant,188,76,112
Travis,163,Tax Assessor-collector,,DEM,Bruce Elfant,24,10,14
Travis,164,Tax Assessor-collector,,DEM,Bruce Elfant,272,98,174
Travis,200,Tax Assessor-collector,,DEM,Bruce Elfant,1229,570,659
Travis,202,Tax Assessor-collector,,DEM,Bruce Elfant,918,414,504
Travis,203,Tax Assessor-collector,,DEM,Bruce Elfant,101,32,69
Travis,205,Tax Assessor-collector,,DEM,Bruce Elfant,408,156,252
Travis,206,Tax Assessor-collector,,DEM,Bruce Elfant,269,131,138
Travis,207,Tax Assessor-collector,,DEM,Bruce Elfant,694,279,415
Travis,208,Tax Assessor-collector,,DEM,Bruce Elfant,1400,771,629
Travis,209,Tax Assessor-collector,,DEM,Bruce Elfant,169,78,91
Travis,210,Tax Assessor-collector,,DEM,Bruce Elfant,308,161,147
Travis,211,Tax Assessor-collector,,DEM,Bruce Elfant,341,132,209
Travis,212,Tax Assessor-collector,,DEM,Bruce Elfant,390,208,182
Travis,213,Tax Assessor-collector,,DEM,Bruce Elfant,0,0,0
Travis,214,Tax Assessor-collector,,DEM,Bruce Elfant,523,224,299
Travis,215,Tax Assessor-collector,,DEM,Bruce Elfant,334,117,217
Travis,216,Tax Assessor-collector,,DEM,Bruce Elfant,252,82,170
Travis,217,Tax Assessor-collector,,DEM,Bruce Elfant,371,144,227
Travis,218,Tax Assessor-collector,,DEM,Bruce Elfant,753,314,439
Travis,219,Tax Assessor-collector,,DEM,Bruce Elfant,409,153,256
Travis,220,Tax Assessor-collector,,DEM,Bruce Elfant,342,164,178
Travis,221,Tax Assessor-collector,,DEM,Bruce Elfant,95,42,53
Travis,222,Tax Assessor-collector,,DEM,Bruce Elfant,502,188,314
Travis,223,Tax Assessor-collector,,DEM,Bruce Elfant,110,43,67
Travis,224,Tax Assessor-collector,,DEM,Bruce Elfant,19,10,9
Travis,225,Tax Assessor-collector,,DEM,Bruce Elfant,481,169,312
Travis,226,Tax Assessor-collector,,DEM,Bruce Elfant,289,101,188
Travis,227,Tax Assessor-collector,,DEM,Bruce Elfant,78,31,47
Travis,228,Tax Assessor-collector,,DEM,Bruce Elfant,308,160,148
Travis,229,Tax Assessor-collector,,DEM,Bruce Elfant,395,155,240
Travis,231,Tax Assessor-collector,,DEM,Bruce Elfant,567,257,310
Travis,232,Tax Assessor-collector,,DEM,Bruce Elfant,512,246,266
Travis,233,Tax Assessor-collector,,DEM,Bruce Elfant,407,153,254
Travis,234,Tax Assessor-collector,,DEM,Bruce Elfant,225,100,125
Travis,235,Tax Assessor-collector,,DEM,Bruce Elfant,728,294,434
Travis,236,Tax Assessor-collector,,DEM,Bruce Elfant,888,312,576
Travis,237,Tax Assessor-collector,,DEM,Bruce Elfant,427,184,243
Travis,238,Tax Assessor-collector,,DEM,Bruce Elfant,627,266,361
Travis,239,Tax Assessor-collector,,DEM,Bruce Elfant,683,287,396
Travis,240,Tax Assessor-collector,,DEM,Bruce Elfant,264,86,178
Travis,241,Tax Assessor-collector,,DEM,Bruce Elfant,459,165,294
Travis,242,Tax Assessor-collector,,DEM,Bruce Elfant,1374,609,765
Travis,243,Tax Assessor-collector,,DEM,Bruce Elfant,471,240,231
Travis,244,Tax Assessor-collector,,DEM,Bruce Elfant,388,199,189
Travis,245,Tax Assessor-collector,,DEM,Bruce Elfant,141,53,88
Travis,246,Tax Assessor-collector,,DEM,Bruce Elfant,380,149,231
Travis,247,Tax Assessor-collector,,DEM,Bruce Elfant,150,60,90
Travis,248,Tax Assessor-collector,,DEM,Bruce Elfant,557,251,306
Travis,249,Tax Assessor-collector,,DEM,Bruce Elfant,577,255,322
Travis,250,Tax Assessor-collector,,DEM,Bruce Elfant,1059,458,601
Travis,251,Tax Assessor-collector,,DEM,Bruce Elfant,625,284,341
Travis,252,Tax Assessor-collector,,DEM,Bruce Elfant,591,284,307
Travis,253,Tax Assessor-collector,,DEM,Bruce Elfant,514,249,265
Travis,254,Tax Assessor-collector,,DEM,Bruce Elfant,526,239,287
Travis,256,Tax Assessor-collector,,DEM,Bruce Elfant,317,163,154
Travis,258,Tax Assessor-collector,,DEM,Bruce Elfant,486,222,264
Travis,259,Tax Assessor-collector,,DEM,Bruce Elfant,541,206,335
Travis,260,Tax Assessor-collector,,DEM,Bruce Elfant,167,57,110
Travis,262,Tax Assessor-collector,,DEM,Bruce Elfant,879,424,455
Travis,263,Tax Assessor-collector,,DEM,Bruce Elfant,573,212,361
Travis,266,Tax Assessor-collector,,DEM,Bruce Elfant,91,52,39
Travis,267,Tax Assessor-collector,,DEM,Bruce Elfant,274,149,125
Travis,268,Tax Assessor-collector,,DEM,Bruce Elfant,190,68,122
Travis,273,Tax Assessor-collector,,DEM,Bruce Elfant,771,325,446
Travis,274,Tax Assessor-collector,,DEM,Bruce Elfant,707,319,388
Travis,275,Tax Assessor-collector,,DEM,Bruce Elfant,939,380,559
Travis,277,Tax Assessor-collector,,DEM,Bruce Elfant,833,449,384
Travis,301,Tax Assessor-collector,,DEM,Bruce Elfant,240,96,144
Travis,302,Tax Assessor-collector,,DEM,Bruce Elfant,489,257,232
Travis,303,Tax Assessor-collector,,DEM,Bruce Elfant,423,211,212
Travis,304,Tax Assessor-collector,,DEM,Bruce Elfant,651,284,367
Travis,305,Tax Assessor-collector,,DEM,Bruce Elfant,3,2,1
Travis,306,Tax Assessor-collector,,DEM,Bruce Elfant,286,160,126
Travis,307,Tax Assessor-collector,,DEM,Bruce Elfant,253,118,135
Travis,308,Tax Assessor-collector,,DEM,Bruce Elfant,508,219,289
Travis,309,Tax Assessor-collector,,DEM,Bruce Elfant,433,224,209
Travis,310,Tax Assessor-collector,,DEM,Bruce Elfant,737,349,388
Travis,311,Tax Assessor-collector,,DEM,Bruce Elfant,883,515,368
Travis,312,Tax Assessor-collector,,DEM,Bruce Elfant,237,112,125
Travis,313,Tax Assessor-collector,,DEM,Bruce Elfant,88,35,53
Travis,314,Tax Assessor-collector,,DEM,Bruce Elfant,428,213,215
Travis,315,Tax Assessor-collector,,DEM,Bruce Elfant,677,312,365
Travis,316,Tax Assessor-collector,,DEM,Bruce Elfant,242,102,140
Travis,317,Tax Assessor-collector,,DEM,Bruce Elfant,376,189,187
Travis,318,Tax Assessor-collector,,DEM,Bruce Elfant,89,34,55
Travis,319,Tax Assessor-collector,,DEM,Bruce Elfant,195,97,98
Travis,320,Tax Assessor-collector,,DEM,Bruce Elfant,160,104,56
Travis,321,Tax Assessor-collector,,DEM,Bruce Elfant,138,67,71
Travis,323,Tax Assessor-collector,,DEM,Bruce Elfant,373,165,208
Travis,324,Tax Assessor-collector,,DEM,Bruce Elfant,414,213,201
Travis,325,Tax Assessor-collector,,DEM,Bruce Elfant,13,6,7
Travis,326,Tax Assessor-collector,,DEM,Bruce Elfant,307,131,176
Travis,327,Tax Assessor-collector,,DEM,Bruce Elfant,491,219,272
Travis,328,Tax Assessor-collector,,DEM,Bruce Elfant,706,330,376
Travis,329,Tax Assessor-collector,,DEM,Bruce Elfant,402,205,197
Travis,330,Tax Assessor-collector,,DEM,Bruce Elfant,347,146,201
Travis,331,Tax Assessor-collector,,DEM,Bruce Elfant,480,158,322
Travis,332,Tax Assessor-collector,,DEM,Bruce Elfant,789,284,505
Travis,333,Tax Assessor-collector,,DEM,Bruce Elfant,399,107,292
Travis,334,Tax Assessor-collector,,DEM,Bruce Elfant,306,122,184
Travis,335,Tax Assessor-collector,,DEM,Bruce Elfant,358,157,201
Travis,336,Tax Assessor-collector,,DEM,Bruce Elfant,324,128,196
Travis,337,Tax Assessor-collector,,DEM,Bruce Elfant,597,225,372
Travis,338,Tax Assessor-collector,,DEM,Bruce Elfant,780,310,470
Travis,339,Tax Assessor-collector,,DEM,Bruce Elfant,324,158,166
Travis,340,Tax Assessor-collector,,DEM,Bruce Elfant,521,209,312
Travis,341,Tax Assessor-collector,,DEM,Bruce Elfant,5,0,5
Travis,342,Tax Assessor-collector,,DEM,Bruce Elfant,1215,536,679
Travis,343,Tax Assessor-collector,,DEM,Bruce Elfant,232,84,148
Travis,344,Tax Assessor-collector,,DEM,Bruce Elfant,403,182,221
Travis,345,Tax Assessor-collector,,DEM,Bruce Elfant,1,1,0
Travis,346,Tax Assessor-collector,,DEM,Bruce Elfant,236,147,89
Travis,347,Tax Assessor-collector,,DEM,Bruce Elfant,395,203,192
Travis,349,Tax Assessor-collector,,DEM,Bruce Elfant,780,342,438
Travis,350,Tax Assessor-collector,,DEM,Bruce Elfant,817,385,432
Travis,351,Tax Assessor-collector,,DEM,Bruce Elfant,278,132,146
Travis,352,Tax Assessor-collector,,DEM,Bruce Elfant,708,379,329
Travis,354,Tax Assessor-collector,,DEM,Bruce Elfant,759,445,314
Travis,356,Tax Assessor-collector,,DEM,Bruce Elfant,274,127,147
Travis,357,Tax Assessor-collector,,DEM,Bruce Elfant,92,37,55
Travis,358,Tax Assessor-collector,,DEM,Bruce Elfant,1002,474,528
Travis,359,Tax Assessor-collector,,DEM,Bruce Elfant,495,229,266
Travis,360,Tax Assessor-collector,,DEM,Bruce Elfant,716,312,404
Travis,361,Tax Assessor-collector,,DEM,Bruce Elfant,214,94,120
Travis,362,Tax Assessor-collector,,DEM,Bruce Elfant,635,320,315
Travis,363,Tax Assessor-collector,,DEM,Bruce Elfant,298,145,153
Travis,364,Tax Assessor-collector,,DEM,Bruce Elfant,558,322,236
Travis,365,Tax Assessor-collector,,DEM,Bruce Elfant,295,122,173
Travis,366,Tax Assessor-collector,,DEM,Bruce Elfant,868,403,465
Travis,367,Tax Assessor-collector,,DEM,Bruce Elfant,811,368,443
Travis,368,Tax Assessor-collector,,DEM,Bruce Elfant,23,14,9
Travis,369,Tax Assessor-collector,,DEM,Bruce Elfant,173,52,121
Travis,370,Tax Assessor-collector,,DEM,Bruce Elfant,127,18,109
Travis,371,Tax Assessor-collector,,DEM,Bruce Elfant,216,86,130
Travis,372,Tax Assessor-collector,,DEM,Bruce Elfant,159,52,107
Travis,373,Tax Assessor-collector,,DEM,Bruce Elfant,346,137,209
Travis,374,Tax Assessor-collector,,DEM,Bruce Elfant,440,160,280
Travis,375,Tax Assessor-collector,,DEM,Bruce Elfant,84,28,56
Travis,401,Tax Assessor-collector,,DEM,Bruce Elfant,323,147,176
Travis,402,Tax Assessor-collector,,DEM,Bruce Elfant,422,184,238
Travis,403,Tax Assessor-collector,,DEM,Bruce Elfant,168,57,111
Travis,404,Tax Assessor-collector,,DEM,Bruce Elfant,405,158,247
Travis,405,Tax Assessor-collector,,DEM,Bruce Elfant,83,31,52
Travis,406,Tax Assessor-collector,,DEM,Bruce Elfant,407,237,170
Travis,407,Tax Assessor-collector,,DEM,Bruce Elfant,297,129,168
Travis,408,Tax Assessor-collector,,DEM,Bruce Elfant,536,207,329
Travis,409,Tax Assessor-collector,,DEM,Bruce Elfant,517,226,291
Travis,410,Tax Assessor-collector,,DEM,Bruce Elfant,565,277,288
Travis,411,Tax Assessor-collector,,DEM,Bruce Elfant,307,129,178
Travis,412,Tax Assessor-collector,,DEM,Bruce Elfant,25,15,10
Travis,413,Tax Assessor-collector,,DEM,Bruce Elfant,171,69,102
Travis,414,Tax Assessor-collector,,DEM,Bruce Elfant,619,270,349
Travis,415,Tax Assessor-collector,,DEM,Bruce Elfant,230,82,148
Travis,416,Tax Assessor-collector,,DEM,Bruce Elfant,22,10,12
Travis,417,Tax Assessor-collector,,DEM,Bruce Elfant,269,138,131
Travis,418,Tax Assessor-collector,,DEM,Bruce Elfant,0,0,0
Travis,419,Tax Assessor-collector,,DEM,Bruce Elfant,89,54,35
Travis,420,Tax Assessor-collector,,DEM,Bruce Elfant,542,229,313
Travis,421,Tax Assessor-collector,,DEM,Bruce Elfant,587,237,350
Travis,422,Tax Assessor-collector,,DEM,Bruce Elfant,577,259,318
Travis,423,Tax Assessor-collector,,DEM,Bruce Elfant,579,232,347
Travis,424,Tax Assessor-collector,,DEM,Bruce Elfant,568,229,339
Travis,425,Tax Assessor-collector,,DEM,Bruce Elfant,187,82,105
Travis,426,Tax Assessor-collector,,DEM,Bruce Elfant,590,267,323
Travis,427,Tax Assessor-collector,,DEM,Bruce Elfant,444,212,232
Travis,428,Tax Assessor-collector,,DEM,Bruce Elfant,220,103,117
Travis,429,Tax Assessor-collector,,DEM,Bruce Elfant,1160,512,648
Travis,430,Tax Assessor-collector,,DEM,Bruce Elfant,292,114,178
Travis,431,Tax Assessor-collector,,DEM,Bruce Elfant,1074,441,633
Travis,432,Tax Assessor-collector,,DEM,Bruce Elfant,1,1,0
Travis,433,Tax Assessor-collector,,DEM,Bruce Elfant,615,293,322
Travis,434,Tax Assessor-collector,,DEM,Bruce Elfant,2,1,1
Travis,435,Tax Assessor-collector,,DEM,Bruce Elfant,1000,448,552
Travis,436,Tax Assessor-collector,,DEM,Bruce Elfant,68,29,39
Travis,437,Tax Assessor-collector,,DEM,Bruce Elfant,564,214,350
Travis,438,Tax Assessor-collector,,DEM,Bruce Elfant,324,149,175
Travis,439,Tax Assessor-collector,,DEM,Bruce Elfant,623,261,362
Travis,440,Tax Assessor-collector,,DEM,Bruce Elfant,203,100,103
Travis,441,Tax Assessor-collector,,DEM,Bruce Elfant,813,396,417
Travis,442,Tax Assessor-collector,,DEM,Bruce Elfant,297,122,175
Travis,443,Tax Assessor-collector,,DEM,Bruce Elfant,467,209,258
Travis,444,Tax Assessor-collector,,DEM,Bruce Elfant,26,12,14
Travis,446,Tax Assessor-collector,,DEM,Bruce Elfant,259,107,152
Travis,447,Tax Assessor-collector,,DEM,Bruce Elfant,763,315,448
Travis,448,Tax Assessor-collector,,DEM,Bruce Elfant,388,165,223
Travis,450,Tax Assessor-collector,,DEM,Bruce Elfant,627,262,365
Travis,451,Tax Assessor-collector,,DEM,Bruce Elfant,617,260,357
Travis,452,Tax Assessor-collector,,DEM,Bruce Elfant,316,132,184
Travis,454,Tax Assessor-collector,,DEM,Bruce Elfant,467,251,216
Travis,458,Tax Assessor-collector,,DEM,Bruce Elfant,671,347,324
Travis,460,Tax Assessor-collector,,DEM,Bruce Elfant,815,401,414
Travis,461,Tax Assessor-collector,,DEM,Bruce Elfant,859,381,478
Travis,463,Tax Assessor-collector,,DEM,Bruce Elfant,656,273,383
Travis,101,President,,DEM,Calvis L. Hawes,1,0,1
Travis,102,President,,DEM,Calvis L. Hawes,0,0,0
Travis,103,President,,DEM,Calvis L. Hawes,0,0,0
Travis,104,President,,DEM,Calvis L. Hawes,0,0,0
Travis,105,President,,DEM,Calvis L. Hawes,0,0,0
Travis,106,President,,DEM,Calvis L. Hawes,0,0,0
Travis,107,President,,DEM,Calvis L. Hawes,0,0,0
Travis,108,President,,DEM,Calvis L. Hawes,0,0,0
Travis,109,President,,DEM,Calvis L. Hawes,0,0,0
Travis,110,President,,DEM,Calvis L. Hawes,0,0,0
Travis,111,President,,DEM,Calvis L. Hawes,0,0,0
Travis,112,President,,DEM,Calvis L. Hawes,0,0,0
Travis,113,President,,DEM,Calvis L. Hawes,1,0,1
Travis,114,President,,DEM,Calvis L. Hawes,0,0,0
Travis,115,President,,DEM,Calvis L. Hawes,0,0,0
Travis,116,President,,DEM,Calvis L. Hawes,0,0,0
Travis,117,President,,DEM,Calvis L. Hawes,1,1,0
Travis,118,President,,DEM,Calvis L. Hawes,0,0,0
Travis,119,President,,DEM,Calvis L. Hawes,0,0,0
Travis,120,President,,DEM,Calvis L. Hawes,0,0,0
Travis,121,President,,DEM,Calvis L. Hawes,0,0,0
Travis,122,President,,DEM,Calvis L. Hawes,0,0,0
Travis,123,President,,DEM,Calvis L. Hawes,0,0,0
Travis,124,President,,DEM,Calvis L. Hawes,1,0,1
Travis,125,President,,DEM,Calvis L. Hawes,0,0,0
Travis,126,President,,DEM,Calvis L. Hawes,1,0,1
Travis,127,President,,DEM,Calvis L. Hawes,0,0,0
Travis,128,President,,DEM,Calvis L. Hawes,0,0,0
Travis,129,President,,DEM,Calvis L. Hawes,1,1,0
Travis,130,President,,DEM,Calvis L. Hawes,0,0,0
Travis,131,President,,DEM,Calvis L. Hawes,0,0,0
Travis,132,President,,DEM,Calvis L. Hawes,1,1,0
Travis,133,President,,DEM,Calvis L. Hawes,0,0,0
Travis,134,President,,DEM,Calvis L. Hawes,0,0,0
Travis,135,President,,DEM,Calvis L. Hawes,3,2,1
Travis,136,President,,DEM,Calvis L. Hawes,0,0,0
Travis,137,President,,DEM,Calvis L. Hawes,2,1,1
Travis,138,President,,DEM,Calvis L. Hawes,0,0,0
Travis,139,President,,DEM,Calvis L. Hawes,1,0,1
Travis,140,President,,DEM,Calvis L. Hawes,0,0,0
Travis,141,President,,DEM,Calvis L. Hawes,1,1,0
Travis,142,President,,DEM,Calvis L. Hawes,0,0,0
Travis,145,President,,DEM,Calvis L. Hawes,0,0,0
Travis,146,President,,DEM,Calvis L. Hawes,0,0,0
Travis,148,President,,DEM,Calvis L. Hawes,2,1,1
Travis,149,President,,DEM,Calvis L. Hawes,0,0,0
Travis,150,President,,DEM,Calvis L. Hawes,0,0,0
Travis,151,President,,DEM,Calvis L. Hawes,0,0,0
Travis,152,President,,DEM,Calvis L. Hawes,0,0,0
Travis,153,President,,DEM,Calvis L. Hawes,0,0,0
Travis,154,President,,DEM,Calvis L. Hawes,0,0,0
Travis,156,President,,DEM,Calvis L. Hawes,1,1,0
Travis,160,President,,DEM,Calvis L. Hawes,0,0,0
Travis,161,President,,DEM,Calvis L. Hawes,0,0,0
Travis,163,President,,DEM,Calvis L. Hawes,0,0,0
Travis,164,President,,DEM,Calvis L. Hawes,0,0,0
Travis,200,President,,DEM,Calvis L. Hawes,0,0,0
Travis,202,President,,DEM,Calvis L. Hawes,0,0,0
Travis,203,President,,DEM,Calvis L. Hawes,0,0,0
Travis,205,President,,DEM,Calvis L. Hawes,0,0,0
Travis,206,President,,DEM,Calvis L. Hawes,0,0,0
Travis,207,President,,DEM,Calvis L. Hawes,1,0,1
Travis,208,President,,DEM,Calvis L. Hawes,0,0,0
Travis,209,President,,DEM,Calvis L. Hawes,0,0,0
Travis,210,President,,DEM,Calvis L. Hawes,0,0,0
Travis,211,President,,DEM,Calvis L. Hawes,0,0,0
Travis,212,President,,DEM,Calvis L. Hawes,0,0,0
Travis,213,President,,DEM,Calvis L. Hawes,0,0,0
Travis,214,President,,DEM,Calvis L. Hawes,0,0,0
Travis,215,President,,DEM,Calvis L. Hawes,0,0,0
Travis,216,President,,DEM,Calvis L. Hawes,0,0,0
Travis,217,President,,DEM,Calvis L. Hawes,0,0,0
Travis,218,President,,DEM,Calvis L. Hawes,0,0,0
Travis,219,President,,DEM,Calvis L. Hawes,0,0,0
Travis,220,President,,DEM,Calvis L. Hawes,0,0,0
Travis,221,President,,DEM,Calvis L. Hawes,0,0,0
Travis,222,President,,DEM,Calvis L. Hawes,0,0,0
Travis,223,President,,DEM,Calvis L. Hawes,0,0,0
Travis,224,President,,DEM,Calvis L. Hawes,0,0,0
Travis,225,President,,DEM,Calvis L. Hawes,0,0,0
Travis,226,President,,DEM,Calvis L. Hawes,0,0,0
Travis,227,President,,DEM,Calvis L. Hawes,0,0,0
Travis,228,President,,DEM,Calvis L. Hawes,0,0,0
Travis,229,President,,DEM,Calvis L. Hawes,0,0,0
Travis,231,President,,DEM,Calvis L. Hawes,1,1,0
Travis,232,President,,DEM,Calvis L. Hawes,0,0,0
Travis,233,President,,DEM,Calvis L. Hawes,2,1,1
Travis,234,President,,DEM,Calvis L. Hawes,0,0,0
Travis,235,President,,DEM,Calvis L. Hawes,0,0,0
Travis,236,President,,DEM,Calvis L. Hawes,0,0,0
Travis,237,President,,DEM,Calvis L. Hawes,1,1,0
Travis,238,President,,DEM,Calvis L. Hawes,0,0,0
Travis,239,President,,DEM,Calvis L. Hawes,0,0,0
Travis,240,President,,DEM,Calvis L. Hawes,1,0,1
Travis,241,President,,DEM,Calvis L. Hawes,0,0,0
Travis,242,President,,DEM,Calvis L. Hawes,0,0,0
Travis,243,President,,DEM,Calvis L. Hawes,0,0,0
Travis,244,President,,DEM,Calvis L. Hawes,0,0,0
Travis,245,President,,DEM,Calvis L. Hawes,0,0,0
Travis,246,President,,DEM,Calvis L. Hawes,0,0,0
Travis,247,President,,DEM,Calvis L. Hawes,0,0,0
Travis,248,President,,DEM,Calvis L. Hawes,1,1,0
Travis,249,President,,DEM,Calvis L. Hawes,0,0,0
Travis,250,President,,DEM,Calvis L. Hawes,0,0,0
Travis,251,President,,DEM,Calvis L. Hawes,0,0,0
Travis,252,President,,DEM,Calvis L. Hawes,1,1,0
Travis,253,President,,DEM,Calvis L. Hawes,0,0,0
Travis,254,President,,DEM,Calvis L. Hawes,0,0,0
Travis,256,President,,DEM,Calvis L. Hawes,0,0,0
Travis,258,President,,DEM,Calvis L. Hawes,0,0,0
Travis,259,President,,DEM,Calvis L. Hawes,0,0,0
Travis,260,President,,DEM,Calvis L. Hawes,0,0,0
Travis,262,President,,DEM,Calvis L. Hawes,0,0,0
Travis,263,President,,DEM,Calvis L. Hawes,1,0,1
Travis,266,President,,DEM,Calvis L. Hawes,0,0,0
Travis,267,President,,DEM,Calvis L. Hawes,0,0,0
Travis,268,President,,DEM,Calvis L. Hawes,0,0,0
Travis,273,President,,DEM,Calvis L. Hawes,0,0,0
Travis,274,President,,DEM,Calvis L. Hawes,0,0,0
Travis,275,President,,DEM,Calvis L. Hawes,0,0,0
Travis,277,President,,DEM,Calvis L. Hawes,0,0,0
Travis,301,President,,DEM,Calvis L. Hawes,0,0,0
Travis,302,President,,DEM,Calvis L. Hawes,0,0,0
Travis,303,President,,DEM,Calvis L. Hawes,0,0,0
Travis,304,President,,DEM,Calvis L. Hawes,0,0,0
Travis,305,President,,DEM,Calvis L. Hawes,0,0,0
Travis,306,President,,DEM,Calvis L. Hawes,0,0,0
Travis,307,President,,DEM,Calvis L. Hawes,0,0,0
Travis,308,President,,DEM,Calvis L. Hawes,0,0,0
Travis,309,President,,DEM,Calvis L. Hawes,0,0,0
Travis,310,President,,DEM,Calvis L. Hawes,0,0,0
Travis,311,President,,DEM,Calvis L. Hawes,0,0,0
Travis,312,President,,DEM,Calvis L. Hawes,0,0,0
Travis,313,President,,DEM,Calvis L. Hawes,0,0,0
Travis,314,President,,DEM,Calvis L. Hawes,0,0,0
Travis,315,President,,DEM,Calvis L. Hawes,0,0,0
Travis,316,President,,DEM,Calvis L. Hawes,0,0,0
Travis,317,President,,DEM,Calvis L. Hawes,0,0,0
Travis,318,President,,DEM,Calvis L. Hawes,0,0,0
Travis,319,President,,DEM,Calvis L. Hawes,0,0,0
Travis,320,President,,DEM,Calvis L. Hawes,0,0,0
Travis,321,President,,DEM,Calvis L. Hawes,0,0,0
Travis,323,President,,DEM,Calvis L. Hawes,0,0,0
Travis,324,President,,DEM,Calvis L. Hawes,0,0,0
Travis,325,President,,DEM,Calvis L. Hawes,0,0,0
Travis,326,President,,DEM,Calvis L. Hawes,0,0,0
Travis,327,President,,DEM,Calvis L. Hawes,0,0,0
Travis,328,President,,DEM,Calvis L. Hawes,0,0,0
Travis,329,President,,DEM,Calvis L. Hawes,0,0,0
Travis,330,President,,DEM,Calvis L. Hawes,0,0,0
Travis,331,President,,DEM,Calvis L. Hawes,0,0,0
Travis,332,President,,DEM,Calvis L. Hawes,0,0,0
Travis,333,President,,DEM,Calvis L. Hawes,0,0,0
Travis,334,President,,DEM,Calvis L. Hawes,0,0,0
Travis,335,President,,DEM,Calvis L. Hawes,0,0,0
Travis,336,President,,DEM,Calvis L. Hawes,0,0,0
Travis,337,President,,DEM,Calvis L. Hawes,0,0,0
Travis,338,President,,DEM,Calvis L. Hawes,0,0,0
Travis,339,President,,DEM,Calvis L. Hawes,0,0,0
Travis,340,President,,DEM,Calvis L. Hawes,0,0,0
Travis,341,President,,DEM,Calvis L. Hawes,0,0,0
Travis,342,President,,DEM,Calvis L. Hawes,0,0,0
Travis,343,President,,DEM,Calvis L. Hawes,0,0,0
Travis,344,President,,DEM,Calvis L. Hawes,0,0,0
Travis,345,President,,DEM,Calvis L. Hawes,0,0,0
Travis,346,President,,DEM,Calvis L. Hawes,0,0,0
Travis,347,President,,DEM,Calvis L. Hawes,1,1,0
Travis,349,President,,DEM,Calvis L. Hawes,1,0,1
Travis,350,President,,DEM,Calvis L. Hawes,0,0,0
Travis,351,President,,DEM,Calvis L. Hawes,0,0,0
Travis,352,President,,DEM,Calvis L. Hawes,0,0,0
Travis,354,President,,DEM,Calvis L. Hawes,1,0,1
Travis,356,President,,DEM,Calvis L. Hawes,0,0,0
Travis,357,President,,DEM,Calvis L. Hawes,0,0,0
Travis,358,President,,DEM,Calvis L. Hawes,0,0,0
Travis,359,President,,DEM,Calvis L. Hawes,1,0,1
Travis,360,President,,DEM,Calvis L. Hawes,0,0,0
Travis,361,President,,DEM,Calvis L. Hawes,1,1,0
Travis,362,President,,DEM,Calvis L. Hawes,0,0,0
Travis,363,President,,DEM,Calvis L. Hawes,0,0,0
Travis,364,President,,DEM,Calvis L. Hawes,0,0,0
Travis,365,President,,DEM,Calvis L. Hawes,0,0,0
Travis,366,President,,DEM,Calvis L. Hawes,0,0,0
Travis,367,President,,DEM,Calvis L. Hawes,0,0,0
Travis,368,President,,DEM,Calvis L. Hawes,0,0,0
Travis,369,President,,DEM,Calvis L. Hawes,0,0,0
Travis,370,President,,DEM,Calvis L. Hawes,1,0,1
Travis,371,President,,DEM,Calvis L. Hawes,0,0,0
Travis,372,President,,DEM,Calvis L. Hawes,0,0,0
Travis,373,President,,DEM,Calvis L. Hawes,1,1,0
Travis,374,President,,DEM,Calvis L. Hawes,0,0,0
Travis,375,President,,DEM,Calvis L. Hawes,0,0,0
Travis,401,President,,DEM,Calvis L. Hawes,0,0,0
Travis,402,President,,DEM,Calvis L. Hawes,1,0,1
Travis,403,President,,DEM,Calvis L. Hawes,0,0,0
Travis,404,President,,DEM,Calvis L. Hawes,0,0,0
Travis,405,President,,DEM,Calvis L. Hawes,0,0,0
Travis,406,President,,DEM,Calvis L. Hawes,1,1,0
Travis,407,President,,DEM,Calvis L. Hawes,0,0,0
Travis,408,President,,DEM,Calvis L. Hawes,0,0,0
Travis,409,President,,DEM,Calvis L. Hawes,0,0,0
Travis,410,President,,DEM,Calvis L. Hawes,0,0,0
Travis,411,President,,DEM,Calvis L. Hawes,0,0,0
Travis,412,President,,DEM,Calvis L. Hawes,0,0,0
Travis,413,President,,DEM,Calvis L. Hawes,1,0,1
Travis,414,President,,DEM,Calvis L. Hawes,0,0,0
Travis,415,President,,DEM,Calvis L. Hawes,0,0,0
Travis,416,President,,DEM,Calvis L. Hawes,0,0,0
Travis,417,President,,DEM,Calvis L. Hawes,0,0,0
Travis,418,President,,DEM,Calvis L. Hawes,0,0,0
Travis,419,President,,DEM,Calvis L. Hawes,0,0,0
Travis,420,President,,DEM,Calvis L. Hawes,0,0,0
Travis,421,President,,DEM,Calvis L. Hawes,0,0,0
Travis,422,President,,DEM,Calvis L. Hawes,0,0,0
Travis,423,President,,DEM,Calvis L. Hawes,0,0,0
Travis,424,President,,DEM,Calvis L. Hawes,0,0,0
Travis,425,President,,DEM,Calvis L. Hawes,0,0,0
Travis,426,President,,DEM,Calvis L. Hawes,0,0,0
Travis,427,President,,DEM,Calvis L. Hawes,0,0,0
Travis,428,President,,DEM,Calvis L. Hawes,0,0,0
Travis,429,President,,DEM,Calvis L. Hawes,0,0,0
Travis,430,President,,DEM,Calvis L. Hawes,0,0,0
Travis,431,President,,DEM,Calvis L. Hawes,0,0,0
Travis,432,President,,DEM,Calvis L. Hawes,0,0,0
Travis,433,President,,DEM,Calvis L. Hawes,0,0,0
Travis,434,President,,DEM,Calvis L. Hawes,0,0,0
Travis,435,President,,DEM,Calvis L. Hawes,1,0,1
Travis,436,President,,DEM,Calvis L. Hawes,0,0,0
Travis,437,President,,DEM,Calvis L. Hawes,0,0,0
Travis,438,President,,DEM,Calvis L. Hawes,0,0,0
Travis,439,President,,DEM,Calvis L. Hawes,1,1,0
Travis,440,President,,DEM,Calvis L. Hawes,0,0,0
Travis,441,President,,DEM,Calvis L. Hawes,0,0,0
Travis,442,President,,DEM,Calvis L. Hawes,0,0,0
Travis,443,President,,DEM,Calvis L. Hawes,0,0,0
Travis,444,President,,DEM,Calvis L. Hawes,0,0,0
Travis,446,President,,DEM,Calvis L. Hawes,0,0,0
Travis,447,President,,DEM,Calvis L. Hawes,1,0,1
Travis,448,President,,DEM,Calvis L. Hawes,0,0,0
Travis,450,President,,DEM,Calvis L. Hawes,0,0,0
Travis,451,President,,DEM,Calvis L. Hawes,0,0,0
Travis,452,President,,DEM,Calvis L. Hawes,0,0,0
Travis,454,President,,DEM,Calvis L. Hawes,0,0,0
Travis,458,President,,DEM,Calvis L. Hawes,1,1,0
Travis,460,President,,DEM,Calvis L. Hawes,0,0,0
Travis,461,President,,DEM,Calvis L. Hawes,0,0,0
Travis,463,President,,DEM,Calvis L. Hawes,0,0,0
Travis,133,"Precinct No. 5, Constable",,DEM,Carlos B. Lopez,601,223,378
Travis,135,"Precinct No. 5, Constable",,DEM,Carlos B. Lopez,1621,707,914
Travis,142,"Precinct No. 5, Constable",,DEM,Carlos B. Lopez,201,92,109
Travis,200,"Precinct No. 5, Constable",,DEM,Carlos B. Lopez,1197,549,648
Travis,202,"Precinct No. 5, Constable",,DEM,Carlos B. Lopez,863,386,477
Travis,206,"Precinct No. 5, Constable",,DEM,Carlos B. Lopez,261,128,133
Travis,208,"Precinct No. 5, Constable",,DEM,Carlos B. Lopez,1447,798,649
Travis,210,"Precinct No. 5, Constable",,DEM,Carlos B. Lopez,291,150,141
Travis,213,"Precinct No. 5, Constable",,DEM,Carlos B. Lopez,0,0,0
Travis,214,"Precinct No. 5, Constable",,DEM,Carlos B. Lopez,486,209,277
Travis,217,"Precinct No. 5, Constable",,DEM,Carlos B. Lopez,361,142,219
Travis,220,"Precinct No. 5, Constable",,DEM,Carlos B. Lopez,317,152,165
Travis,223,"Precinct No. 5, Constable",,DEM,Carlos B. Lopez,106,41,65
Travis,224,"Precinct No. 5, Constable",,DEM,Carlos B. Lopez,19,9,10
Travis,231,"Precinct No. 5, Constable",,DEM,Carlos B. Lopez,529,234,295
Travis,233,"Precinct No. 5, Constable",,DEM,Carlos B. Lopez,385,146,239
Travis,234,"Precinct No. 5, Constable",,DEM,Carlos B. Lopez,217,94,123
Travis,235,"Precinct No. 5, Constable",,DEM,Carlos B. Lopez,697,275,422
Travis,236,"Precinct No. 5, Constable",,DEM,Carlos B. Lopez,840,292,548
Travis,237,"Precinct No. 5, Constable",,DEM,Carlos B. Lopez,391,173,218
Travis,238,"Precinct No. 5, Constable",,DEM,Carlos B. Lopez,604,258,346
Travis,239,"Precinct No. 5, Constable",,DEM,Carlos B. Lopez,634,263,371
Travis,240,"Precinct No. 5, Constable",,DEM,Carlos B. Lopez,257,82,175
Travis,241,"Precinct No. 5, Constable",,DEM,Carlos B. Lopez,432,156,276
Travis,242,"Precinct No. 5, Constable",,DEM,Carlos B. Lopez,1304,576,728
Travis,243,"Precinct No. 5, Constable",,DEM,Carlos B. Lopez,451,226,225
Travis,248,"Precinct No. 5, Constable",,DEM,Carlos B. Lopez,545,240,305
Travis,250,"Precinct No. 5, Constable",,DEM,Carlos B. Lopez,1001,427,574
Travis,251,"Precinct No. 5, Constable",,DEM,Carlos B. Lopez,584,269,315
Travis,252,"Precinct No. 5, Constable",,DEM,Carlos B. Lopez,569,275,294
Travis,256,"Precinct No. 5, Constable",,DEM,Carlos B. Lopez,283,148,135
Travis,266,"Precinct No. 5, Constable",,DEM,Carlos B. Lopez,76,44,32
Travis,273,"Precinct No. 5, Constable",,DEM,Carlos B. Lopez,708,295,413
Travis,274,"Precinct No. 5, Constable",,DEM,Carlos B. Lopez,681,304,377
Travis,275,"Precinct No. 5, Constable",,DEM,Carlos B. Lopez,899,369,530
Travis,277,"Precinct No. 5, Constable",,DEM,Carlos B. Lopez,859,464,395
Travis,311,"Precinct No. 5, Constable",,DEM,Carlos B. Lopez,869,509,360
Travis,313,"Precinct No. 5, Constable",,DEM,Carlos B. Lopez,86,34,52
Travis,325,"Precinct No. 5, Constable",,DEM,Carlos B. Lopez,14,7,7
Travis,329,"Precinct No. 5, Constable",,DEM,Carlos B. Lopez,376,195,181
Travis,101,"Judge, County Criminal Court No. 8",,DEM,Carlos H. Barrera,792,279,513
Travis,102,"Judge, County Criminal Court No. 8",,DEM,Carlos H. Barrera,170,60,110
Travis,103,"Judge, County Criminal Court No. 8",,DEM,Carlos H. Barrera,260,104,156
Travis,104,"Judge, County Criminal Court No. 8",,DEM,Carlos H. Barrera,201,91,110
Travis,105,"Judge, County Criminal Court No. 8",,DEM,Carlos H. Barrera,877,388,489
Travis,106,"Judge, County Criminal Court No. 8",,DEM,Carlos H. Barrera,322,134,188
Travis,107,"Judge, County Criminal Court No. 8",,DEM,Carlos H. Barrera,34,12,22
Travis,108,"Judge, County Criminal Court No. 8",,DEM,Carlos H. Barrera,293,88,205
Travis,109,"Judge, County Criminal Court No. 8",,DEM,Carlos H. Barrera,343,118,225
Travis,110,"Judge, County Criminal Court No. 8",,DEM,Carlos H. Barrera,652,241,411
Travis,111,"Judge, County Criminal Court No. 8",,DEM,Carlos H. Barrera,620,238,382
Travis,112,"Judge, County Criminal Court No. 8",,DEM,Carlos H. Barrera,191,67,124
Travis,113,"Judge, County Criminal Court No. 8",,DEM,Carlos H. Barrera,809,282,527
Travis,114,"Judge, County Criminal Court No. 8",,DEM,Carlos H. Barrera,46,18,28
Travis,115,"Judge, County Criminal Court No. 8",,DEM,Carlos H. Barrera,1,0,1
Travis,116,"Judge, County Criminal Court No. 8",,DEM,Carlos H. Barrera,1,0,1
Travis,117,"Judge, County Criminal Court No. 8",,DEM,Carlos H. Barrera,461,204,257
Travis,118,"Judge, County Criminal Court No. 8",,DEM,Carlos H. Barrera,87,41,46
Travis,119,"Judge, County Criminal Court No. 8",,DEM,Carlos H. Barrera,0,0,0
Travis,120,"Judge, County Criminal Court No. 8",,DEM,Carlos H. Barrera,27,17,10
Travis,121,"Judge, County Criminal Court No. 8",,DEM,Carlos H. Barrera,152,74,78
Travis,122,"Judge, County Criminal Court No. 8",,DEM,Carlos H. Barrera,635,327,308
Travis,123,"Judge, County Criminal Court No. 8",,DEM,Carlos H. Barrera,459,166,293
Travis,124,"Judge, County Criminal Court No. 8",,DEM,Carlos H. Barrera,1076,521,555
Travis,125,"Judge, County Criminal Court No. 8",,DEM,Carlos H. Barrera,0,0,0
Travis,126,"Judge, County Criminal Court No. 8",,DEM,Carlos H. Barrera,1176,534,642
Travis,127,"Judge, County Criminal Court No. 8",,DEM,Carlos H. Barrera,0,0,0
Travis,128,"Judge, County Criminal Court No. 8",,DEM,Carlos H. Barrera,0,0,0
Travis,129,"Judge, County Criminal Court No. 8",,DEM,Carlos H. Barrera,553,273,280
Travis,130,"Judge, County Criminal Court No. 8",,DEM,Carlos H. Barrera,505,196,309
Travis,131,"Judge, County Criminal Court No. 8",,DEM,Carlos H. Barrera,0,0,0
Travis,132,"Judge, County Criminal Court No. 8",,DEM,Carlos H. Barrera,608,269,339
Travis,133,"Judge, County Criminal Court No. 8",,DEM,Carlos H. Barrera,618,230,388
Travis,134,"Judge, County Criminal Court No. 8",,DEM,Carlos H. Barrera,0,0,0
Travis,135,"Judge, County Criminal Court No. 8",,DEM,Carlos H. Barrera,1646,715,931
Travis,136,"Judge, County Criminal Court No. 8",,DEM,Carlos H. Barrera,368,158,210
Travis,137,"Judge, County Criminal Court No. 8",,DEM,Carlos H. Barrera,881,325,556
Travis,138,"Judge, County Criminal Court No. 8",,DEM,Carlos H. Barrera,0,0,0
Travis,139,"Judge, County Criminal Court No. 8",,DEM,Carlos H. Barrera,581,254,327
Travis,140,"Judge, County Criminal Court No. 8",,DEM,Carlos H. Barrera,301,126,175
Travis,141,"Judge, County Criminal Court No. 8",,DEM,Carlos H. Barrera,63,21,42
Travis,142,"Judge, County Criminal Court No. 8",,DEM,Carlos H. Barrera,201,93,108
Travis,145,"Judge, County Criminal Court No. 8",,DEM,Carlos H. Barrera,388,140,248
Travis,146,"Judge, County Criminal Court No. 8",,DEM,Carlos H. Barrera,372,181,191
Travis,148,"Judge, County Criminal Court No. 8",,DEM,Carlos H. Barrera,488,198,290
Travis,149,"Judge, County Criminal Court No. 8",,DEM,Carlos H. Barrera,406,159,247
Travis,150,"Judge, County Criminal Court No. 8",,DEM,Carlos H. Barrera,233,96,137
Travis,151,"Judge, County Criminal Court No. 8",,DEM,Carlos H. Barrera,565,239,326
Travis,152,"Judge, County Criminal Court No. 8",,DEM,Carlos H. Barrera,1102,488,614
Travis,153,"Judge, County Criminal Court No. 8",,DEM,Carlos H. Barrera,761,277,484
Travis,154,"Judge, County Criminal Court No. 8",,DEM,Carlos H. Barrera,453,140,313
Travis,156,"Judge, County Criminal Court No. 8",,DEM,Carlos H. Barrera,1037,472,565
Travis,160,"Judge, County Criminal Court No. 8",,DEM,Carlos H. Barrera,251,93,158
Travis,161,"Judge, County Criminal Court No. 8",,DEM,Carlos H. Barrera,185,73,112
Travis,163,"Judge, County Criminal Court No. 8",,DEM,Carlos H. Barrera,25,10,15
Travis,164,"Judge, County Criminal Court No. 8",,DEM,Carlos H. Barrera,268,95,173
Travis,200,"Judge, County Criminal Court No. 8",,DEM,Carlos H. Barrera,1179,537,642
Travis,202,"Judge, County Criminal Court No. 8",,DEM,Carlos H. Barrera,869,393,476
Travis,203,"Judge, County Criminal Court No. 8",,DEM,Carlos H. Barrera,96,28,68
Travis,205,"Judge, County Criminal Court No. 8",,DEM,Carlos H. Barrera,397,150,247
Travis,206,"Judge, County Criminal Court No. 8",,DEM,Carlos H. Barrera,256,123,133
Travis,207,"Judge, County Criminal Court No. 8",,DEM,Carlos H. Barrera,666,265,401
Travis,208,"Judge, County Criminal Court No. 8",,DEM,Carlos H. Barrera,1428,787,641
Travis,209,"Judge, County Criminal Court No. 8",,DEM,Carlos H. Barrera,163,77,86
Travis,210,"Judge, County Criminal Court No. 8",,DEM,Carlos H. Barrera,288,149,139
Travis,211,"Judge, County Criminal Court No. 8",,DEM,Carlos H. Barrera,333,128,205
Travis,212,"Judge, County Criminal Court No. 8",,DEM,Carlos H. Barrera,360,189,171
Travis,213,"Judge, County Criminal Court No. 8",,DEM,Carlos H. Barrera,0,0,0
Travis,214,"Judge, County Criminal Court No. 8",,DEM,Carlos H. Barrera,489,208,281
Travis,215,"Judge, County Criminal Court No. 8",,DEM,Carlos H. Barrera,328,117,211
Travis,216,"Judge, County Criminal Court No. 8",,DEM,Carlos H. Barrera,244,78,166
Travis,217,"Judge, County Criminal Court No. 8",,DEM,Carlos H. Barrera,355,142,213
Travis,218,"Judge, County Criminal Court No. 8",,DEM,Carlos H. Barrera,740,300,440
Travis,219,"Judge, County Criminal Court No. 8",,DEM,Carlos H. Barrera,402,147,255
Travis,220,"Judge, County Criminal Court No. 8",,DEM,Carlos H. Barrera,319,152,167
Travis,221,"Judge, County Criminal Court No. 8",,DEM,Carlos H. Barrera,89,40,49
Travis,222,"Judge, County Criminal Court No. 8",,DEM,Carlos H. Barrera,480,179,301
Travis,223,"Judge, County Criminal Court No. 8",,DEM,Carlos H. Barrera,105,40,65
Travis,224,"Judge, County Criminal Court No. 8",,DEM,Carlos H. Barrera,20,9,11
Travis,225,"Judge, County Criminal Court No. 8",,DEM,Carlos H. Barrera,479,165,314
Travis,226,"Judge, County Criminal Court No. 8",,DEM,Carlos H. Barrera,290,102,188
Travis,227,"Judge, County Criminal Court No. 8",,DEM,Carlos H. Barrera,76,32,44
Travis,228,"Judge, County Criminal Court No. 8",,DEM,Carlos H. Barrera,301,154,147
Travis,229,"Judge, County Criminal Court No. 8",,DEM,Carlos H. Barrera,379,145,234
Travis,231,"Judge, County Criminal Court No. 8",,DEM,Carlos H. Barrera,526,233,293
Travis,232,"Judge, County Criminal Court No. 8",,DEM,Carlos H. Barrera,489,237,252
Travis,233,"Judge, County Criminal Court No. 8",,DEM,Carlos H. Barrera,383,143,240
Travis,234,"Judge, County Criminal Court No. 8",,DEM,Carlos H. Barrera,210,92,118
Travis,235,"Judge, County Criminal Court No. 8",,DEM,Carlos H. Barrera,689,277,412
Travis,236,"Judge, County Criminal Court No. 8",,DEM,Carlos H. Barrera,836,292,544
Travis,237,"Judge, County Criminal Court No. 8",,DEM,Carlos H. Barrera,386,170,216
Travis,238,"Judge, County Criminal Court No. 8",,DEM,Carlos H. Barrera,601,254,347
Travis,239,"Judge, County Criminal Court No. 8",,DEM,Carlos H. Barrera,622,261,361
Travis,240,"Judge, County Criminal Court No. 8",,DEM,Carlos H. Barrera,256,83,173
Travis,241,"Judge, County Criminal Court No. 8",,DEM,Carlos H. Barrera,428,158,270
Travis,242,"Judge, County Criminal Court No. 8",,DEM,Carlos H. Barrera,1293,573,720
Travis,243,"Judge, County Criminal Court No. 8",,DEM,Carlos H. Barrera,449,227,222
Travis,244,"Judge, County Criminal Court No. 8",,DEM,Carlos H. Barrera,367,191,176
Travis,245,"Judge, County Criminal Court No. 8",,DEM,Carlos H. Barrera,142,53,89
Travis,246,"Judge, County Criminal Court No. 8",,DEM,Carlos H. Barrera,348,138,210
Travis,247,"Judge, County Criminal Court No. 8",,DEM,Carlos H. Barrera,138,58,80
Travis,248,"Judge, County Criminal Court No. 8",,DEM,Carlos H. Barrera,538,234,304
Travis,249,"Judge, County Criminal Court No. 8",,DEM,Carlos H. Barrera,533,236,297
Travis,250,"Judge, County Criminal Court No. 8",,DEM,Carlos H. Barrera,990,428,562
Travis,251,"Judge, County Criminal Court No. 8",,DEM,Carlos H. Barrera,585,269,316
Travis,252,"Judge, County Criminal Court No. 8",,DEM,Carlos H. Barrera,564,275,289
Travis,253,"Judge, County Criminal Court No. 8",,DEM,Carlos H. Barrera,465,228,237
Travis,254,"Judge, County Criminal Court No. 8",,DEM,Carlos H. Barrera,500,226,274
Travis,256,"Judge, County Criminal Court No. 8",,DEM,Carlos H. Barrera,285,150,135
Travis,258,"Judge, County Criminal Court No. 8",,DEM,Carlos H. Barrera,442,203,239
Travis,259,"Judge, County Criminal Court No. 8",,DEM,Carlos H. Barrera,517,201,316
Travis,260,"Judge, County Criminal Court No. 8",,DEM,Carlos H. Barrera,151,51,100
Travis,262,"Judge, County Criminal Court No. 8",,DEM,Carlos H. Barrera,833,404,429
Travis,263,"Judge, County Criminal Court No. 8",,DEM,Carlos H. Barrera,565,212,353
Travis,266,"Judge, County Criminal Court No. 8",,DEM,Carlos H. Barrera,78,45,33
Travis,267,"Judge, County Criminal Court No. 8",,DEM,Carlos H. Barrera,273,146,127
Travis,268,"Judge, County Criminal Court No. 8",,DEM,Carlos H. Barrera,181,67,114
Travis,273,"Judge, County Criminal Court No. 8",,DEM,Carlos H. Barrera,704,294,410
Travis,274,"Judge, County Criminal Court No. 8",,DEM,Carlos H. Barrera,666,298,368
Travis,275,"Judge, County Criminal Court No. 8",,DEM,Carlos H. Barrera,889,365,524
Travis,277,"Judge, County Criminal Court No. 8",,DEM,Carlos H. Barrera,851,460,391
Travis,301,"Judge, County Criminal Court No. 8",,DEM,Carlos H. Barrera,230,92,138
Travis,302,"Judge, County Criminal Court No. 8",,DEM,Carlos H. Barrera,474,253,221
Travis,303,"Judge, County Criminal Court No. 8",,DEM,Carlos H. Barrera,400,205,195
Travis,304,"Judge, County Criminal Court No. 8",,DEM,Carlos H. Barrera,625,275,350
Travis,305,"Judge, County Criminal Court No. 8",,DEM,Carlos H. Barrera,3,2,1
Travis,306,"Judge, County Criminal Court No. 8",,DEM,Carlos H. Barrera,253,143,110
Travis,307,"Judge, County Criminal Court No. 8",,DEM,Carlos H. Barrera,232,111,121
Travis,308,"Judge, County Criminal Court No. 8",,DEM,Carlos H. Barrera,479,207,272
Travis,309,"Judge, County Criminal Court No. 8",,DEM,Carlos H. Barrera,423,221,202
Travis,310,"Judge, County Criminal Court No. 8",,DEM,Carlos H. Barrera,718,335,383
Travis,311,"Judge, County Criminal Court No. 8",,DEM,Carlos H. Barrera,871,506,365
Travis,312,"Judge, County Criminal Court No. 8",,DEM,Carlos H. Barrera,221,109,112
Travis,313,"Judge, County Criminal Court No. 8",,DEM,Carlos H. Barrera,86,34,52
Travis,314,"Judge, County Criminal Court No. 8",,DEM,Carlos H. Barrera,410,211,199
Travis,315,"Judge, County Criminal Court No. 8",,DEM,Carlos H. Barrera,641,297,344
Travis,316,"Judge, County Criminal Court No. 8",,DEM,Carlos H. Barrera,235,100,135
Travis,317,"Judge, County Criminal Court No. 8",,DEM,Carlos H. Barrera,349,179,170
Travis,318,"Judge, County Criminal Court No. 8",,DEM,Carlos H. Barrera,89,34,55
Travis,319,"Judge, County Criminal Court No. 8",,DEM,Carlos H. Barrera,179,93,86
Travis,320,"Judge, County Criminal Court No. 8",,DEM,Carlos H. Barrera,145,95,50
Travis,321,"Judge, County Criminal Court No. 8",,DEM,Carlos H. Barrera,121,56,65
Travis,323,"Judge, County Criminal Court No. 8",,DEM,Carlos H. Barrera,363,163,200
Travis,324,"Judge, County Criminal Court No. 8",,DEM,Carlos H. Barrera,389,199,190
Travis,325,"Judge, County Criminal Court No. 8",,DEM,Carlos H. Barrera,13,7,6
Travis,326,"Judge, County Criminal Court No. 8",,DEM,Carlos H. Barrera,291,127,164
Travis,327,"Judge, County Criminal Court No. 8",,DEM,Carlos H. Barrera,452,200,252
Travis,328,"Judge, County Criminal Court No. 8",,DEM,Carlos H. Barrera,686,321,365
Travis,329,"Judge, County Criminal Court No. 8",,DEM,Carlos H. Barrera,380,198,182
Travis,330,"Judge, County Criminal Court No. 8",,DEM,Carlos H. Barrera,327,141,186
Travis,331,"Judge, County Criminal Court No. 8",,DEM,Carlos H. Barrera,463,153,310
Travis,332,"Judge, County Criminal Court No. 8",,DEM,Carlos H. Barrera,746,267,479
Travis,333,"Judge, County Criminal Court No. 8",,DEM,Carlos H. Barrera,379,96,283
Travis,334,"Judge, County Criminal Court No. 8",,DEM,Carlos H. Barrera,282,116,166
Travis,335,"Judge, County Criminal Court No. 8",,DEM,Carlos H. Barrera,342,151,191
Travis,336,"Judge, County Criminal Court No. 8",,DEM,Carlos H. Barrera,305,121,184
Travis,337,"Judge, County Criminal Court No. 8",,DEM,Carlos H. Barrera,553,201,352
Travis,338,"Judge, County Criminal Court No. 8",,DEM,Carlos H. Barrera,726,282,444
Travis,339,"Judge, County Criminal Court No. 8",,DEM,Carlos H. Barrera,305,146,159
Travis,340,"Judge, County Criminal Court No. 8",,DEM,Carlos H. Barrera,498,199,299
Travis,341,"Judge, County Criminal Court No. 8",,DEM,Carlos H. Barrera,5,0,5
Travis,342,"Judge, County Criminal Court No. 8",,DEM,Carlos H. Barrera,1167,511,656
Travis,343,"Judge, County Criminal Court No. 8",,DEM,Carlos H. Barrera,231,82,149
Travis,344,"Judge, County Criminal Court No. 8",,DEM,Carlos H. Barrera,383,172,211
Travis,345,"Judge, County Criminal Court No. 8",,DEM,Carlos H. Barrera,1,1,0
Travis,346,"Judge, County Criminal Court No. 8",,DEM,Carlos H. Barrera,229,141,88
Travis,347,"Judge, County Criminal Court No. 8",,DEM,Carlos H. Barrera,370,189,181
Travis,349,"Judge, County Criminal Court No. 8",,DEM,Carlos H. Barrera,752,326,426
Travis,350,"Judge, County Criminal Court No. 8",,DEM,Carlos H. Barrera,778,360,418
Travis,351,"Judge, County Criminal Court No. 8",,DEM,Carlos H. Barrera,259,124,135
Travis,352,"Judge, County Criminal Court No. 8",,DEM,Carlos H. Barrera,685,358,327
Travis,354,"Judge, County Criminal Court No. 8",,DEM,Carlos H. Barrera,716,421,295
Travis,356,"Judge, County Criminal Court No. 8",,DEM,Carlos H. Barrera,263,122,141
Travis,357,"Judge, County Criminal Court No. 8",,DEM,Carlos H. Barrera,85,34,51
Travis,358,"Judge, County Criminal Court No. 8",,DEM,Carlos H. Barrera,977,466,511
Travis,359,"Judge, County Criminal Court No. 8",,DEM,Carlos H. Barrera,467,214,253
Travis,360,"Judge, County Criminal Court No. 8",,DEM,Carlos H. Barrera,688,299,389
Travis,361,"Judge, County Criminal Court No. 8",,DEM,Carlos H. Barrera,199,88,111
Travis,362,"Judge, County Criminal Court No. 8",,DEM,Carlos H. Barrera,616,317,299
Travis,363,"Judge, County Criminal Court No. 8",,DEM,Carlos H. Barrera,277,135,142
Travis,364,"Judge, County Criminal Court No. 8",,DEM,Carlos H. Barrera,525,306,219
Travis,365,"Judge, County Criminal Court No. 8",,DEM,Carlos H. Barrera,284,115,169
Travis,366,"Judge, County Criminal Court No. 8",,DEM,Carlos H. Barrera,844,393,451
Travis,367,"Judge, County Criminal Court No. 8",,DEM,Carlos H. Barrera,783,352,431
Travis,368,"Judge, County Criminal Court No. 8",,DEM,Carlos H. Barrera,21,13,8
Travis,369,"Judge, County Criminal Court No. 8",,DEM,Carlos H. Barrera,169,52,117
Travis,370,"Judge, County Criminal Court No. 8",,DEM,Carlos H. Barrera,127,17,110
Travis,371,"Judge, County Criminal Court No. 8",,DEM,Carlos H. Barrera,211,87,124
Travis,372,"Judge, County Criminal Court No. 8",,DEM,Carlos H. Barrera,150,51,99
Travis,373,"Judge, County Criminal Court No. 8",,DEM,Carlos H. Barrera,332,132,200
Travis,374,"Judge, County Criminal Court No. 8",,DEM,Carlos H. Barrera,424,154,270
Travis,375,"Judge, County Criminal Court No. 8",,DEM,Carlos H. Barrera,82,28,54
Travis,401,"Judge, County Criminal Court No. 8",,DEM,Carlos H. Barrera,315,145,170
Travis,402,"Judge, County Criminal Court No. 8",,DEM,Carlos H. Barrera,421,177,244
Travis,403,"Judge, County Criminal Court No. 8",,DEM,Carlos H. Barrera,165,58,107
Travis,404,"Judge, County Criminal Court No. 8",,DEM,Carlos H. Barrera,412,158,254
Travis,405,"Judge, County Criminal Court No. 8",,DEM,Carlos H. Barrera,83,31,52
Travis,406,"Judge, County Criminal Court No. 8",,DEM,Carlos H. Barrera,390,225,165
Travis,407,"Judge, County Criminal Court No. 8",,DEM,Carlos H. Barrera,293,127,166
Travis,408,"Judge, County Criminal Court No. 8",,DEM,Carlos H. Barrera,514,198,316
Travis,409,"Judge, County Criminal Court No. 8",,DEM,Carlos H. Barrera,503,212,291
Travis,410,"Judge, County Criminal Court No. 8",,DEM,Carlos H. Barrera,563,274,289
Travis,411,"Judge, County Criminal Court No. 8",,DEM,Carlos H. Barrera,293,127,166
Travis,412,"Judge, County Criminal Court No. 8",,DEM,Carlos H. Barrera,25,15,10
Travis,413,"Judge, County Criminal Court No. 8",,DEM,Carlos H. Barrera,164,67,97
Travis,414,"Judge, County Criminal Court No. 8",,DEM,Carlos H. Barrera,603,265,338
Travis,415,"Judge, County Criminal Court No. 8",,DEM,Carlos H. Barrera,226,82,144
Travis,416,"Judge, County Criminal Court No. 8",,DEM,Carlos H. Barrera,23,10,13
Travis,417,"Judge, County Criminal Court No. 8",,DEM,Carlos H. Barrera,270,138,132
Travis,418,"Judge, County Criminal Court No. 8",,DEM,Carlos H. Barrera,0,0,0
Travis,419,"Judge, County Criminal Court No. 8",,DEM,Carlos H. Barrera,83,50,33
Travis,420,"Judge, County Criminal Court No. 8",,DEM,Carlos H. Barrera,517,225,292
Travis,421,"Judge, County Criminal Court No. 8",,DEM,Carlos H. Barrera,562,225,337
Travis,422,"Judge, County Criminal Court No. 8",,DEM,Carlos H. Barrera,544,239,305
Travis,423,"Judge, County Criminal Court No. 8",,DEM,Carlos H. Barrera,575,230,345
Travis,424,"Judge, County Criminal Court No. 8",,DEM,Carlos H. Barrera,547,217,330
Travis,425,"Judge, County Criminal Court No. 8",,DEM,Carlos H. Barrera,179,76,103
Travis,426,"Judge, County Criminal Court No. 8",,DEM,Carlos H. Barrera,603,271,332
Travis,427,"Judge, County Criminal Court No. 8",,DEM,Carlos H. Barrera,437,209,228
Travis,428,"Judge, County Criminal Court No. 8",,DEM,Carlos H. Barrera,209,95,114
Travis,429,"Judge, County Criminal Court No. 8",,DEM,Carlos H. Barrera,1141,510,631
Travis,430,"Judge, County Criminal Court No. 8",,DEM,Carlos H. Barrera,290,115,175
Travis,431,"Judge, County Criminal Court No. 8",,DEM,Carlos H. Barrera,1064,433,631
Travis,432,"Judge, County Criminal Court No. 8",,DEM,Carlos H. Barrera,1,1,0
Travis,433,"Judge, County Criminal Court No. 8",,DEM,Carlos H. Barrera,592,281,311
Travis,434,"Judge, County Criminal Court No. 8",,DEM,Carlos H. Barrera,2,1,1
Travis,435,"Judge, County Criminal Court No. 8",,DEM,Carlos H. Barrera,975,432,543
Travis,436,"Judge, County Criminal Court No. 8",,DEM,Carlos H. Barrera,72,31,41
Travis,437,"Judge, County Criminal Court No. 8",,DEM,Carlos H. Barrera,532,205,327
Travis,438,"Judge, County Criminal Court No. 8",,DEM,Carlos H. Barrera,326,148,178
Travis,439,"Judge, County Criminal Court No. 8",,DEM,Carlos H. Barrera,613,258,355
Travis,440,"Judge, County Criminal Court No. 8",,DEM,Carlos H. Barrera,196,96,100
Travis,441,"Judge, County Criminal Court No. 8",,DEM,Carlos H. Barrera,795,386,409
Travis,442,"Judge, County Criminal Court No. 8",,DEM,Carlos H. Barrera,298,121,177
Travis,443,"Judge, County Criminal Court No. 8",,DEM,Carlos H. Barrera,467,209,258
Travis,444,"Judge, County Criminal Court No. 8",,DEM,Carlos H. Barrera,25,12,13
Travis,446,"Judge, County Criminal Court No. 8",,DEM,Carlos H. Barrera,255,105,150
Travis,447,"Judge, County Criminal Court No. 8",,DEM,Carlos H. Barrera,735,303,432
Travis,448,"Judge, County Criminal Court No. 8",,DEM,Carlos H. Barrera,392,165,227
Travis,450,"Judge, County Criminal Court No. 8",,DEM,Carlos H. Barrera,639,267,372
Travis,451,"Judge, County Criminal Court No. 8",,DEM,Carlos H. Barrera,621,261,360
Travis,452,"Judge, County Criminal Court No. 8",,DEM,Carlos H. Barrera,307,127,180
Travis,454,"Judge, County Criminal Court No. 8",,DEM,Carlos H. Barrera,453,234,219
Travis,458,"Judge, County Criminal Court No. 8",,DEM,Carlos H. Barrera,659,339,320
Travis,460,"Judge, County Criminal Court No. 8",,DEM,Carlos H. Barrera,777,385,392
Travis,461,"Judge, County Criminal Court No. 8",,DEM,Carlos H. Barrera,844,370,474
Travis,463,"Judge, County Criminal Court No. 8",,DEM,Carlos H. Barrera,647,262,385
Travis,102,State Representative,50,DEM,Celia Israel,178,60,118
Travis,103,State Representative,50,DEM,Celia Israel,274,109,165
Travis,104,State Representative,50,DEM,Celia Israel,217,99,118
Travis,106,State Representative,50,DEM,Celia Israel,331,136,195
Travis,107,State Representative,50,DEM,Celia Israel,34,12,22
Travis,108,State Representative,50,DEM,Celia Israel,301,92,209
Travis,109,State Representative,50,DEM,Celia Israel,363,130,233
Travis,110,State Representative,50,DEM,Celia Israel,674,252,422
Travis,111,State Representative,50,DEM,Celia Israel,644,242,402
Travis,112,State Representative,50,DEM,Celia Israel,196,69,127
Travis,123,State Representative,50,DEM,Celia Israel,493,182,311
Travis,128,State Representative,50,DEM,Celia Israel,0,0,0
Travis,137,State Representative,50,DEM,Celia Israel,912,335,577
Travis,140,State Representative,50,DEM,Celia Israel,315,136,179
Travis,150,State Representative,50,DEM,Celia Israel,248,102,146
Travis,153,State Representative,50,DEM,Celia Israel,803,301,502
Travis,154,State Representative,50,DEM,Celia Israel,481,147,334
Travis,161,State Representative,50,DEM,Celia Israel,191,77,114
Travis,163,State Representative,50,DEM,Celia Israel,24,10,14
Travis,164,State Representative,50,DEM,Celia Israel,274,104,170
Travis,205,State Representative,50,DEM,Celia Israel,418,164,254
Travis,207,State Representative,50,DEM,Celia Israel,706,285,421
Travis,211,State Representative,50,DEM,Celia Israel,349,135,214
Travis,215,State Representative,50,DEM,Celia Israel,353,126,227
Travis,216,State Representative,50,DEM,Celia Israel,262,85,177
Travis,219,State Representative,50,DEM,Celia Israel,410,151,259
Travis,225,State Representative,50,DEM,Celia Israel,496,173,323
Travis,226,State Representative,50,DEM,Celia Israel,286,101,185
Travis,227,State Representative,50,DEM,Celia Israel,82,32,50
Travis,229,State Representative,50,DEM,Celia Israel,410,157,253
Travis,254,State Representative,50,DEM,Celia Israel,532,244,288
Travis,259,State Representative,50,DEM,Celia Israel,555,217,338
Travis,263,State Representative,50,DEM,Celia Israel,597,218,379
Travis,321,State Representative,50,DEM,Celia Israel,135,64,71
Travis,326,State Representative,50,DEM,Celia Israel,325,132,193
Travis,327,State Representative,50,DEM,Celia Israel,504,227,277
Travis,328,State Representative,50,DEM,Celia Israel,720,337,383
Travis,331,State Representative,50,DEM,Celia Israel,502,167,335
Travis,335,State Representative,50,DEM,Celia Israel,364,163,201
Travis,101,"District Judge, 450th Judicial District",,DEM,Chantal Melissa Eldridge,470,176,294
Travis,102,"District Judge, 450th Judicial District",,DEM,Chantal Melissa Eldridge,96,29,67
Travis,103,"District Judge, 450th Judicial District",,DEM,Chantal Melissa Eldridge,145,56,89
Travis,104,"District Judge, 450th Judicial District",,DEM,Chantal Melissa Eldridge,129,65,64
Travis,105,"District Judge, 450th Judicial District",,DEM,Chantal Melissa Eldridge,558,238,320
Travis,106,"District Judge, 450th Judicial District",,DEM,Chantal Melissa Eldridge,230,101,129
Travis,107,"District Judge, 450th Judicial District",,DEM,Chantal Melissa Eldridge,14,4,10
Travis,108,"District Judge, 450th Judicial District",,DEM,Chantal Melissa Eldridge,158,45,113
Travis,109,"District Judge, 450th Judicial District",,DEM,Chantal Melissa Eldridge,191,66,125
Travis,110,"District Judge, 450th Judicial District",,DEM,Chantal Melissa Eldridge,394,136,258
Travis,111,"District Judge, 450th Judicial District",,DEM,Chantal Melissa Eldridge,357,130,227
Travis,112,"District Judge, 450th Judicial District",,DEM,Chantal Melissa Eldridge,116,39,77
Travis,113,"District Judge, 450th Judicial District",,DEM,Chantal Melissa Eldridge,500,154,346
Travis,114,"District Judge, 450th Judicial District",,DEM,Chantal Melissa Eldridge,29,13,16
Travis,115,"District Judge, 450th Judicial District",,DEM,Chantal Melissa Eldridge,0,0,0
Travis,116,"District Judge, 450th Judicial District",,DEM,Chantal Melissa Eldridge,0,0,0
Travis,117,"District Judge, 450th Judicial District",,DEM,Chantal Melissa Eldridge,294,124,170
Travis,118,"District Judge, 450th Judicial District",,DEM,Chantal Melissa Eldridge,59,28,31
Travis,119,"District Judge, 450th Judicial District",,DEM,Chantal Melissa Eldridge,0,0,0
Travis,120,"District Judge, 450th Judicial District",,DEM,Chantal Melissa Eldridge,15,9,6
Travis,121,"District Judge, 450th Judicial District",,DEM,Chantal Melissa Eldridge,97,48,49
Travis,122,"District Judge, 450th Judicial District",,DEM,Chantal Melissa Eldridge,404,215,189
Travis,123,"District Judge, 450th Judicial District",,DEM,Chantal Melissa Eldridge,284,99,185
Travis,124,"District Judge, 450th Judicial District",,DEM,Chantal Melissa Eldridge,484,219,265
Travis,125,"District Judge, 450th Judicial District",,DEM,Chantal Melissa Eldridge,0,0,0
Travis,126,"District Judge, 450th Judicial District",,DEM,Chantal Melissa Eldridge,631,290,341
Travis,127,"District Judge, 450th Judicial District",,DEM,Chantal Melissa Eldridge,0,0,0
Travis,128,"District Judge, 450th Judicial District",,DEM,Chantal Melissa Eldridge,0,0,0
Travis,129,"District Judge, 450th Judicial District",,DEM,Chantal Melissa Eldridge,333,172,161
Travis,130,"District Judge, 450th Judicial District",,DEM,Chantal Melissa Eldridge,223,83,140
Travis,131,"District Judge, 450th Judicial District",,DEM,Chantal Melissa Eldridge,0,0,0
Travis,132,"District Judge, 450th Judicial District",,DEM,Chantal Melissa Eldridge,334,160,174
Travis,133,"District Judge, 450th Judicial District",,DEM,Chantal Melissa Eldridge,281,93,188
Travis,134,"District Judge, 450th Judicial District",,DEM,Chantal Melissa Eldridge,0,0,0
Travis,135,"District Judge, 450th Judicial District",,DEM,Chantal Melissa Eldridge,595,251,344
Travis,136,"District Judge, 450th Judicial District",,DEM,Chantal Melissa Eldridge,216,88,128
Travis,137,"District Judge, 450th Judicial District",,DEM,Chantal Melissa Eldridge,534,182,352
Travis,138,"District Judge, 450th Judicial District",,DEM,Chantal Melissa Eldridge,0,0,0
Travis,139,"District Judge, 450th Judicial District",,DEM,Chantal Melissa Eldridge,314,140,174
Travis,140,"District Judge, 450th Judicial District",,DEM,Chantal Melissa Eldridge,186,72,114
Travis,141,"District Judge, 450th Judicial District",,DEM,Chantal Melissa Eldridge,40,13,27
Travis,142,"District Judge, 450th Judicial District",,DEM,Chantal Melissa Eldridge,111,50,61
Travis,145,"District Judge, 450th Judicial District",,DEM,Chantal Melissa Eldridge,225,73,152
Travis,146,"District Judge, 450th Judicial District",,DEM,Chantal Melissa Eldridge,214,106,108
Travis,148,"District Judge, 450th Judicial District",,DEM,Chantal Melissa Eldridge,319,133,186
Travis,149,"District Judge, 450th Judicial District",,DEM,Chantal Melissa Eldridge,169,59,110
Travis,150,"District Judge, 450th Judicial District",,DEM,Chantal Melissa Eldridge,139,61,78
Travis,151,"District Judge, 450th Judicial District",,DEM,Chantal Melissa Eldridge,278,117,161
Travis,152,"District Judge, 450th Judicial District",,DEM,Chantal Melissa Eldridge,447,217,230
Travis,153,"District Judge, 450th Judicial District",,DEM,Chantal Melissa Eldridge,465,163,302
Travis,154,"District Judge, 450th Judicial District",,DEM,Chantal Melissa Eldridge,286,93,193
Travis,156,"District Judge, 450th Judicial District",,DEM,Chantal Melissa Eldridge,561,251,310
Travis,160,"District Judge, 450th Judicial District",,DEM,Chantal Melissa Eldridge,167,62,105
Travis,161,"District Judge, 450th Judicial District",,DEM,Chantal Melissa Eldridge,114,43,71
Travis,163,"District Judge, 450th Judicial District",,DEM,Chantal Melissa Eldridge,13,6,7
Travis,164,"District Judge, 450th Judicial District",,DEM,Chantal Melissa Eldridge,162,55,107
Travis,200,"District Judge, 450th Judicial District",,DEM,Chantal Melissa Eldridge,477,205,272
Travis,202,"District Judge, 450th Judicial District",,DEM,Chantal Melissa Eldridge,348,143,205
Travis,203,"District Judge, 450th Judicial District",,DEM,Chantal Melissa Eldridge,62,16,46
Travis,205,"District Judge, 450th Judicial District",,DEM,Chantal Melissa Eldridge,227,79,148
Travis,206,"District Judge, 450th Judicial District",,DEM,Chantal Melissa Eldridge,133,68,65
Travis,207,"District Judge, 450th Judicial District",,DEM,Chantal Melissa Eldridge,375,150,225
Travis,208,"District Judge, 450th Judicial District",,DEM,Chantal Melissa Eldridge,730,421,309
Travis,209,"District Judge, 450th Judicial District",,DEM,Chantal Melissa Eldridge,89,41,48
Travis,210,"District Judge, 450th Judicial District",,DEM,Chantal Melissa Eldridge,98,47,51
Travis,211,"District Judge, 450th Judicial District",,DEM,Chantal Melissa Eldridge,177,64,113
Travis,212,"District Judge, 450th Judicial District",,DEM,Chantal Melissa Eldridge,178,83,95
Travis,213,"District Judge, 450th Judicial District",,DEM,Chantal Melissa Eldridge,0,0,0
Travis,214,"District Judge, 450th Judicial District",,DEM,Chantal Melissa Eldridge,178,64,114
Travis,215,"District Judge, 450th Judicial District",,DEM,Chantal Melissa Eldridge,200,72,128
Travis,216,"District Judge, 450th Judicial District",,DEM,Chantal Melissa Eldridge,155,54,101
Travis,217,"District Judge, 450th Judicial District",,DEM,Chantal Melissa Eldridge,195,82,113
Travis,218,"District Judge, 450th Judicial District",,DEM,Chantal Melissa Eldridge,415,148,267
Travis,219,"District Judge, 450th Judicial District",,DEM,Chantal Melissa Eldridge,259,84,175
Travis,220,"District Judge, 450th Judicial District",,DEM,Chantal Melissa Eldridge,118,47,71
Travis,221,"District Judge, 450th Judicial District",,DEM,Chantal Melissa Eldridge,52,22,30
Travis,222,"District Judge, 450th Judicial District",,DEM,Chantal Melissa Eldridge,273,99,174
Travis,223,"District Judge, 450th Judicial District",,DEM,Chantal Melissa Eldridge,41,16,25
Travis,224,"District Judge, 450th Judicial District",,DEM,Chantal Melissa Eldridge,13,6,7
Travis,225,"District Judge, 450th Judicial District",,DEM,Chantal Melissa Eldridge,289,100,189
Travis,226,"District Judge, 450th Judicial District",,DEM,Chantal Melissa Eldridge,173,62,111
Travis,227,"District Judge, 450th Judicial District",,DEM,Chantal Melissa Eldridge,45,17,28
Travis,228,"District Judge, 450th Judicial District",,DEM,Chantal Melissa Eldridge,148,67,81
Travis,229,"District Judge, 450th Judicial District",,DEM,Chantal Melissa Eldridge,212,81,131
Travis,231,"District Judge, 450th Judicial District",,DEM,Chantal Melissa Eldridge,224,95,129
Travis,232,"District Judge, 450th Judicial District",,DEM,Chantal Melissa Eldridge,273,127,146
Travis,233,"District Judge, 450th Judicial District",,DEM,Chantal Melissa Eldridge,205,74,131
Travis,234,"District Judge, 450th Judicial District",,DEM,Chantal Melissa Eldridge,102,41,61
Travis,235,"District Judge, 450th Judicial District",,DEM,Chantal Melissa Eldridge,343,142,201
Travis,236,"District Judge, 450th Judicial District",,DEM,Chantal Melissa Eldridge,344,112,232
Travis,237,"District Judge, 450th Judicial District",,DEM,Chantal Melissa Eldridge,141,53,88
Travis,238,"District Judge, 450th Judicial District",,DEM,Chantal Melissa Eldridge,277,111,166
Travis,239,"District Judge, 450th Judicial District",,DEM,Chantal Melissa Eldridge,215,84,131
Travis,240,"District Judge, 450th Judicial District",,DEM,Chantal Melissa Eldridge,117,39,78
Travis,241,"District Judge, 450th Judicial District",,DEM,Chantal Melissa Eldridge,139,50,89
Travis,242,"District Judge, 450th Judicial District",,DEM,Chantal Melissa Eldridge,521,231,290
Travis,243,"District Judge, 450th Judicial District",,DEM,Chantal Melissa Eldridge,206,101,105
Travis,244,"District Judge, 450th Judicial District",,DEM,Chantal Melissa Eldridge,214,116,98
Travis,245,"District Judge, 450th Judicial District",,DEM,Chantal Melissa Eldridge,87,32,55
Travis,246,"District Judge, 450th Judicial District",,DEM,Chantal Melissa Eldridge,172,68,104
Travis,247,"District Judge, 450th Judicial District",,DEM,Chantal Melissa Eldridge,52,21,31
Travis,248,"District Judge, 450th Judicial District",,DEM,Chantal Melissa Eldridge,248,110,138
Travis,249,"District Judge, 450th Judicial District",,DEM,Chantal Melissa Eldridge,258,111,147
Travis,250,"District Judge, 450th Judicial District",,DEM,Chantal Melissa Eldridge,374,156,218
Travis,251,"District Judge, 450th Judicial District",,DEM,Chantal Melissa Eldridge,243,113,130
Travis,252,"District Judge, 450th Judicial District",,DEM,Chantal Melissa Eldridge,303,143,160
Travis,253,"District Judge, 450th Judicial District",,DEM,Chantal Melissa Eldridge,214,94,120
Travis,254,"District Judge, 450th Judicial District",,DEM,Chantal Melissa Eldridge,267,122,145
Travis,256,"District Judge, 450th Judicial District",,DEM,Chantal Melissa Eldridge,106,44,62
Travis,258,"District Judge, 450th Judicial District",,DEM,Chantal Melissa Eldridge,237,94,143
Travis,259,"District Judge, 450th Judicial District",,DEM,Chantal Melissa Eldridge,277,110,167
Travis,260,"District Judge, 450th Judicial District",,DEM,Chantal Melissa Eldridge,87,34,53
Travis,262,"District Judge, 450th Judicial District",,DEM,Chantal Melissa Eldridge,433,195,238
Travis,263,"District Judge, 450th Judicial District",,DEM,Chantal Melissa Eldridge,284,103,181
Travis,266,"District Judge, 450th Judicial District",,DEM,Chantal Melissa Eldridge,26,18,8
Travis,267,"District Judge, 450th Judicial District",,DEM,Chantal Melissa Eldridge,123,64,59
Travis,268,"District Judge, 450th Judicial District",,DEM,Chantal Melissa Eldridge,91,29,62
Travis,273,"District Judge, 450th Judicial District",,DEM,Chantal Melissa Eldridge,294,117,177
Travis,274,"District Judge, 450th Judicial District",,DEM,Chantal Melissa Eldridge,299,139,160
Travis,275,"District Judge, 450th Judicial District",,DEM,Chantal Melissa Eldridge,350,127,223
Travis,277,"District Judge, 450th Judicial District",,DEM,Chantal Melissa Eldridge,400,217,183
Travis,301,"District Judge, 450th Judicial District",,DEM,Chantal Melissa Eldridge,113,44,69
Travis,302,"District Judge, 450th Judicial District",,DEM,Chantal Melissa Eldridge,219,114,105
Travis,303,"District Judge, 450th Judicial District",,DEM,Chantal Melissa Eldridge,187,81,106
Travis,304,"District Judge, 450th Judicial District",,DEM,Chantal Melissa Eldridge,327,135,192
Travis,305,"District Judge, 450th Judicial District",,DEM,Chantal Melissa Eldridge,2,1,1
Travis,306,"District Judge, 450th Judicial District",,DEM,Chantal Melissa Eldridge,147,83,64
Travis,307,"District Judge, 450th Judicial District",,DEM,Chantal Melissa Eldridge,122,56,66
Travis,308,"District Judge, 450th Judicial District",,DEM,Chantal Melissa Eldridge,287,129,158
Travis,309,"District Judge, 450th Judicial District",,DEM,Chantal Melissa Eldridge,221,123,98
Travis,310,"District Judge, 450th Judicial District",,DEM,Chantal Melissa Eldridge,330,156,174
Travis,311,"District Judge, 450th Judicial District",,DEM,Chantal Melissa Eldridge,403,251,152
Travis,312,"District Judge, 450th Judicial District",,DEM,Chantal Melissa Eldridge,119,54,65
Travis,313,"District Judge, 450th Judicial District",,DEM,Chantal Melissa Eldridge,32,13,19
Travis,314,"District Judge, 450th Judicial District",,DEM,Chantal Melissa Eldridge,201,102,99
Travis,315,"District Judge, 450th Judicial District",,DEM,Chantal Melissa Eldridge,255,126,129
Travis,316,"District Judge, 450th Judicial District",,DEM,Chantal Melissa Eldridge,143,61,82
Travis,317,"District Judge, 450th Judicial District",,DEM,Chantal Melissa Eldridge,166,81,85
Travis,318,"District Judge, 450th Judicial District",,DEM,Chantal Melissa Eldridge,56,21,35
Travis,319,"District Judge, 450th Judicial District",,DEM,Chantal Melissa Eldridge,101,60,41
Travis,320,"District Judge, 450th Judicial District",,DEM,Chantal Melissa Eldridge,84,57,27
Travis,321,"District Judge, 450th Judicial District",,DEM,Chantal Melissa Eldridge,76,39,37
Travis,323,"District Judge, 450th Judicial District",,DEM,Chantal Melissa Eldridge,195,92,103
Travis,324,"District Judge, 450th Judicial District",,DEM,Chantal Melissa Eldridge,240,110,130
Travis,325,"District Judge, 450th Judicial District",,DEM,Chantal Melissa Eldridge,9,6,3
Travis,326,"District Judge, 450th Judicial District",,DEM,Chantal Melissa Eldridge,178,73,105
Travis,327,"District Judge, 450th Judicial District",,DEM,Chantal Melissa Eldridge,186,84,102
Travis,328,"District Judge, 450th Judicial District",,DEM,Chantal Melissa Eldridge,362,154,208
Travis,329,"District Judge, 450th Judicial District",,DEM,Chantal Melissa Eldridge,157,83,74
Travis,330,"District Judge, 450th Judicial District",,DEM,Chantal Melissa Eldridge,176,78,98
Travis,331,"District Judge, 450th Judicial District",,DEM,Chantal Melissa Eldridge,244,77,167
Travis,332,"District Judge, 450th Judicial District",,DEM,Chantal Melissa Eldridge,280,99,181
Travis,333,"District Judge, 450th Judicial District",,DEM,Chantal Melissa Eldridge,205,48,157
Travis,334,"District Judge, 450th Judicial District",,DEM,Chantal Melissa Eldridge,166,70,96
Travis,335,"District Judge, 450th Judicial District",,DEM,Chantal Melissa Eldridge,184,85,99
Travis,336,"District Judge, 450th Judicial District",,DEM,Chantal Melissa Eldridge,166,64,102
Travis,337,"District Judge, 450th Judicial District",,DEM,Chantal Melissa Eldridge,289,112,177
Travis,338,"District Judge, 450th Judicial District",,DEM,Chantal Melissa Eldridge,367,152,215
Travis,339,"District Judge, 450th Judicial District",,DEM,Chantal Melissa Eldridge,158,70,88
Travis,340,"District Judge, 450th Judicial District",,DEM,Chantal Melissa Eldridge,229,89,140
Travis,341,"District Judge, 450th Judicial District",,DEM,Chantal Melissa Eldridge,3,0,3
Travis,342,"District Judge, 450th Judicial District",,DEM,Chantal Melissa Eldridge,461,196,265
Travis,343,"District Judge, 450th Judicial District",,DEM,Chantal Melissa Eldridge,150,48,102
Travis,344,"District Judge, 450th Judicial District",,DEM,Chantal Melissa Eldridge,184,77,107
Travis,345,"District Judge, 450th Judicial District",,DEM,Chantal Melissa Eldridge,1,1,0
Travis,346,"District Judge, 450th Judicial District",,DEM,Chantal Melissa Eldridge,133,79,54
Travis,347,"District Judge, 450th Judicial District",,DEM,Chantal Melissa Eldridge,171,91,80
Travis,349,"District Judge, 450th Judicial District",,DEM,Chantal Melissa Eldridge,403,160,243
Travis,350,"District Judge, 450th Judicial District",,DEM,Chantal Melissa Eldridge,378,168,210
Travis,351,"District Judge, 450th Judicial District",,DEM,Chantal Melissa Eldridge,145,65,80
Travis,352,"District Judge, 450th Judicial District",,DEM,Chantal Melissa Eldridge,332,169,163
Travis,354,"District Judge, 450th Judicial District",,DEM,Chantal Melissa Eldridge,328,186,142
Travis,356,"District Judge, 450th Judicial District",,DEM,Chantal Melissa Eldridge,131,60,71
Travis,357,"District Judge, 450th Judicial District",,DEM,Chantal Melissa Eldridge,47,19,28
Travis,358,"District Judge, 450th Judicial District",,DEM,Chantal Melissa Eldridge,455,196,259
Travis,359,"District Judge, 450th Judicial District",,DEM,Chantal Melissa Eldridge,295,135,160
Travis,360,"District Judge, 450th Judicial District",,DEM,Chantal Melissa Eldridge,334,136,198
Travis,361,"District Judge, 450th Judicial District",,DEM,Chantal Melissa Eldridge,110,45,65
Travis,362,"District Judge, 450th Judicial District",,DEM,Chantal Melissa Eldridge,279,132,147
Travis,363,"District Judge, 450th Judicial District",,DEM,Chantal Melissa Eldridge,135,59,76
Travis,364,"District Judge, 450th Judicial District",,DEM,Chantal Melissa Eldridge,232,124,108
Travis,365,"District Judge, 450th Judicial District",,DEM,Chantal Melissa Eldridge,139,54,85
Travis,366,"District Judge, 450th Judicial District",,DEM,Chantal Melissa Eldridge,430,204,226
Travis,367,"District Judge, 450th Judicial District",,DEM,Chantal Melissa Eldridge,455,198,257
Travis,368,"District Judge, 450th Judicial District",,DEM,Chantal Melissa Eldridge,14,8,6
Travis,369,"District Judge, 450th Judicial District",,DEM,Chantal Melissa Eldridge,98,31,67
Travis,370,"District Judge, 450th Judicial District",,DEM,Chantal Melissa Eldridge,83,11,72
Travis,371,"District Judge, 450th Judicial District",,DEM,Chantal Melissa Eldridge,131,60,71
Travis,372,"District Judge, 450th Judicial District",,DEM,Chantal Melissa Eldridge,89,28,61
Travis,373,"District Judge, 450th Judicial District",,DEM,Chantal Melissa Eldridge,227,94,133
Travis,374,"District Judge, 450th Judicial District",,DEM,Chantal Melissa Eldridge,251,78,173
Travis,375,"District Judge, 450th Judicial District",,DEM,Chantal Melissa Eldridge,44,14,30
Travis,401,"District Judge, 450th Judicial District",,DEM,Chantal Melissa Eldridge,178,82,96
Travis,402,"District Judge, 450th Judicial District",,DEM,Chantal Melissa Eldridge,226,95,131
Travis,403,"District Judge, 450th Judicial District",,DEM,Chantal Melissa Eldridge,81,28,53
Travis,404,"District Judge, 450th Judicial District",,DEM,Chantal Melissa Eldridge,220,86,134
Travis,405,"District Judge, 450th Judicial District",,DEM,Chantal Melissa Eldridge,39,11,28
Travis,406,"District Judge, 450th Judicial District",,DEM,Chantal Melissa Eldridge,184,98,86
Travis,407,"District Judge, 450th Judicial District",,DEM,Chantal Melissa Eldridge,137,64,73
Travis,408,"District Judge, 450th Judicial District",,DEM,Chantal Melissa Eldridge,242,90,152
Travis,409,"District Judge, 450th Judicial District",,DEM,Chantal Melissa Eldridge,215,85,130
Travis,410,"District Judge, 450th Judicial District",,DEM,Chantal Melissa Eldridge,271,126,145
Travis,411,"District Judge, 450th Judicial District",,DEM,Chantal Melissa Eldridge,151,61,90
Travis,412,"District Judge, 450th Judicial District",,DEM,Chantal Melissa Eldridge,14,7,7
Travis,413,"District Judge, 450th Judicial District",,DEM,Chantal Melissa Eldridge,92,40,52
Travis,414,"District Judge, 450th Judicial District",,DEM,Chantal Melissa Eldridge,314,145,169
Travis,415,"District Judge, 450th Judicial District",,DEM,Chantal Melissa Eldridge,115,38,77
Travis,416,"District Judge, 450th Judicial District",,DEM,Chantal Melissa Eldridge,11,3,8
Travis,417,"District Judge, 450th Judicial District",,DEM,Chantal Melissa Eldridge,118,58,60
Travis,418,"District Judge, 450th Judicial District",,DEM,Chantal Melissa Eldridge,0,0,0
Travis,419,"District Judge, 450th Judicial District",,DEM,Chantal Melissa Eldridge,35,19,16
Travis,420,"District Judge, 450th Judicial District",,DEM,Chantal Melissa Eldridge,273,120,153
Travis,421,"District Judge, 450th Judicial District",,DEM,Chantal Melissa Eldridge,217,91,126
Travis,422,"District Judge, 450th Judicial District",,DEM,Chantal Melissa Eldridge,224,97,127
Travis,423,"District Judge, 450th Judicial District",,DEM,Chantal Melissa Eldridge,250,94,156
Travis,424,"District Judge, 450th Judicial District",,DEM,Chantal Melissa Eldridge,203,73,130
Travis,425,"District Judge, 450th Judicial District",,DEM,Chantal Melissa Eldridge,80,41,39
Travis,426,"District Judge, 450th Judicial District",,DEM,Chantal Melissa Eldridge,204,71,133
Travis,427,"District Judge, 450th Judicial District",,DEM,Chantal Melissa Eldridge,199,98,101
Travis,428,"District Judge, 450th Judicial District",,DEM,Chantal Melissa Eldridge,99,43,56
Travis,429,"District Judge, 450th Judicial District",,DEM,Chantal Melissa Eldridge,578,248,330
Travis,430,"District Judge, 450th Judicial District",,DEM,Chantal Melissa Eldridge,156,55,101
Travis,431,"District Judge, 450th Judicial District",,DEM,Chantal Melissa Eldridge,560,224,336
Travis,432,"District Judge, 450th Judicial District",,DEM,Chantal Melissa Eldridge,1,1,0
Travis,433,"District Judge, 450th Judicial District",,DEM,Chantal Melissa Eldridge,267,122,145
Travis,434,"District Judge, 450th Judicial District",,DEM,Chantal Melissa Eldridge,1,1,0
Travis,435,"District Judge, 450th Judicial District",,DEM,Chantal Melissa Eldridge,497,203,294
Travis,436,"District Judge, 450th Judicial District",,DEM,Chantal Melissa Eldridge,32,16,16
Travis,437,"District Judge, 450th Judicial District",,DEM,Chantal Melissa Eldridge,224,68,156
Travis,438,"District Judge, 450th Judicial District",,DEM,Chantal Melissa Eldridge,110,51,59
Travis,439,"District Judge, 450th Judicial District",,DEM,Chantal Melissa Eldridge,247,96,151
Travis,440,"District Judge, 450th Judicial District",,DEM,Chantal Melissa Eldridge,106,44,62
Travis,441,"District Judge, 450th Judicial District",,DEM,Chantal Melissa Eldridge,382,177,205
Travis,442,"District Judge, 450th Judicial District",,DEM,Chantal Melissa Eldridge,138,56,82
Travis,443,"District Judge, 450th Judicial District",,DEM,Chantal Melissa Eldridge,226,98,128
Travis,444,"District Judge, 450th Judicial District",,DEM,Chantal Melissa Eldridge,15,9,6
Travis,446,"District Judge, 450th Judicial District",,DEM,Chantal Melissa Eldridge,107,49,58
Travis,447,"District Judge, 450th Judicial District",,DEM,Chantal Melissa Eldridge,368,159,209
Travis,448,"District Judge, 450th Judicial District",,DEM,Chantal Melissa Eldridge,193,86,107
Travis,450,"District Judge, 450th Judicial District",,DEM,Chantal Melissa Eldridge,342,149,193
Travis,451,"District Judge, 450th Judicial District",,DEM,Chantal Melissa Eldridge,329,138,191
Travis,452,"District Judge, 450th Judicial District",,DEM,Chantal Melissa Eldridge,143,60,83
Travis,454,"District Judge, 450th Judicial District",,DEM,Chantal Melissa Eldridge,204,103,101
Travis,458,"District Judge, 450th Judicial District",,DEM,Chantal Melissa Eldridge,347,178,169
Travis,460,"District Judge, 450th Judicial District",,DEM,Chantal Melissa Eldridge,351,170,181
Travis,461,"District Judge, 450th Judicial District",,DEM,Chantal Melissa Eldridge,406,165,241
Travis,463,"District Judge, 450th Judicial District",,DEM,Chantal Melissa Eldridge,301,121,180
Travis,433,"Precinct 433, Precinct Chairman",,DEM,Christopher S. Burton,153,73,80
Travis,101,Railroad Commissioner,,DEM,Cody Garrett,339,108,231
Travis,102,Railroad Commissioner,,DEM,Cody Garrett,71,27,44
Travis,103,Railroad Commissioner,,DEM,Cody Garrett,84,33,51
Travis,104,Railroad Commissioner,,DEM,Cody Garrett,57,32,25
Travis,105,Railroad Commissioner,,DEM,Cody Garrett,412,163,249
Travis,106,Railroad Commissioner,,DEM,Cody Garrett,135,46,89
Travis,107,Railroad Commissioner,,DEM,Cody Garrett,8,1,7
Travis,108,Railroad Commissioner,,DEM,Cody Garrett,109,31,78
Travis,109,Railroad Commissioner,,DEM,Cody Garrett,133,36,97
Travis,110,Railroad Commissioner,,DEM,Cody Garrett,291,103,188
Travis,111,Railroad Commissioner,,DEM,Cody Garrett,230,75,155
Travis,112,Railroad Commissioner,,DEM,Cody Garrett,81,22,59
Travis,113,Railroad Commissioner,,DEM,Cody Garrett,338,103,235
Travis,114,Railroad Commissioner,,DEM,Cody Garrett,18,5,13
Travis,115,Railroad Commissioner,,DEM,Cody Garrett,0,0,0
Travis,116,Railroad Commissioner,,DEM,Cody Garrett,0,0,0
Travis,117,Railroad Commissioner,,DEM,Cody Garrett,177,70,107
Travis,118,Railroad Commissioner,,DEM,Cody Garrett,31,12,19
Travis,119,Railroad Commissioner,,DEM,Cody Garrett,0,0,0
Travis,120,Railroad Commissioner,,DEM,Cody Garrett,9,6,3
Travis,121,Railroad Commissioner,,DEM,Cody Garrett,49,14,35
Travis,122,Railroad Commissioner,,DEM,Cody Garrett,233,116,117
Travis,123,Railroad Commissioner,,DEM,Cody Garrett,215,66,149
Travis,124,Railroad Commissioner,,DEM,Cody Garrett,284,126,158
Travis,125,Railroad Commissioner,,DEM,Cody Garrett,0,0,0
Travis,126,Railroad Commissioner,,DEM,Cody Garrett,322,117,205
Travis,127,Railroad Commissioner,,DEM,Cody Garrett,0,0,0
Travis,128,Railroad Commissioner,,DEM,Cody Garrett,0,0,0
Travis,129,Railroad Commissioner,,DEM,Cody Garrett,165,88,77
Travis,130,Railroad Commissioner,,DEM,Cody Garrett,131,43,88
Travis,131,Railroad Commissioner,,DEM,Cody Garrett,0,0,0
Travis,132,Railroad Commissioner,,DEM,Cody Garrett,190,66,124
Travis,133,Railroad Commissioner,,DEM,Cody Garrett,144,52,92
Travis,134,Railroad Commissioner,,DEM,Cody Garrett,0,0,0
Travis,135,Railroad Commissioner,,DEM,Cody Garrett,341,143,198
Travis,136,Railroad Commissioner,,DEM,Cody Garrett,167,65,102
Travis,137,Railroad Commissioner,,DEM,Cody Garrett,376,117,259
Travis,138,Railroad Commissioner,,DEM,Cody Garrett,0,0,0
Travis,139,Railroad Commissioner,,DEM,Cody Garrett,207,94,113
Travis,140,Railroad Commissioner,,DEM,Cody Garrett,118,39,79
Travis,141,Railroad Commissioner,,DEM,Cody Garrett,29,10,19
Travis,142,Railroad Commissioner,,DEM,Cody Garrett,57,27,30
Travis,145,Railroad Commissioner,,DEM,Cody Garrett,164,53,111
Travis,146,Railroad Commissioner,,DEM,Cody Garrett,142,58,84
Travis,148,Railroad Commissioner,,DEM,Cody Garrett,195,78,117
Travis,149,Railroad Commissioner,,DEM,Cody Garrett,100,30,70
Travis,150,Railroad Commissioner,,DEM,Cody Garrett,93,30,63
Travis,151,Railroad Commissioner,,DEM,Cody Garrett,151,71,80
Travis,152,Railroad Commissioner,,DEM,Cody Garrett,204,88,116
Travis,153,Railroad Commissioner,,DEM,Cody Garrett,285,82,203
Travis,154,Railroad Commissioner,,DEM,Cody Garrett,168,50,118
Travis,156,Railroad Commissioner,,DEM,Cody Garrett,322,120,202
Travis,160,Railroad Commissioner,,DEM,Cody Garrett,121,28,93
Travis,161,Railroad Commissioner,,DEM,Cody Garrett,85,39,46
Travis,163,Railroad Commissioner,,DEM,Cody Garrett,13,8,5
Travis,164,Railroad Commissioner,,DEM,Cody Garrett,105,33,72
Travis,200,Railroad Commissioner,,DEM,Cody Garrett,277,129,148
Travis,202,Railroad Commissioner,,DEM,Cody Garrett,164,65,99
Travis,203,Railroad Commissioner,,DEM,Cody Garrett,50,17,33
Travis,205,Railroad Commissioner,,DEM,Cody Garrett,167,42,125
Travis,206,Railroad Commissioner,,DEM,Cody Garrett,71,33,38
Travis,207,Railroad Commissioner,,DEM,Cody Garrett,223,77,146
Travis,208,Railroad Commissioner,,DEM,Cody Garrett,511,283,228
Travis,209,Railroad Commissioner,,DEM,Cody Garrett,55,19,36
Travis,210,Railroad Commissioner,,DEM,Cody Garrett,37,16,21
Travis,211,Railroad Commissioner,,DEM,Cody Garrett,126,36,90
Travis,212,Railroad Commissioner,,DEM,Cody Garrett,90,35,55
Travis,213,Railroad Commissioner,,DEM,Cody Garrett,0,0,0
Travis,214,Railroad Commissioner,,DEM,Cody Garrett,84,30,54
Travis,215,Railroad Commissioner,,DEM,Cody Garrett,135,46,89
Travis,216,Railroad Commissioner,,DEM,Cody Garrett,94,28,66
Travis,217,Railroad Commissioner,,DEM,Cody Garrett,135,49,86
Travis,218,Railroad Commissioner,,DEM,Cody Garrett,263,93,170
Travis,219,Railroad Commissioner,,DEM,Cody Garrett,180,62,118
Travis,220,Railroad Commissioner,,DEM,Cody Garrett,72,24,48
Travis,221,Railroad Commissioner,,DEM,Cody Garrett,26,12,14
Travis,222,Railroad Commissioner,,DEM,Cody Garrett,152,46,106
Travis,223,Railroad Commissioner,,DEM,Cody Garrett,36,11,25
Travis,224,Railroad Commissioner,,DEM,Cody Garrett,10,5,5
Travis,225,Railroad Commissioner,,DEM,Cody Garrett,202,67,135
Travis,226,Railroad Commissioner,,DEM,Cody Garrett,105,41,64
Travis,227,Railroad Commissioner,,DEM,Cody Garrett,42,13,29
Travis,228,Railroad Commissioner,,DEM,Cody Garrett,98,52,46
Travis,229,Railroad Commissioner,,DEM,Cody Garrett,134,55,79
Travis,231,Railroad Commissioner,,DEM,Cody Garrett,114,40,74
Travis,232,Railroad Commissioner,,DEM,Cody Garrett,174,69,105
Travis,233,Railroad Commissioner,,DEM,Cody Garrett,116,35,81
Travis,234,Railroad Commissioner,,DEM,Cody Garrett,75,25,50
Travis,235,Railroad Commissioner,,DEM,Cody Garrett,191,73,118
Travis,236,Railroad Commissioner,,DEM,Cody Garrett,169,60,109
Travis,237,Railroad Commissioner,,DEM,Cody Garrett,80,27,53
Travis,238,Railroad Commissioner,,DEM,Cody Garrett,154,57,97
Travis,239,Railroad Commissioner,,DEM,Cody Garrett,144,54,90
Travis,240,Railroad Commissioner,,DEM,Cody Garrett,40,17,23
Travis,241,Railroad Commissioner,,DEM,Cody Garrett,104,34,70
Travis,242,Railroad Commissioner,,DEM,Cody Garrett,321,135,186
Travis,243,Railroad Commissioner,,DEM,Cody Garrett,123,62,61
Travis,244,Railroad Commissioner,,DEM,Cody Garrett,135,64,71
Travis,245,Railroad Commissioner,,DEM,Cody Garrett,52,13,39
Travis,246,Railroad Commissioner,,DEM,Cody Garrett,91,37,54
Travis,247,Railroad Commissioner,,DEM,Cody Garrett,29,9,20
Travis,248,Railroad Commissioner,,DEM,Cody Garrett,173,66,107
Travis,249,Railroad Commissioner,,DEM,Cody Garrett,151,57,94
Travis,250,Railroad Commissioner,,DEM,Cody Garrett,224,75,149
Travis,251,Railroad Commissioner,,DEM,Cody Garrett,129,49,80
Travis,252,Railroad Commissioner,,DEM,Cody Garrett,173,75,98
Travis,253,Railroad Commissioner,,DEM,Cody Garrett,110,39,71
Travis,254,Railroad Commissioner,,DEM,Cody Garrett,159,64,95
Travis,256,Railroad Commissioner,,DEM,Cody Garrett,35,16,19
Travis,258,Railroad Commissioner,,DEM,Cody Garrett,138,57,81
Travis,259,Railroad Commissioner,,DEM,Cody Garrett,135,42,93
Travis,260,Railroad Commissioner,,DEM,Cody Garrett,56,17,39
Travis,262,Railroad Commissioner,,DEM,Cody Garrett,222,100,122
Travis,263,Railroad Commissioner,,DEM,Cody Garrett,192,62,130
Travis,266,Railroad Commissioner,,DEM,Cody Garrett,16,8,8
Travis,267,Railroad Commissioner,,DEM,Cody Garrett,88,40,48
Travis,268,Railroad Commissioner,,DEM,Cody Garrett,69,19,50
Travis,273,Railroad Commissioner,,DEM,Cody Garrett,139,50,89
Travis,274,Railroad Commissioner,,DEM,Cody Garrett,148,67,81
Travis,275,Railroad Commissioner,,DEM,Cody Garrett,184,61,123
Travis,277,Railroad Commissioner,,DEM,Cody Garrett,303,167,136
Travis,301,Railroad Commissioner,,DEM,Cody Garrett,69,27,42
Travis,302,Railroad Commissioner,,DEM,Cody Garrett,152,63,89
Travis,303,Railroad Commissioner,,DEM,Cody Garrett,102,44,58
Travis,304,Railroad Commissioner,,DEM,Cody Garrett,186,73,113
Travis,305,Railroad Commissioner,,DEM,Cody Garrett,0,0,0
Travis,306,Railroad Commissioner,,DEM,Cody Garrett,88,48,40
Travis,307,Railroad Commissioner,,DEM,Cody Garrett,54,30,24
Travis,308,Railroad Commissioner,,DEM,Cody Garrett,175,68,107
Travis,309,Railroad Commissioner,,DEM,Cody Garrett,154,67,87
Travis,310,Railroad Commissioner,,DEM,Cody Garrett,271,122,149
Travis,311,Railroad Commissioner,,DEM,Cody Garrett,260,153,107
Travis,312,Railroad Commissioner,,DEM,Cody Garrett,72,34,38
Travis,313,Railroad Commissioner,,DEM,Cody Garrett,24,5,19
Travis,314,Railroad Commissioner,,DEM,Cody Garrett,132,69,63
Travis,315,Railroad Commissioner,,DEM,Cody Garrett,244,105,139
Travis,316,Railroad Commissioner,,DEM,Cody Garrett,87,41,46
Travis,317,Railroad Commissioner,,DEM,Cody Garrett,90,42,48
Travis,318,Railroad Commissioner,,DEM,Cody Garrett,33,11,22
Travis,319,Railroad Commissioner,,DEM,Cody Garrett,62,28,34
Travis,320,Railroad Commissioner,,DEM,Cody Garrett,42,26,16
Travis,321,Railroad Commissioner,,DEM,Cody Garrett,42,17,25
Travis,323,Railroad Commissioner,,DEM,Cody Garrett,117,42,75
Travis,324,Railroad Commissioner,,DEM,Cody Garrett,159,75,84
Travis,325,Railroad Commissioner,,DEM,Cody Garrett,2,0,2
Travis,326,Railroad Commissioner,,DEM,Cody Garrett,121,44,77
Travis,327,Railroad Commissioner,,DEM,Cody Garrett,125,46,79
Travis,328,Railroad Commissioner,,DEM,Cody Garrett,219,89,130
Travis,329,Railroad Commissioner,,DEM,Cody Garrett,113,47,66
Travis,330,Railroad Commissioner,,DEM,Cody Garrett,113,45,68
Travis,331,Railroad Commissioner,,DEM,Cody Garrett,150,47,103
Travis,332,Railroad Commissioner,,DEM,Cody Garrett,170,58,112
Travis,333,Railroad Commissioner,,DEM,Cody Garrett,149,35,114
Travis,334,Railroad Commissioner,,DEM,Cody Garrett,85,33,52
Travis,335,Railroad Commissioner,,DEM,Cody Garrett,126,57,69
Travis,336,Railroad Commissioner,,DEM,Cody Garrett,102,37,65
Travis,337,Railroad Commissioner,,DEM,Cody Garrett,178,59,119
Travis,338,Railroad Commissioner,,DEM,Cody Garrett,208,68,140
Travis,339,Railroad Commissioner,,DEM,Cody Garrett,85,35,50
Travis,340,Railroad Commissioner,,DEM,Cody Garrett,141,53,88
Travis,341,Railroad Commissioner,,DEM,Cody Garrett,3,0,3
Travis,342,Railroad Commissioner,,DEM,Cody Garrett,284,104,180
Travis,343,Railroad Commissioner,,DEM,Cody Garrett,114,36,78
Travis,344,Railroad Commissioner,,DEM,Cody Garrett,126,56,70
Travis,345,Railroad Commissioner,,DEM,Cody Garrett,0,0,0
Travis,346,Railroad Commissioner,,DEM,Cody Garrett,96,59,37
Travis,347,Railroad Commissioner,,DEM,Cody Garrett,89,38,51
Travis,349,Railroad Commissioner,,DEM,Cody Garrett,246,83,163
Travis,350,Railroad Commissioner,,DEM,Cody Garrett,273,119,154
Travis,351,Railroad Commissioner,,DEM,Cody Garrett,102,35,67
Travis,352,Railroad Commissioner,,DEM,Cody Garrett,246,105,141
Travis,354,Railroad Commissioner,,DEM,Cody Garrett,188,100,88
Travis,356,Railroad Commissioner,,DEM,Cody Garrett,96,35,61
Travis,357,Railroad Commissioner,,DEM,Cody Garrett,28,8,20
Travis,358,Railroad Commissioner,,DEM,Cody Garrett,314,131,183
Travis,359,Railroad Commissioner,,DEM,Cody Garrett,174,76,98
Travis,360,Railroad Commissioner,,DEM,Cody Garrett,227,92,135
Travis,361,Railroad Commissioner,,DEM,Cody Garrett,73,27,46
Travis,362,Railroad Commissioner,,DEM,Cody Garrett,187,90,97
Travis,363,Railroad Commissioner,,DEM,Cody Garrett,104,53,51
Travis,364,Railroad Commissioner,,DEM,Cody Garrett,129,68,61
Travis,365,Railroad Commissioner,,DEM,Cody Garrett,94,34,60
Travis,366,Railroad Commissioner,,DEM,Cody Garrett,266,115,151
Travis,367,Railroad Commissioner,,DEM,Cody Garrett,251,103,148
Travis,368,Railroad Commissioner,,DEM,Cody Garrett,8,4,4
Travis,369,Railroad Commissioner,,DEM,Cody Garrett,79,24,55
Travis,370,Railroad Commissioner,,DEM,Cody Garrett,47,7,40
Travis,371,Railroad Commissioner,,DEM,Cody Garrett,66,19,47
Travis,372,Railroad Commissioner,,DEM,Cody Garrett,61,14,47
Travis,373,Railroad Commissioner,,DEM,Cody Garrett,123,40,83
Travis,374,Railroad Commissioner,,DEM,Cody Garrett,175,58,117
Travis,375,Railroad Commissioner,,DEM,Cody Garrett,24,5,19
Travis,401,Railroad Commissioner,,DEM,Cody Garrett,165,68,97
Travis,402,Railroad Commissioner,,DEM,Cody Garrett,192,73,119
Travis,403,Railroad Commissioner,,DEM,Cody Garrett,71,20,51
Travis,404,Railroad Commissioner,,DEM,Cody Garrett,167,51,116
Travis,405,Railroad Commissioner,,DEM,Cody Garrett,35,11,24
Travis,406,Railroad Commissioner,,DEM,Cody Garrett,129,66,63
Travis,407,Railroad Commissioner,,DEM,Cody Garrett,106,33,73
Travis,408,Railroad Commissioner,,DEM,Cody Garrett,243,89,154
Travis,409,Railroad Commissioner,,DEM,Cody Garrett,161,63,98
Travis,410,Railroad Commissioner,,DEM,Cody Garrett,226,93,133
Travis,411,Railroad Commissioner,,DEM,Cody Garrett,134,51,83
Travis,412,Railroad Commissioner,,DEM,Cody Garrett,8,4,4
Travis,413,Railroad Commissioner,,DEM,Cody Garrett,69,24,45
Travis,414,Railroad Commissioner,,DEM,Cody Garrett,243,97,146
Travis,415,Railroad Commissioner,,DEM,Cody Garrett,74,24,50
Travis,416,Railroad Commissioner,,DEM,Cody Garrett,9,4,5
Travis,417,Railroad Commissioner,,DEM,Cody Garrett,106,45,61
Travis,418,Railroad Commissioner,,DEM,Cody Garrett,0,0,0
Travis,419,Railroad Commissioner,,DEM,Cody Garrett,27,14,13
Travis,420,Railroad Commissioner,,DEM,Cody Garrett,180,66,114
Travis,421,Railroad Commissioner,,DEM,Cody Garrett,136,45,91
Travis,422,Railroad Commissioner,,DEM,Cody Garrett,131,48,83
Travis,423,Railroad Commissioner,,DEM,Cody Garrett,250,87,163
Travis,424,Railroad Commissioner,,DEM,Cody Garrett,165,66,99
Travis,425,Railroad Commissioner,,DEM,Cody Garrett,51,21,30
Travis,426,Railroad Commissioner,,DEM,Cody Garrett,197,81,116
Travis,427,Railroad Commissioner,,DEM,Cody Garrett,153,71,82
Travis,428,Railroad Commissioner,,DEM,Cody Garrett,67,30,37
Travis,429,Railroad Commissioner,,DEM,Cody Garrett,459,199,260
Travis,430,Railroad Commissioner,,DEM,Cody Garrett,95,35,60
Travis,431,Railroad Commissioner,,DEM,Cody Garrett,426,169,257
Travis,432,Railroad Commissioner,,DEM,Cody Garrett,0,0,0
Travis,433,Railroad Commissioner,,DEM,Cody Garrett,178,72,106
Travis,434,Railroad Commissioner,,DEM,Cody Garrett,1,1,0
Travis,435,Railroad Commissioner,,DEM,Cody Garrett,370,138,232
Travis,436,Railroad Commissioner,,DEM,Cody Garrett,22,9,13
Travis,437,Railroad Commissioner,,DEM,Cody Garrett,136,43,93
Travis,438,Railroad Commissioner,,DEM,Cody Garrett,101,35,66
Travis,439,Railroad Commissioner,,DEM,Cody Garrett,162,57,105
Travis,440,Railroad Commissioner,,DEM,Cody Garrett,80,30,50
Travis,441,Railroad Commissioner,,DEM,Cody Garrett,263,113,150
Travis,442,Railroad Commissioner,,DEM,Cody Garrett,104,39,65
Travis,443,Railroad Commissioner,,DEM,Cody Garrett,227,89,138
Travis,444,Railroad Commissioner,,DEM,Cody Garrett,12,5,7
Travis,446,Railroad Commissioner,,DEM,Cody Garrett,76,31,45
Travis,447,Railroad Commissioner,,DEM,Cody Garrett,283,98,185
Travis,448,Railroad Commissioner,,DEM,Cody Garrett,176,61,115
Travis,450,Railroad Commissioner,,DEM,Cody Garrett,279,96,183
Travis,451,Railroad Commissioner,,DEM,Cody Garrett,250,89,161
Travis,452,Railroad Commissioner,,DEM,Cody Garrett,129,34,95
Travis,454,Railroad Commissioner,,DEM,Cody Garrett,118,54,64
Travis,458,Railroad Commissioner,,DEM,Cody Garrett,235,106,129
Travis,460,Railroad Commissioner,,DEM,Cody Garrett,232,114,118
Travis,461,Railroad Commissioner,,DEM,Cody Garrett,259,103,156
Travis,463,Railroad Commissioner,,DEM,Cody Garrett,232,90,142
Travis,101,"Precinct No. 1, Constable",,DEM,Danny Thomas,395,152,243
Travis,102,"Precinct No. 1, Constable",,DEM,Danny Thomas,40,16,24
Travis,103,"Precinct No. 1, Constable",,DEM,Danny Thomas,78,35,43
Travis,105,"Precinct No. 1, Constable",,DEM,Danny Thomas,422,193,229
Travis,106,"Precinct No. 1, Constable",,DEM,Danny Thomas,125,53,72
Travis,107,"Precinct No. 1, Constable",,DEM,Danny Thomas,11,1,10
Travis,108,"Precinct No. 1, Constable",,DEM,Danny Thomas,88,30,58
Travis,112,"Precinct No. 1, Constable",,DEM,Danny Thomas,66,29,37
Travis,113,"Precinct No. 1, Constable",,DEM,Danny Thomas,285,106,179
Travis,114,"Precinct No. 1, Constable",,DEM,Danny Thomas,34,16,18
Travis,116,"Precinct No. 1, Constable",,DEM,Danny Thomas,0,0,0
Travis,117,"Precinct No. 1, Constable",,DEM,Danny Thomas,302,134,168
Travis,118,"Precinct No. 1, Constable",,DEM,Danny Thomas,48,22,26
Travis,119,"Precinct No. 1, Constable",,DEM,Danny Thomas,0,0,0
Travis,120,"Precinct No. 1, Constable",,DEM,Danny Thomas,16,9,7
Travis,121,"Precinct No. 1, Constable",,DEM,Danny Thomas,102,56,46
Travis,122,"Precinct No. 1, Constable",,DEM,Danny Thomas,512,287,225
Travis,124,"Precinct No. 1, Constable",,DEM,Danny Thomas,357,171,186
Travis,125,"Precinct No. 1, Constable",,DEM,Danny Thomas,0,0,0
Travis,126,"Precinct No. 1, Constable",,DEM,Danny Thomas,448,236,212
Travis,127,"Precinct No. 1, Constable",,DEM,Danny Thomas,0,0,0
Travis,128,"Precinct No. 1, Constable",,DEM,Danny Thomas,0,0,0
Travis,129,"Precinct No. 1, Constable",,DEM,Danny Thomas,346,183,163
Travis,130,"Precinct No. 1, Constable",,DEM,Danny Thomas,149,67,82
Travis,131,"Precinct No. 1, Constable",,DEM,Danny Thomas,0,0,0
Travis,132,"Precinct No. 1, Constable",,DEM,Danny Thomas,336,168,168
Travis,134,"Precinct No. 1, Constable",,DEM,Danny Thomas,0,0,0
Travis,139,"Precinct No. 1, Constable",,DEM,Danny Thomas,168,81,87
Travis,140,"Precinct No. 1, Constable",,DEM,Danny Thomas,116,54,62
Travis,141,"Precinct No. 1, Constable",,DEM,Danny Thomas,26,8,18
Travis,149,"Precinct No. 1, Constable",,DEM,Danny Thomas,68,30,38
Travis,151,"Precinct No. 1, Constable",,DEM,Danny Thomas,266,127,139
Travis,152,"Precinct No. 1, Constable",,DEM,Danny Thomas,226,107,119
Travis,153,"Precinct No. 1, Constable",,DEM,Danny Thomas,281,111,170
Travis,154,"Precinct No. 1, Constable",,DEM,Danny Thomas,199,66,133
Travis,156,"Precinct No. 1, Constable",,DEM,Danny Thomas,310,155,155
Travis,164,"Precinct No. 1, Constable",,DEM,Danny Thomas,76,24,52
Travis,226,"Precinct No. 1, Constable",,DEM,Danny Thomas,96,36,60
Travis,227,"Precinct No. 1, Constable",,DEM,Danny Thomas,30,12,18
Travis,101,"District Judge, 126th Judicial District",,DEM,Darlene Byrne,778,278,500
Travis,102,"District Judge, 126th Judicial District",,DEM,Darlene Byrne,171,58,113
Travis,103,"District Judge, 126th Judicial District",,DEM,Darlene Byrne,262,105,157
Travis,104,"District Judge, 126th Judicial District",,DEM,Darlene Byrne,203,90,113
Travis,105,"District Judge, 126th Judicial District",,DEM,Darlene Byrne,865,390,475
Travis,106,"District Judge, 126th Judicial District",,DEM,Darlene Byrne,320,133,187
Travis,107,"District Judge, 126th Judicial District",,DEM,Darlene Byrne,34,12,22
Travis,108,"District Judge, 126th Judicial District",,DEM,Darlene Byrne,292,91,201
Travis,109,"District Judge, 126th Judicial District",,DEM,Darlene Byrne,347,123,224
Travis,110,"District Judge, 126th Judicial District",,DEM,Darlene Byrne,654,247,407
Travis,111,"District Judge, 126th Judicial District",,DEM,Darlene Byrne,617,237,380
Travis,112,"District Judge, 126th Judicial District",,DEM,Darlene Byrne,195,68,127
Travis,113,"District Judge, 126th Judicial District",,DEM,Darlene Byrne,812,288,524
Travis,114,"District Judge, 126th Judicial District",,DEM,Darlene Byrne,48,20,28
Travis,115,"District Judge, 126th Judicial District",,DEM,Darlene Byrne,1,0,1
Travis,116,"District Judge, 126th Judicial District",,DEM,Darlene Byrne,1,0,1
Travis,117,"District Judge, 126th Judicial District",,DEM,Darlene Byrne,451,206,245
Travis,118,"District Judge, 126th Judicial District",,DEM,Darlene Byrne,84,40,44
Travis,119,"District Judge, 126th Judicial District",,DEM,Darlene Byrne,0,0,0
Travis,120,"District Judge, 126th Judicial District",,DEM,Darlene Byrne,26,16,10
Travis,121,"District Judge, 126th Judicial District",,DEM,Darlene Byrne,154,80,74
Travis,122,"District Judge, 126th Judicial District",,DEM,Darlene Byrne,645,333,312
Travis,123,"District Judge, 126th Judicial District",,DEM,Darlene Byrne,478,173,305
Travis,124,"District Judge, 126th Judicial District",,DEM,Darlene Byrne,1075,522,553
Travis,125,"District Judge, 126th Judicial District",,DEM,Darlene Byrne,0,0,0
Travis,126,"District Judge, 126th Judicial District",,DEM,Darlene Byrne,1201,544,657
Travis,127,"District Judge, 126th Judicial District",,DEM,Darlene Byrne,0,0,0
Travis,128,"District Judge, 126th Judicial District",,DEM,Darlene Byrne,0,0,0
Travis,129,"District Judge, 126th Judicial District",,DEM,Darlene Byrne,568,288,280
Travis,130,"District Judge, 126th Judicial District",,DEM,Darlene Byrne,507,199,308
Travis,131,"District Judge, 126th Judicial District",,DEM,Darlene Byrne,0,0,0
Travis,132,"District Judge, 126th Judicial District",,DEM,Darlene Byrne,619,280,339
Travis,133,"District Judge, 126th Judicial District",,DEM,Darlene Byrne,621,232,389
Travis,134,"District Judge, 126th Judicial District",,DEM,Darlene Byrne,0,0,0
Travis,135,"District Judge, 126th Judicial District",,DEM,Darlene Byrne,1678,724,954
Travis,136,"District Judge, 126th Judicial District",,DEM,Darlene Byrne,390,169,221
Travis,137,"District Judge, 126th Judicial District",,DEM,Darlene Byrne,875,322,553
Travis,138,"District Judge, 126th Judicial District",,DEM,Darlene Byrne,0,0,0
Travis,139,"District Judge, 126th Judicial District",,DEM,Darlene Byrne,576,252,324
Travis,140,"District Judge, 126th Judicial District",,DEM,Darlene Byrne,298,127,171
Travis,141,"District Judge, 126th Judicial District",,DEM,Darlene Byrne,66,21,45
Travis,142,"District Judge, 126th Judicial District",,DEM,Darlene Byrne,208,96,112
Travis,145,"District Judge, 126th Judicial District",,DEM,Darlene Byrne,384,141,243
Travis,146,"District Judge, 126th Judicial District",,DEM,Darlene Byrne,374,182,192
Travis,148,"District Judge, 126th Judicial District",,DEM,Darlene Byrne,493,201,292
Travis,149,"District Judge, 126th Judicial District",,DEM,Darlene Byrne,421,164,257
Travis,150,"District Judge, 126th Judicial District",,DEM,Darlene Byrne,236,95,141
Travis,151,"District Judge, 126th Judicial District",,DEM,Darlene Byrne,575,242,333
Travis,152,"District Judge, 126th Judicial District",,DEM,Darlene Byrne,1125,499,626
Travis,153,"District Judge, 126th Judicial District",,DEM,Darlene Byrne,768,284,484
Travis,154,"District Judge, 126th Judicial District",,DEM,Darlene Byrne,461,141,320
Travis,156,"District Judge, 126th Judicial District",,DEM,Darlene Byrne,1035,472,563
Travis,160,"District Judge, 126th Judicial District",,DEM,Darlene Byrne,259,95,164
Travis,161,"District Judge, 126th Judicial District",,DEM,Darlene Byrne,183,74,109
Travis,163,"District Judge, 126th Judicial District",,DEM,Darlene Byrne,23,10,13
Travis,164,"District Judge, 126th Judicial District",,DEM,Darlene Byrne,262,98,164
Travis,200,"District Judge, 126th Judicial District",,DEM,Darlene Byrne,1229,560,669
Travis,202,"District Judge, 126th Judicial District",,DEM,Darlene Byrne,897,406,491
Travis,203,"District Judge, 126th Judicial District",,DEM,Darlene Byrne,96,29,67
Travis,205,"District Judge, 126th Judicial District",,DEM,Darlene Byrne,400,153,247
Travis,206,"District Judge, 126th Judicial District",,DEM,Darlene Byrne,273,132,141
Travis,207,"District Judge, 126th Judicial District",,DEM,Darlene Byrne,675,270,405
Travis,208,"District Judge, 126th Judicial District",,DEM,Darlene Byrne,1482,820,662
Travis,209,"District Judge, 126th Judicial District",,DEM,Darlene Byrne,169,80,89
Travis,210,"District Judge, 126th Judicial District",,DEM,Darlene Byrne,301,157,144
Travis,211,"District Judge, 126th Judicial District",,DEM,Darlene Byrne,334,131,203
Travis,212,"District Judge, 126th Judicial District",,DEM,Darlene Byrne,380,201,179
Travis,213,"District Judge, 126th Judicial District",,DEM,Darlene Byrne,0,0,0
Travis,214,"District Judge, 126th Judicial District",,DEM,Darlene Byrne,510,216,294
Travis,215,"District Judge, 126th Judicial District",,DEM,Darlene Byrne,331,117,214
Travis,216,"District Judge, 126th Judicial District",,DEM,Darlene Byrne,251,79,172
Travis,217,"District Judge, 126th Judicial District",,DEM,Darlene Byrne,361,143,218
Travis,218,"District Judge, 126th Judicial District",,DEM,Darlene Byrne,760,309,451
Travis,219,"District Judge, 126th Judicial District",,DEM,Darlene Byrne,399,142,257
Travis,220,"District Judge, 126th Judicial District",,DEM,Darlene Byrne,330,156,174
Travis,221,"District Judge, 126th Judicial District",,DEM,Darlene Byrne,92,41,51
Travis,222,"District Judge, 126th Judicial District",,DEM,Darlene Byrne,489,184,305
Travis,223,"District Judge, 126th Judicial District",,DEM,Darlene Byrne,102,39,63
Travis,224,"District Judge, 126th Judicial District",,DEM,Darlene Byrne,18,8,10
Travis,225,"District Judge, 126th Judicial District",,DEM,Darlene Byrne,478,167,311
Travis,226,"District Judge, 126th Judicial District",,DEM,Darlene Byrne,285,103,182
Travis,227,"District Judge, 126th Judicial District",,DEM,Darlene Byrne,77,31,46
Travis,228,"District Judge, 126th Judicial District",,DEM,Darlene Byrne,310,161,149
Travis,229,"District Judge, 126th Judicial District",,DEM,Darlene Byrne,385,146,239
Travis,231,"District Judge, 126th Judicial District",,DEM,Darlene Byrne,543,240,303
Travis,232,"District Judge, 126th Judicial District",,DEM,Darlene Byrne,487,236,251
Travis,233,"District Judge, 126th Judicial District",,DEM,Darlene Byrne,393,147,246
Travis,234,"District Judge, 126th Judicial District",,DEM,Darlene Byrne,218,98,120
Travis,235,"District Judge, 126th Judicial District",,DEM,Darlene Byrne,716,289,427
Travis,236,"District Judge, 126th Judicial District",,DEM,Darlene Byrne,868,301,567
Travis,237,"District Judge, 126th Judicial District",,DEM,Darlene Byrne,406,178,228
Travis,238,"District Judge, 126th Judicial District",,DEM,Darlene Byrne,620,260,360
Travis,239,"District Judge, 126th Judicial District",,DEM,Darlene Byrne,651,274,377
Travis,240,"District Judge, 126th Judicial District",,DEM,Darlene Byrne,265,84,181
Travis,241,"District Judge, 126th Judicial District",,DEM,Darlene Byrne,438,159,279
Travis,242,"District Judge, 126th Judicial District",,DEM,Darlene Byrne,1332,587,745
Travis,243,"District Judge, 126th Judicial District",,DEM,Darlene Byrne,459,233,226
Travis,244,"District Judge, 126th Judicial District",,DEM,Darlene Byrne,372,193,179
Travis,245,"District Judge, 126th Judicial District",,DEM,Darlene Byrne,145,52,93
Travis,246,"District Judge, 126th Judicial District",,DEM,Darlene Byrne,366,143,223
Travis,247,"District Judge, 126th Judicial District",,DEM,Darlene Byrne,148,59,89
Travis,248,"District Judge, 126th Judicial District",,DEM,Darlene Byrne,553,241,312
Travis,249,"District Judge, 126th Judicial District",,DEM,Darlene Byrne,556,245,311
Travis,250,"District Judge, 126th Judicial District",,DEM,Darlene Byrne,1036,440,596
Travis,251,"District Judge, 126th Judicial District",,DEM,Darlene Byrne,614,285,329
Travis,252,"District Judge, 126th Judicial District",,DEM,Darlene Byrne,588,280,308
Travis,253,"District Judge, 126th Judicial District",,DEM,Darlene Byrne,485,237,248
Travis,254,"District Judge, 126th Judicial District",,DEM,Darlene Byrne,504,227,277
Travis,256,"District Judge, 126th Judicial District",,DEM,Darlene Byrne,306,155,151
Travis,258,"District Judge, 126th Judicial District",,DEM,Darlene Byrne,455,206,249
Travis,259,"District Judge, 126th Judicial District",,DEM,Darlene Byrne,519,202,317
Travis,260,"District Judge, 126th Judicial District",,DEM,Darlene Byrne,149,50,99
Travis,262,"District Judge, 126th Judicial District",,DEM,Darlene Byrne,860,418,442
Travis,263,"District Judge, 126th Judicial District",,DEM,Darlene Byrne,562,211,351
Travis,266,"District Judge, 126th Judicial District",,DEM,Darlene Byrne,81,46,35
Travis,267,"District Judge, 126th Judicial District",,DEM,Darlene Byrne,275,149,126
Travis,268,"District Judge, 126th Judicial District",,DEM,Darlene Byrne,185,68,117
Travis,273,"District Judge, 126th Judicial District",,DEM,Darlene Byrne,725,301,424
Travis,274,"District Judge, 126th Judicial District",,DEM,Darlene Byrne,710,317,393
Travis,275,"District Judge, 126th Judicial District",,DEM,Darlene Byrne,922,378,544
Travis,277,"District Judge, 126th Judicial District",,DEM,Darlene Byrne,893,488,405
Travis,301,"District Judge, 126th Judicial District",,DEM,Darlene Byrne,236,93,143
Travis,302,"District Judge, 126th Judicial District",,DEM,Darlene Byrne,485,258,227
Travis,303,"District Judge, 126th Judicial District",,DEM,Darlene Byrne,404,205,199
Travis,304,"District Judge, 126th Judicial District",,DEM,Darlene Byrne,642,282,360
Travis,305,"District Judge, 126th Judicial District",,DEM,Darlene Byrne,3,2,1
Travis,306,"District Judge, 126th Judicial District",,DEM,Darlene Byrne,265,148,117
Travis,307,"District Judge, 126th Judicial District",,DEM,Darlene Byrne,248,120,128
Travis,308,"District Judge, 126th Judicial District",,DEM,Darlene Byrne,487,211,276
Travis,309,"District Judge, 126th Judicial District",,DEM,Darlene Byrne,421,221,200
Travis,310,"District Judge, 126th Judicial District",,DEM,Darlene Byrne,719,333,386
Travis,311,"District Judge, 126th Judicial District",,DEM,Darlene Byrne,905,525,380
Travis,312,"District Judge, 126th Judicial District",,DEM,Darlene Byrne,231,110,121
Travis,313,"District Judge, 126th Judicial District",,DEM,Darlene Byrne,90,35,55
Travis,314,"District Judge, 126th Judicial District",,DEM,Darlene Byrne,409,208,201
Travis,315,"District Judge, 126th Judicial District",,DEM,Darlene Byrne,657,302,355
Travis,316,"District Judge, 126th Judicial District",,DEM,Darlene Byrne,241,102,139
Travis,317,"District Judge, 126th Judicial District",,DEM,Darlene Byrne,376,190,186
Travis,318,"District Judge, 126th Judicial District",,DEM,Darlene Byrne,90,33,57
Travis,319,"District Judge, 126th Judicial District",,DEM,Darlene Byrne,186,97,89
Travis,320,"District Judge, 126th Judicial District",,DEM,Darlene Byrne,155,98,57
Travis,321,"District Judge, 126th Judicial District",,DEM,Darlene Byrne,122,55,67
Travis,323,"District Judge, 126th Judicial District",,DEM,Darlene Byrne,366,163,203
Travis,324,"District Judge, 126th Judicial District",,DEM,Darlene Byrne,398,203,195
Travis,325,"District Judge, 126th Judicial District",,DEM,Darlene Byrne,14,8,6
Travis,326,"District Judge, 126th Judicial District",,DEM,Darlene Byrne,300,127,173
Travis,327,"District Judge, 126th Judicial District",,DEM,Darlene Byrne,465,207,258
Travis,328,"District Judge, 126th Judicial District",,DEM,Darlene Byrne,685,323,362
Travis,329,"District Judge, 126th Judicial District",,DEM,Darlene Byrne,391,203,188
Travis,330,"District Judge, 126th Judicial District",,DEM,Darlene Byrne,337,146,191
Travis,331,"District Judge, 126th Judicial District",,DEM,Darlene Byrne,466,154,312
Travis,332,"District Judge, 126th Judicial District",,DEM,Darlene Byrne,766,275,491
Travis,333,"District Judge, 126th Judicial District",,DEM,Darlene Byrne,389,104,285
Travis,334,"District Judge, 126th Judicial District",,DEM,Darlene Byrne,298,120,178
Travis,335,"District Judge, 126th Judicial District",,DEM,Darlene Byrne,349,153,196
Travis,336,"District Judge, 126th Judicial District",,DEM,Darlene Byrne,317,123,194
Travis,337,"District Judge, 126th Judicial District",,DEM,Darlene Byrne,579,214,365
Travis,338,"District Judge, 126th Judicial District",,DEM,Darlene Byrne,748,289,459
Travis,339,"District Judge, 126th Judicial District",,DEM,Darlene Byrne,310,152,158
Travis,340,"District Judge, 126th Judicial District",,DEM,Darlene Byrne,521,209,312
Travis,341,"District Judge, 126th Judicial District",,DEM,Darlene Byrne,5,0,5
Travis,342,"District Judge, 126th Judicial District",,DEM,Darlene Byrne,1192,517,675
Travis,343,"District Judge, 126th Judicial District",,DEM,Darlene Byrne,236,85,151
Travis,344,"District Judge, 126th Judicial District",,DEM,Darlene Byrne,390,173,217
Travis,345,"District Judge, 126th Judicial District",,DEM,Darlene Byrne,1,1,0
Travis,346,"District Judge, 126th Judicial District",,DEM,Darlene Byrne,230,143,87
Travis,347,"District Judge, 126th Judicial District",,DEM,Darlene Byrne,388,199,189
Travis,349,"District Judge, 126th Judicial District",,DEM,Darlene Byrne,768,334,434
Travis,350,"District Judge, 126th Judicial District",,DEM,Darlene Byrne,792,369,423
Travis,351,"District Judge, 126th Judicial District",,DEM,Darlene Byrne,268,127,141
Travis,352,"District Judge, 126th Judicial District",,DEM,Darlene Byrne,697,363,334
Travis,354,"District Judge, 126th Judicial District",,DEM,Darlene Byrne,750,439,311
Travis,356,"District Judge, 126th Judicial District",,DEM,Darlene Byrne,268,123,145
Travis,357,"District Judge, 126th Judicial District",,DEM,Darlene Byrne,90,36,54
Travis,358,"District Judge, 126th Judicial District",,DEM,Darlene Byrne,998,468,530
Travis,359,"District Judge, 126th Judicial District",,DEM,Darlene Byrne,479,220,259
Travis,360,"District Judge, 126th Judicial District",,DEM,Darlene Byrne,701,303,398
Travis,361,"District Judge, 126th Judicial District",,DEM,Darlene Byrne,202,92,110
Travis,362,"District Judge, 126th Judicial District",,DEM,Darlene Byrne,618,317,301
Travis,363,"District Judge, 126th Judicial District",,DEM,Darlene Byrne,288,140,148
Travis,364,"District Judge, 126th Judicial District",,DEM,Darlene Byrne,556,322,234
Travis,365,"District Judge, 126th Judicial District",,DEM,Darlene Byrne,293,118,175
Travis,366,"District Judge, 126th Judicial District",,DEM,Darlene Byrne,850,399,451
Travis,367,"District Judge, 126th Judicial District",,DEM,Darlene Byrne,799,359,440
Travis,368,"District Judge, 126th Judicial District",,DEM,Darlene Byrne,23,13,10
Travis,369,"District Judge, 126th Judicial District",,DEM,Darlene Byrne,172,53,119
Travis,370,"District Judge, 126th Judicial District",,DEM,Darlene Byrne,130,18,112
Travis,371,"District Judge, 126th Judicial District",,DEM,Darlene Byrne,210,86,124
Travis,372,"District Judge, 126th Judicial District",,DEM,Darlene Byrne,155,52,103
Travis,373,"District Judge, 126th Judicial District",,DEM,Darlene Byrne,340,134,206
Travis,374,"District Judge, 126th Judicial District",,DEM,Darlene Byrne,426,156,270
Travis,375,"District Judge, 126th Judicial District",,DEM,Darlene Byrne,81,28,53
Travis,401,"District Judge, 126th Judicial District",,DEM,Darlene Byrne,316,149,167
Travis,402,"District Judge, 126th Judicial District",,DEM,Darlene Byrne,411,177,234
Travis,403,"District Judge, 126th Judicial District",,DEM,Darlene Byrne,159,56,103
Travis,404,"District Judge, 126th Judicial District",,DEM,Darlene Byrne,406,153,253
Travis,405,"District Judge, 126th Judicial District",,DEM,Darlene Byrne,82,31,51
Travis,406,"District Judge, 126th Judicial District",,DEM,Darlene Byrne,395,233,162
Travis,407,"District Judge, 126th Judicial District",,DEM,Darlene Byrne,283,119,164
Travis,408,"District Judge, 126th Judicial District",,DEM,Darlene Byrne,526,206,320
Travis,409,"District Judge, 126th Judicial District",,DEM,Darlene Byrne,517,221,296
Travis,410,"District Judge, 126th Judicial District",,DEM,Darlene Byrne,571,277,294
Travis,411,"District Judge, 126th Judicial District",,DEM,Darlene Byrne,299,127,172
Travis,412,"District Judge, 126th Judicial District",,DEM,Darlene Byrne,26,15,11
Travis,413,"District Judge, 126th Judicial District",,DEM,Darlene Byrne,166,69,97
Travis,414,"District Judge, 126th Judicial District",,DEM,Darlene Byrne,601,262,339
Travis,415,"District Judge, 126th Judicial District",,DEM,Darlene Byrne,230,84,146
Travis,416,"District Judge, 126th Judicial District",,DEM,Darlene Byrne,22,10,12
Travis,417,"District Judge, 126th Judicial District",,DEM,Darlene Byrne,263,133,130
Travis,418,"District Judge, 126th Judicial District",,DEM,Darlene Byrne,0,0,0
Travis,419,"District Judge, 126th Judicial District",,DEM,Darlene Byrne,86,52,34
Travis,420,"District Judge, 126th Judicial District",,DEM,Darlene Byrne,537,232,305
Travis,421,"District Judge, 126th Judicial District",,DEM,Darlene Byrne,578,234,344
Travis,422,"District Judge, 126th Judicial District",,DEM,Darlene Byrne,568,250,318
Travis,423,"District Judge, 126th Judicial District",,DEM,Darlene Byrne,563,229,334
Travis,424,"District Judge, 126th Judicial District",,DEM,Darlene Byrne,543,215,328
Travis,425,"District Judge, 126th Judicial District",,DEM,Darlene Byrne,185,83,102
Travis,426,"District Judge, 126th Judicial District",,DEM,Darlene Byrne,593,268,325
Travis,427,"District Judge, 126th Judicial District",,DEM,Darlene Byrne,433,206,227
Travis,428,"District Judge, 126th Judicial District",,DEM,Darlene Byrne,215,97,118
Travis,429,"District Judge, 126th Judicial District",,DEM,Darlene Byrne,1188,522,666
Travis,430,"District Judge, 126th Judicial District",,DEM,Darlene Byrne,295,117,178
Travis,431,"District Judge, 126th Judicial District",,DEM,Darlene Byrne,1085,444,641
Travis,432,"District Judge, 126th Judicial District",,DEM,Darlene Byrne,2,2,0
Travis,433,"District Judge, 126th Judicial District",,DEM,Darlene Byrne,607,290,317
Travis,434,"District Judge, 126th Judicial District",,DEM,Darlene Byrne,2,1,1
Travis,435,"District Judge, 126th Judicial District",,DEM,Darlene Byrne,994,440,554
Travis,436,"District Judge, 126th Judicial District",,DEM,Darlene Byrne,64,28,36
Travis,437,"District Judge, 126th Judicial District",,DEM,Darlene Byrne,543,209,334
Travis,438,"District Judge, 126th Judicial District",,DEM,Darlene Byrne,319,143,176
Travis,439,"District Judge, 126th Judicial District",,DEM,Darlene Byrne,599,250,349
Travis,440,"District Judge, 126th Judicial District",,DEM,Darlene Byrne,208,99,109
Travis,441,"District Judge, 126th Judicial District",,DEM,Darlene Byrne,800,386,414
Travis,442,"District Judge, 126th Judicial District",,DEM,Darlene Byrne,307,122,185
Travis,443,"District Judge, 126th Judicial District",,DEM,Darlene Byrne,448,196,252
Travis,444,"District Judge, 126th Judicial District",,DEM,Darlene Byrne,26,12,14
Travis,446,"District Judge, 126th Judicial District",,DEM,Darlene Byrne,258,103,155
Travis,447,"District Judge, 126th Judicial District",,DEM,Darlene Byrne,743,308,435
Travis,448,"District Judge, 126th Judicial District",,DEM,Darlene Byrne,386,166,220
Travis,450,"District Judge, 126th Judicial District",,DEM,Darlene Byrne,625,268,357
Travis,451,"District Judge, 126th Judicial District",,DEM,Darlene Byrne,625,259,366
Travis,452,"District Judge, 126th Judicial District",,DEM,Darlene Byrne,295,122,173
Travis,454,"District Judge, 126th Judicial District",,DEM,Darlene Byrne,470,243,227
Travis,458,"District Judge, 126th Judicial District",,DEM,Darlene Byrne,663,340,323
Travis,460,"District Judge, 126th Judicial District",,DEM,Darlene Byrne,796,393,403
Travis,461,"District Judge, 126th Judicial District",,DEM,Darlene Byrne,860,374,486
Travis,463,"District Judge, 126th Judicial District",,DEM,Darlene Byrne,656,265,391
Travis,101,County Attorney,,DEM,David Escamilla,761,270,491
Travis,102,County Attorney,,DEM,David Escamilla,166,58,108
Travis,103,County Attorney,,DEM,David Escamilla,257,103,154
Travis,104,County Attorney,,DEM,David Escamilla,196,88,108
Travis,105,County Attorney,,DEM,David Escamilla,842,379,463
Travis,106,County Attorney,,DEM,David Escamilla,312,130,182
Travis,107,County Attorney,,DEM,David Escamilla,34,12,22
Travis,108,County Attorney,,DEM,David Escamilla,287,87,200
Travis,109,County Attorney,,DEM,David Escamilla,335,113,222
Travis,110,County Attorney,,DEM,David Escamilla,650,239,411
Travis,111,County Attorney,,DEM,David Escamilla,610,237,373
Travis,112,County Attorney,,DEM,David Escamilla,190,67,123
Travis,113,County Attorney,,DEM,David Escamilla,797,281,516
Travis,114,County Attorney,,DEM,David Escamilla,47,20,27
Travis,115,County Attorney,,DEM,David Escamilla,1,0,1
Travis,116,County Attorney,,DEM,David Escamilla,1,0,1
Travis,117,County Attorney,,DEM,David Escamilla,448,197,251
Travis,118,County Attorney,,DEM,David Escamilla,80,38,42
Travis,119,County Attorney,,DEM,David Escamilla,0,0,0
Travis,120,County Attorney,,DEM,David Escamilla,26,17,9
Travis,121,County Attorney,,DEM,David Escamilla,146,75,71
Travis,122,County Attorney,,DEM,David Escamilla,615,317,298
Travis,123,County Attorney,,DEM,David Escamilla,463,168,295
Travis,124,County Attorney,,DEM,David Escamilla,1055,505,550
Travis,125,County Attorney,,DEM,David Escamilla,0,0,0
Travis,126,County Attorney,,DEM,David Escamilla,1150,527,623
Travis,127,County Attorney,,DEM,David Escamilla,0,0,0
Travis,128,County Attorney,,DEM,David Escamilla,0,0,0
Travis,129,County Attorney,,DEM,David Escamilla,531,262,269
Travis,130,County Attorney,,DEM,David Escamilla,488,189,299
Travis,131,County Attorney,,DEM,David Escamilla,0,0,0
Travis,132,County Attorney,,DEM,David Escamilla,601,269,332
Travis,133,County Attorney,,DEM,David Escamilla,597,221,376
Travis,134,County Attorney,,DEM,David Escamilla,0,0,0
Travis,135,County Attorney,,DEM,David Escamilla,1625,702,923
Travis,136,County Attorney,,DEM,David Escamilla,373,161,212
Travis,137,County Attorney,,DEM,David Escamilla,867,319,548
Travis,138,County Attorney,,DEM,David Escamilla,0,0,0
Travis,139,County Attorney,,DEM,David Escamilla,574,251,323
Travis,140,County Attorney,,DEM,David Escamilla,286,120,166
Travis,141,County Attorney,,DEM,David Escamilla,60,21,39
Travis,142,County Attorney,,DEM,David Escamilla,201,93,108
Travis,145,County Attorney,,DEM,David Escamilla,374,130,244
Travis,146,County Attorney,,DEM,David Escamilla,369,182,187
Travis,148,County Attorney,,DEM,David Escamilla,476,191,285
Travis,149,County Attorney,,DEM,David Escamilla,402,158,244
Travis,150,County Attorney,,DEM,David Escamilla,229,94,135
Travis,151,County Attorney,,DEM,David Escamilla,552,233,319
Travis,152,County Attorney,,DEM,David Escamilla,1100,485,615
Travis,153,County Attorney,,DEM,David Escamilla,757,279,478
Travis,154,County Attorney,,DEM,David Escamilla,448,139,309
Travis,156,County Attorney,,DEM,David Escamilla,1000,450,550
Travis,160,County Attorney,,DEM,David Escamilla,254,94,160
Travis,161,County Attorney,,DEM,David Escamilla,181,71,110
Travis,163,County Attorney,,DEM,David Escamilla,22,9,13
Travis,164,County Attorney,,DEM,David Escamilla,259,93,166
Travis,200,County Attorney,,DEM,David Escamilla,1172,538,634
Travis,202,County Attorney,,DEM,David Escamilla,869,391,478
Travis,203,County Attorney,,DEM,David Escamilla,99,30,69
Travis,205,County Attorney,,DEM,David Escamilla,398,151,247
Travis,206,County Attorney,,DEM,David Escamilla,258,128,130
Travis,207,County Attorney,,DEM,David Escamilla,663,264,399
Travis,208,County Attorney,,DEM,David Escamilla,1413,779,634
Travis,209,County Attorney,,DEM,David Escamilla,162,77,85
Travis,210,County Attorney,,DEM,David Escamilla,287,150,137
Travis,211,County Attorney,,DEM,David Escamilla,328,130,198
Travis,212,County Attorney,,DEM,David Escamilla,357,186,171
Travis,213,County Attorney,,DEM,David Escamilla,0,0,0
Travis,214,County Attorney,,DEM,David Escamilla,482,212,270
Travis,215,County Attorney,,DEM,David Escamilla,327,116,211
Travis,216,County Attorney,,DEM,David Escamilla,245,79,166
Travis,217,County Attorney,,DEM,David Escamilla,348,138,210
Travis,218,County Attorney,,DEM,David Escamilla,732,298,434
Travis,219,County Attorney,,DEM,David Escamilla,390,141,249
Travis,220,County Attorney,,DEM,David Escamilla,319,150,169
Travis,221,County Attorney,,DEM,David Escamilla,90,41,49
Travis,222,County Attorney,,DEM,David Escamilla,469,173,296
Travis,223,County Attorney,,DEM,David Escamilla,104,39,65
Travis,224,County Attorney,,DEM,David Escamilla,20,9,11
Travis,225,County Attorney,,DEM,David Escamilla,468,164,304
Travis,226,County Attorney,,DEM,David Escamilla,281,99,182
Travis,227,County Attorney,,DEM,David Escamilla,76,33,43
Travis,228,County Attorney,,DEM,David Escamilla,298,154,144
Travis,229,County Attorney,,DEM,David Escamilla,374,142,232
Travis,231,County Attorney,,DEM,David Escamilla,520,229,291
Travis,232,County Attorney,,DEM,David Escamilla,482,233,249
Travis,233,County Attorney,,DEM,David Escamilla,381,143,238
Travis,234,County Attorney,,DEM,David Escamilla,211,92,119
Travis,235,County Attorney,,DEM,David Escamilla,682,272,410
Travis,236,County Attorney,,DEM,David Escamilla,826,286,540
Travis,237,County Attorney,,DEM,David Escamilla,387,166,221
Travis,238,County Attorney,,DEM,David Escamilla,590,251,339
Travis,239,County Attorney,,DEM,David Escamilla,620,261,359
Travis,240,County Attorney,,DEM,David Escamilla,253,83,170
Travis,241,County Attorney,,DEM,David Escamilla,427,158,269
Travis,242,County Attorney,,DEM,David Escamilla,1293,575,718
Travis,243,County Attorney,,DEM,David Escamilla,447,225,222
Travis,244,County Attorney,,DEM,David Escamilla,365,189,176
Travis,245,County Attorney,,DEM,David Escamilla,140,52,88
Travis,246,County Attorney,,DEM,David Escamilla,344,136,208
Travis,247,County Attorney,,DEM,David Escamilla,137,55,82
Travis,248,County Attorney,,DEM,David Escamilla,533,232,301
Travis,249,County Attorney,,DEM,David Escamilla,537,235,302
Travis,250,County Attorney,,DEM,David Escamilla,974,418,556
Travis,251,County Attorney,,DEM,David Escamilla,581,266,315
Travis,252,County Attorney,,DEM,David Escamilla,562,274,288
Travis,253,County Attorney,,DEM,David Escamilla,467,232,235
Travis,254,County Attorney,,DEM,David Escamilla,491,221,270
Travis,256,County Attorney,,DEM,David Escamilla,282,148,134
Travis,258,County Attorney,,DEM,David Escamilla,437,198,239
Travis,259,County Attorney,,DEM,David Escamilla,510,198,312
Travis,260,County Attorney,,DEM,David Escamilla,154,52,102
Travis,262,County Attorney,,DEM,David Escamilla,824,394,430
Travis,263,County Attorney,,DEM,David Escamilla,550,204,346
Travis,266,County Attorney,,DEM,David Escamilla,80,48,32
Travis,267,County Attorney,,DEM,David Escamilla,267,145,122
Travis,268,County Attorney,,DEM,David Escamilla,179,68,111
Travis,273,County Attorney,,DEM,David Escamilla,699,293,406
Travis,274,County Attorney,,DEM,David Escamilla,667,298,369
Travis,275,County Attorney,,DEM,David Escamilla,881,367,514
Travis,277,County Attorney,,DEM,David Escamilla,846,461,385
Travis,301,County Attorney,,DEM,David Escamilla,230,89,141
Travis,302,County Attorney,,DEM,David Escamilla,466,248,218
Travis,303,County Attorney,,DEM,David Escamilla,395,205,190
Travis,304,County Attorney,,DEM,David Escamilla,608,262,346
Travis,305,County Attorney,,DEM,David Escamilla,3,2,1
Travis,306,County Attorney,,DEM,David Escamilla,257,144,113
Travis,307,County Attorney,,DEM,David Escamilla,225,109,116
Travis,308,County Attorney,,DEM,David Escamilla,477,208,269
Travis,309,County Attorney,,DEM,David Escamilla,413,215,198
Travis,310,County Attorney,,DEM,David Escamilla,714,333,381
Travis,311,County Attorney,,DEM,David Escamilla,863,502,361
Travis,312,County Attorney,,DEM,David Escamilla,219,107,112
Travis,313,County Attorney,,DEM,David Escamilla,85,34,51
Travis,314,County Attorney,,DEM,David Escamilla,407,206,201
Travis,315,County Attorney,,DEM,David Escamilla,641,294,347
Travis,316,County Attorney,,DEM,David Escamilla,234,100,134
Travis,317,County Attorney,,DEM,David Escamilla,352,180,172
Travis,318,County Attorney,,DEM,David Escamilla,87,33,54
Travis,319,County Attorney,,DEM,David Escamilla,180,94,86
Travis,320,County Attorney,,DEM,David Escamilla,145,94,51
Travis,321,County Attorney,,DEM,David Escamilla,120,53,67
Travis,323,County Attorney,,DEM,David Escamilla,359,160,199
Travis,324,County Attorney,,DEM,David Escamilla,388,201,187
Travis,325,County Attorney,,DEM,David Escamilla,11,6,5
Travis,326,County Attorney,,DEM,David Escamilla,291,125,166
Travis,327,County Attorney,,DEM,David Escamilla,456,201,255
Travis,328,County Attorney,,DEM,David Escamilla,674,315,359
Travis,329,County Attorney,,DEM,David Escamilla,375,194,181
Travis,330,County Attorney,,DEM,David Escamilla,329,143,186
Travis,331,County Attorney,,DEM,David Escamilla,462,152,310
Travis,332,County Attorney,,DEM,David Escamilla,736,268,468
Travis,333,County Attorney,,DEM,David Escamilla,377,96,281
Travis,334,County Attorney,,DEM,David Escamilla,283,115,168
Travis,335,County Attorney,,DEM,David Escamilla,340,147,193
Travis,336,County Attorney,,DEM,David Escamilla,308,121,187
Travis,337,County Attorney,,DEM,David Escamilla,549,199,350
Travis,338,County Attorney,,DEM,David Escamilla,711,278,433
Travis,339,County Attorney,,DEM,David Escamilla,298,146,152
Travis,340,County Attorney,,DEM,David Escamilla,490,194,296
Travis,341,County Attorney,,DEM,David Escamilla,5,0,5
Travis,342,County Attorney,,DEM,David Escamilla,1159,507,652
Travis,343,County Attorney,,DEM,David Escamilla,226,80,146
Travis,344,County Attorney,,DEM,David Escamilla,385,172,213
Travis,345,County Attorney,,DEM,David Escamilla,1,1,0
Travis,346,County Attorney,,DEM,David Escamilla,224,138,86
Travis,347,County Attorney,,DEM,David Escamilla,377,193,184
Travis,349,County Attorney,,DEM,David Escamilla,737,320,417
Travis,350,County Attorney,,DEM,David Escamilla,766,363,403
Travis,351,County Attorney,,DEM,David Escamilla,262,125,137
Travis,352,County Attorney,,DEM,David Escamilla,674,354,320
Travis,354,County Attorney,,DEM,David Escamilla,727,426,301
Travis,356,County Attorney,,DEM,David Escamilla,257,118,139
Travis,357,County Attorney,,DEM,David Escamilla,86,35,51
Travis,358,County Attorney,,DEM,David Escamilla,967,453,514
Travis,359,County Attorney,,DEM,David Escamilla,464,214,250
Travis,360,County Attorney,,DEM,David Escamilla,678,290,388
Travis,361,County Attorney,,DEM,David Escamilla,196,85,111
Travis,362,County Attorney,,DEM,David Escamilla,598,308,290
Travis,363,County Attorney,,DEM,David Escamilla,276,137,139
Travis,364,County Attorney,,DEM,David Escamilla,517,302,215
Travis,365,County Attorney,,DEM,David Escamilla,282,113,169
Travis,366,County Attorney,,DEM,David Escamilla,831,384,447
Travis,367,County Attorney,,DEM,David Escamilla,767,344,423
Travis,368,County Attorney,,DEM,David Escamilla,21,14,7
Travis,369,County Attorney,,DEM,David Escamilla,166,52,114
Travis,370,County Attorney,,DEM,David Escamilla,126,16,110
Travis,371,County Attorney,,DEM,David Escamilla,204,83,121
Travis,372,County Attorney,,DEM,David Escamilla,151,51,100
Travis,373,County Attorney,,DEM,David Escamilla,320,127,193
Travis,374,County Attorney,,DEM,David Escamilla,421,154,267
Travis,375,County Attorney,,DEM,David Escamilla,80,28,52
Travis,401,County Attorney,,DEM,David Escamilla,306,144,162
Travis,402,County Attorney,,DEM,David Escamilla,413,175,238
Travis,403,County Attorney,,DEM,David Escamilla,160,54,106
Travis,404,County Attorney,,DEM,David Escamilla,401,149,252
Travis,405,County Attorney,,DEM,David Escamilla,84,32,52
Travis,406,County Attorney,,DEM,David Escamilla,383,222,161
Travis,407,County Attorney,,DEM,David Escamilla,288,122,166
Travis,408,County Attorney,,DEM,David Escamilla,520,201,319
Travis,409,County Attorney,,DEM,David Escamilla,500,214,286
Travis,410,County Attorney,,DEM,David Escamilla,553,272,281
Travis,411,County Attorney,,DEM,David Escamilla,292,129,163
Travis,412,County Attorney,,DEM,David Escamilla,25,15,10
Travis,413,County Attorney,,DEM,David Escamilla,165,67,98
Travis,414,County Attorney,,DEM,David Escamilla,600,261,339
Travis,415,County Attorney,,DEM,David Escamilla,226,82,144
Travis,416,County Attorney,,DEM,David Escamilla,22,10,12
Travis,417,County Attorney,,DEM,David Escamilla,264,134,130
Travis,418,County Attorney,,DEM,David Escamilla,0,0,0
Travis,419,County Attorney,,DEM,David Escamilla,83,49,34
Travis,420,County Attorney,,DEM,David Escamilla,512,220,292
Travis,421,County Attorney,,DEM,David Escamilla,562,229,333
Travis,422,County Attorney,,DEM,David Escamilla,544,239,305
Travis,423,County Attorney,,DEM,David Escamilla,557,222,335
Travis,424,County Attorney,,DEM,David Escamilla,537,216,321
Travis,425,County Attorney,,DEM,David Escamilla,175,77,98
Travis,426,County Attorney,,DEM,David Escamilla,592,265,327
Travis,427,County Attorney,,DEM,David Escamilla,421,202,219
Travis,428,County Attorney,,DEM,David Escamilla,208,94,114
Travis,429,County Attorney,,DEM,David Escamilla,1137,505,632
Travis,430,County Attorney,,DEM,David Escamilla,288,110,178
Travis,431,County Attorney,,DEM,David Escamilla,1042,420,622
Travis,432,County Attorney,,DEM,David Escamilla,1,1,0
Travis,433,County Attorney,,DEM,David Escamilla,583,277,306
Travis,434,County Attorney,,DEM,David Escamilla,2,1,1
Travis,435,County Attorney,,DEM,David Escamilla,958,423,535
Travis,436,County Attorney,,DEM,David Escamilla,67,27,40
Travis,437,County Attorney,,DEM,David Escamilla,528,200,328
Travis,438,County Attorney,,DEM,David Escamilla,322,145,177
Travis,439,County Attorney,,DEM,David Escamilla,595,249,346
Travis,440,County Attorney,,DEM,David Escamilla,190,93,97
Travis,441,County Attorney,,DEM,David Escamilla,778,377,401
Travis,442,County Attorney,,DEM,David Escamilla,293,121,172
Travis,443,County Attorney,,DEM,David Escamilla,453,202,251
Travis,444,County Attorney,,DEM,David Escamilla,24,11,13
Travis,446,County Attorney,,DEM,David Escamilla,255,105,150
Travis,447,County Attorney,,DEM,David Escamilla,722,300,422
Travis,448,County Attorney,,DEM,David Escamilla,382,163,219
Travis,450,County Attorney,,DEM,David Escamilla,623,263,360
Travis,451,County Attorney,,DEM,David Escamilla,604,251,353
Travis,452,County Attorney,,DEM,David Escamilla,299,124,175
Travis,454,County Attorney,,DEM,David Escamilla,452,232,220
Travis,458,County Attorney,,DEM,David Escamilla,650,337,313
Travis,460,County Attorney,,DEM,David Escamilla,772,382,390
Travis,461,County Attorney,,DEM,David Escamilla,834,366,468
Travis,463,County Attorney,,DEM,David Escamilla,641,260,381
Travis,301,"Precinct No. 3, County Commissioner",,DEM,David Holmes,228,94,134
Travis,302,"Precinct No. 3, County Commissioner",,DEM,David Holmes,468,248,220
Travis,303,"Precinct No. 3, County Commissioner",,DEM,David Holmes,399,200,199
Travis,304,"Precinct No. 3, County Commissioner",,DEM,David Holmes,624,270,354
Travis,305,"Precinct No. 3, County Commissioner",,DEM,David Holmes,3,2,1
Travis,306,"Precinct No. 3, County Commissioner",,DEM,David Holmes,253,146,107
Travis,307,"Precinct No. 3, County Commissioner",,DEM,David Holmes,228,109,119
Travis,308,"Precinct No. 3, County Commissioner",,DEM,David Holmes,468,204,264
Travis,309,"Precinct No. 3, County Commissioner",,DEM,David Holmes,413,215,198
Travis,310,"Precinct No. 3, County Commissioner",,DEM,David Holmes,710,334,376
Travis,311,"Precinct No. 3, County Commissioner",,DEM,David Holmes,872,507,365
Travis,312,"Precinct No. 3, County Commissioner",,DEM,David Holmes,222,107,115
Travis,313,"Precinct No. 3, County Commissioner",,DEM,David Holmes,87,34,53
Travis,314,"Precinct No. 3, County Commissioner",,DEM,David Holmes,392,200,192
Travis,315,"Precinct No. 3, County Commissioner",,DEM,David Holmes,643,294,349
Travis,316,"Precinct No. 3, County Commissioner",,DEM,David Holmes,237,100,137
Travis,317,"Precinct No. 3, County Commissioner",,DEM,David Holmes,348,174,174
Travis,318,"Precinct No. 3, County Commissioner",,DEM,David Holmes,87,32,55
Travis,319,"Precinct No. 3, County Commissioner",,DEM,David Holmes,185,94,91
Travis,320,"Precinct No. 3, County Commissioner",,DEM,David Holmes,148,97,51
Travis,321,"Precinct No. 3, County Commissioner",,DEM,David Holmes,122,56,66
Travis,323,"Precinct No. 3, County Commissioner",,DEM,David Holmes,363,163,200
Travis,324,"Precinct No. 3, County Commissioner",,DEM,David Holmes,392,197,195
Travis,325,"Precinct No. 3, County Commissioner",,DEM,David Holmes,12,6,6
Travis,326,"Precinct No. 3, County Commissioner",,DEM,David Holmes,297,126,171
Travis,327,"Precinct No. 3, County Commissioner",,DEM,David Holmes,462,206,256
Travis,328,"Precinct No. 3, County Commissioner",,DEM,David Holmes,686,319,367
Travis,329,"Precinct No. 3, County Commissioner",,DEM,David Holmes,373,195,178
Travis,330,"Precinct No. 3, County Commissioner",,DEM,David Holmes,327,139,188
Travis,331,"Precinct No. 3, County Commissioner",,DEM,David Holmes,464,155,309
Travis,332,"Precinct No. 3, County Commissioner",,DEM,David Holmes,743,270,473
Travis,333,"Precinct No. 3, County Commissioner",,DEM,David Holmes,381,98,283
Travis,334,"Precinct No. 3, County Commissioner",,DEM,David Holmes,292,119,173
Travis,335,"Precinct No. 3, County Commissioner",,DEM,David Holmes,344,152,192
Travis,336,"Precinct No. 3, County Commissioner",,DEM,David Holmes,312,125,187
Travis,337,"Precinct No. 3, County Commissioner",,DEM,David Holmes,559,210,349
Travis,338,"Precinct No. 3, County Commissioner",,DEM,David Holmes,726,287,439
Travis,339,"Precinct No. 3, County Commissioner",,DEM,David Holmes,297,147,150
Travis,340,"Precinct No. 3, County Commissioner",,DEM,David Holmes,494,197,297
Travis,341,"Precinct No. 3, County Commissioner",,DEM,David Holmes,5,0,5
Travis,342,"Precinct No. 3, County Commissioner",,DEM,David Holmes,1115,483,632
Travis,343,"Precinct No. 3, County Commissioner",,DEM,David Holmes,229,81,148
Travis,344,"Precinct No. 3, County Commissioner",,DEM,David Holmes,382,173,209
Travis,345,"Precinct No. 3, County Commissioner",,DEM,David Holmes,1,1,0
Travis,346,"Precinct No. 3, County Commissioner",,DEM,David Holmes,229,142,87
Travis,347,"Precinct No. 3, County Commissioner",,DEM,David Holmes,369,189,180
Travis,349,"Precinct No. 3, County Commissioner",,DEM,David Holmes,740,321,419
Travis,350,"Precinct No. 3, County Commissioner",,DEM,David Holmes,777,370,407
Travis,351,"Precinct No. 3, County Commissioner",,DEM,David Holmes,265,128,137
Travis,352,"Precinct No. 3, County Commissioner",,DEM,David Holmes,677,359,318
Travis,354,"Precinct No. 3, County Commissioner",,DEM,David Holmes,728,424,304
Travis,356,"Precinct No. 3, County Commissioner",,DEM,David Holmes,261,122,139
Travis,357,"Precinct No. 3, County Commissioner",,DEM,David Holmes,87,36,51
Travis,358,"Precinct No. 3, County Commissioner",,DEM,David Holmes,969,457,512
Travis,359,"Precinct No. 3, County Commissioner",,DEM,David Holmes,467,210,257
Travis,360,"Precinct No. 3, County Commissioner",,DEM,David Holmes,686,295,391
Travis,361,"Precinct No. 3, County Commissioner",,DEM,David Holmes,193,87,106
Travis,362,"Precinct No. 3, County Commissioner",,DEM,David Holmes,608,314,294
Travis,363,"Precinct No. 3, County Commissioner",,DEM,David Holmes,280,136,144
Travis,364,"Precinct No. 3, County Commissioner",,DEM,David Holmes,522,304,218
Travis,365,"Precinct No. 3, County Commissioner",,DEM,David Holmes,278,110,168
Travis,366,"Precinct No. 3, County Commissioner",,DEM,David Holmes,833,388,445
Travis,367,"Precinct No. 3, County Commissioner",,DEM,David Holmes,775,352,423
Travis,368,"Precinct No. 3, County Commissioner",,DEM,David Holmes,21,13,8
Travis,369,"Precinct No. 3, County Commissioner",,DEM,David Holmes,170,52,118
Travis,370,"Precinct No. 3, County Commissioner",,DEM,David Holmes,129,18,111
Travis,371,"Precinct No. 3, County Commissioner",,DEM,David Holmes,212,85,127
Travis,372,"Precinct No. 3, County Commissioner",,DEM,David Holmes,148,49,99
Travis,373,"Precinct No. 3, County Commissioner",,DEM,David Holmes,333,132,201
Travis,374,"Precinct No. 3, County Commissioner",,DEM,David Holmes,421,149,272
Travis,375,"Precinct No. 3, County Commissioner",,DEM,David Holmes,81,28,53
Travis,105,State Representative,46,DEM,Dawnna Dukes,920,405,515
Travis,113,State Representative,46,DEM,Dawnna Dukes,839,293,546
Travis,116,State Representative,46,DEM,Dawnna Dukes,1,0,1
Travis,117,State Representative,46,DEM,Dawnna Dukes,499,214,285
Travis,118,State Representative,46,DEM,Dawnna Dukes,94,45,49
Travis,120,State Representative,46,DEM,Dawnna Dukes,28,18,10
Travis,121,State Representative,46,DEM,Dawnna Dukes,174,89,85
Travis,122,State Representative,46,DEM,Dawnna Dukes,740,382,358
Travis,124,State Representative,46,DEM,Dawnna Dukes,1113,530,583
Travis,125,State Representative,46,DEM,Dawnna Dukes,0,0,0
Travis,126,State Representative,46,DEM,Dawnna Dukes,1277,571,706
Travis,127,State Representative,46,DEM,Dawnna Dukes,0,0,0
Travis,129,State Representative,46,DEM,Dawnna Dukes,620,308,312
Travis,130,State Representative,46,DEM,Dawnna Dukes,522,200,322
Travis,131,State Representative,46,DEM,Dawnna Dukes,0,0,0
Travis,132,State Representative,46,DEM,Dawnna Dukes,662,299,363
Travis,133,State Representative,46,DEM,Dawnna Dukes,648,244,404
Travis,134,State Representative,46,DEM,Dawnna Dukes,0,0,0
Travis,135,State Representative,46,DEM,Dawnna Dukes,1645,718,927
Travis,136,State Representative,46,DEM,Dawnna Dukes,404,174,230
Travis,139,State Representative,46,DEM,Dawnna Dukes,594,268,326
Travis,141,State Representative,46,DEM,Dawnna Dukes,67,21,46
Travis,142,State Representative,46,DEM,Dawnna Dukes,211,95,116
Travis,145,State Representative,46,DEM,Dawnna Dukes,399,149,250
Travis,146,State Representative,46,DEM,Dawnna Dukes,383,187,196
Travis,148,State Representative,46,DEM,Dawnna Dukes,498,201,297
Travis,151,State Representative,46,DEM,Dawnna Dukes,595,242,353
Travis,152,State Representative,46,DEM,Dawnna Dukes,1118,490,628
Travis,156,State Representative,46,DEM,Dawnna Dukes,1083,487,596
Travis,160,State Representative,46,DEM,Dawnna Dukes,270,98,172
Travis,203,State Representative,46,DEM,Dawnna Dukes,98,29,69
Travis,217,State Representative,46,DEM,Dawnna Dukes,370,144,226
Travis,223,State Representative,46,DEM,Dawnna Dukes,108,44,64
Travis,224,State Representative,46,DEM,Dawnna Dukes,20,10,10
Travis,436,State Representative,46,DEM,Dawnna Dukes,70,30,40
Travis,444,State Representative,46,DEM,Dawnna Dukes,28,12,16
Travis,129,"Precinct 129, Precinct Chairman",,DEM,Denee Lee Ann Booker,352,175,177
Travis,101,Sheriff,,DEM,Don X. Rios,148,56,92
Travis,102,Sheriff,,DEM,Don X. Rios,29,9,20
Travis,103,Sheriff,,DEM,Don X. Rios,52,26,26
Travis,104,Sheriff,,DEM,Don X. Rios,56,35,21
Travis,105,Sheriff,,DEM,Don X. Rios,162,60,102
Travis,106,Sheriff,,DEM,Don X. Rios,61,20,41
Travis,107,Sheriff,,DEM,Don X. Rios,6,3,3
Travis,108,Sheriff,,DEM,Don X. Rios,71,20,51
Travis,109,Sheriff,,DEM,Don X. Rios,90,30,60
Travis,110,Sheriff,,DEM,Don X. Rios,173,59,114
Travis,111,Sheriff,,DEM,Don X. Rios,150,62,88
Travis,112,Sheriff,,DEM,Don X. Rios,41,12,29
Travis,113,Sheriff,,DEM,Don X. Rios,159,56,103
Travis,114,Sheriff,,DEM,Don X. Rios,8,6,2
Travis,115,Sheriff,,DEM,Don X. Rios,0,0,0
Travis,116,Sheriff,,DEM,Don X. Rios,1,0,1
Travis,117,Sheriff,,DEM,Don X. Rios,108,51,57
Travis,118,Sheriff,,DEM,Don X. Rios,17,7,10
Travis,119,Sheriff,,DEM,Don X. Rios,0,0,0
Travis,120,Sheriff,,DEM,Don X. Rios,3,3,0
Travis,121,Sheriff,,DEM,Don X. Rios,25,11,14
Travis,122,Sheriff,,DEM,Don X. Rios,151,84,67
Travis,123,Sheriff,,DEM,Don X. Rios,151,69,82
Travis,124,Sheriff,,DEM,Don X. Rios,247,118,129
Travis,125,Sheriff,,DEM,Don X. Rios,0,0,0
Travis,126,Sheriff,,DEM,Don X. Rios,302,126,176
Travis,127,Sheriff,,DEM,Don X. Rios,0,0,0
Travis,128,Sheriff,,DEM,Don X. Rios,0,0,0
Travis,129,Sheriff,,DEM,Don X. Rios,148,79,69
Travis,130,Sheriff,,DEM,Don X. Rios,155,69,86
Travis,131,Sheriff,,DEM,Don X. Rios,0,0,0
Travis,132,Sheriff,,DEM,Don X. Rios,137,65,72
Travis,133,Sheriff,,DEM,Don X. Rios,123,49,74
Travis,134,Sheriff,,DEM,Don X. Rios,0,0,0
Travis,135,Sheriff,,DEM,Don X. Rios,384,165,219
Travis,136,Sheriff,,DEM,Don X. Rios,91,47,44
Travis,137,Sheriff,,DEM,Don X. Rios,360,141,219
Travis,138,Sheriff,,DEM,Don X. Rios,0,0,0
Travis,139,Sheriff,,DEM,Don X. Rios,132,64,68
Travis,140,Sheriff,,DEM,Don X. Rios,88,36,52
Travis,141,Sheriff,,DEM,Don X. Rios,17,7,10
Travis,142,Sheriff,,DEM,Don X. Rios,45,21,24
Travis,145,Sheriff,,DEM,Don X. Rios,99,45,54
Travis,146,Sheriff,,DEM,Don X. Rios,82,36,46
Travis,148,Sheriff,,DEM,Don X. Rios,123,48,75
Travis,149,Sheriff,,DEM,Don X. Rios,90,42,48
Travis,150,Sheriff,,DEM,Don X. Rios,57,23,34
Travis,151,Sheriff,,DEM,Don X. Rios,134,64,70
Travis,152,Sheriff,,DEM,Don X. Rios,182,78,104
Travis,153,Sheriff,,DEM,Don X. Rios,182,61,121
Travis,154,Sheriff,,DEM,Don X. Rios,78,21,57
Travis,156,Sheriff,,DEM,Don X. Rios,219,101,118
Travis,160,Sheriff,,DEM,Don X. Rios,60,25,35
Travis,161,Sheriff,,DEM,Don X. Rios,42,16,26
Travis,163,Sheriff,,DEM,Don X. Rios,5,2,3
Travis,164,Sheriff,,DEM,Don X. Rios,63,26,37
Travis,200,Sheriff,,DEM,Don X. Rios,264,124,140
Travis,202,Sheriff,,DEM,Don X. Rios,191,88,103
Travis,203,Sheriff,,DEM,Don X. Rios,19,5,14
Travis,205,Sheriff,,DEM,Don X. Rios,68,25,43
Travis,206,Sheriff,,DEM,Don X. Rios,90,47,43
Travis,207,Sheriff,,DEM,Don X. Rios,147,66,81
Travis,208,Sheriff,,DEM,Don X. Rios,490,184,306
Travis,209,Sheriff,,DEM,Don X. Rios,36,16,20
Travis,210,Sheriff,,DEM,Don X. Rios,51,28,23
Travis,211,Sheriff,,DEM,Don X. Rios,73,33,40
Travis,212,Sheriff,,DEM,Don X. Rios,54,32,22
Travis,213,Sheriff,,DEM,Don X. Rios,0,0,0
Travis,214,Sheriff,,DEM,Don X. Rios,73,31,42
Travis,215,Sheriff,,DEM,Don X. Rios,67,31,36
Travis,216,Sheriff,,DEM,Don X. Rios,53,16,37
Travis,217,Sheriff,,DEM,Don X. Rios,67,26,41
Travis,218,Sheriff,,DEM,Don X. Rios,170,75,95
Travis,219,Sheriff,,DEM,Don X. Rios,83,33,50
Travis,220,Sheriff,,DEM,Don X. Rios,72,39,33
Travis,221,Sheriff,,DEM,Don X. Rios,7,5,2
Travis,222,Sheriff,,DEM,Don X. Rios,104,42,62
Travis,223,Sheriff,,DEM,Don X. Rios,20,6,14
Travis,224,Sheriff,,DEM,Don X. Rios,4,1,3
Travis,225,Sheriff,,DEM,Don X. Rios,89,41,48
Travis,226,Sheriff,,DEM,Don X. Rios,59,16,43
Travis,227,Sheriff,,DEM,Don X. Rios,16,4,12
Travis,228,Sheriff,,DEM,Don X. Rios,73,44,29
Travis,229,Sheriff,,DEM,Don X. Rios,76,28,48
Travis,231,Sheriff,,DEM,Don X. Rios,127,63,64
Travis,232,Sheriff,,DEM,Don X. Rios,109,64,45
Travis,233,Sheriff,,DEM,Don X. Rios,73,30,43
Travis,234,Sheriff,,DEM,Don X. Rios,41,23,18
Travis,235,Sheriff,,DEM,Don X. Rios,160,62,98
Travis,236,Sheriff,,DEM,Don X. Rios,179,70,109
Travis,237,Sheriff,,DEM,Don X. Rios,73,29,44
Travis,238,Sheriff,,DEM,Don X. Rios,143,62,81
Travis,239,Sheriff,,DEM,Don X. Rios,179,67,112
Travis,240,Sheriff,,DEM,Don X. Rios,57,24,33
Travis,241,Sheriff,,DEM,Don X. Rios,102,48,54
Travis,242,Sheriff,,DEM,Don X. Rios,364,165,199
Travis,243,Sheriff,,DEM,Don X. Rios,141,69,72
Travis,244,Sheriff,,DEM,Don X. Rios,84,42,42
Travis,245,Sheriff,,DEM,Don X. Rios,26,8,18
Travis,246,Sheriff,,DEM,Don X. Rios,71,38,33
Travis,247,Sheriff,,DEM,Don X. Rios,27,12,15
Travis,248,Sheriff,,DEM,Don X. Rios,148,72,76
Travis,249,Sheriff,,DEM,Don X. Rios,123,71,52
Travis,250,Sheriff,,DEM,Don X. Rios,131,53,78
Travis,251,Sheriff,,DEM,Don X. Rios,80,33,47
Travis,252,Sheriff,,DEM,Don X. Rios,167,86,81
Travis,253,Sheriff,,DEM,Don X. Rios,113,62,51
Travis,254,Sheriff,,DEM,Don X. Rios,107,49,58
Travis,256,Sheriff,,DEM,Don X. Rios,60,36,24
Travis,258,Sheriff,,DEM,Don X. Rios,100,45,55
Travis,259,Sheriff,,DEM,Don X. Rios,115,53,62
Travis,260,Sheriff,,DEM,Don X. Rios,27,9,18
Travis,262,Sheriff,,DEM,Don X. Rios,205,110,95
Travis,263,Sheriff,,DEM,Don X. Rios,143,63,80
Travis,266,Sheriff,,DEM,Don X. Rios,15,7,8
Travis,267,Sheriff,,DEM,Don X. Rios,71,30,41
Travis,268,Sheriff,,DEM,Don X. Rios,41,16,25
Travis,273,Sheriff,,DEM,Don X. Rios,132,69,63
Travis,274,Sheriff,,DEM,Don X. Rios,141,49,92
Travis,275,Sheriff,,DEM,Don X. Rios,139,59,80
Travis,277,Sheriff,,DEM,Don X. Rios,322,134,188
Travis,301,Sheriff,,DEM,Don X. Rios,28,5,23
Travis,302,Sheriff,,DEM,Don X. Rios,82,44,38
Travis,303,Sheriff,,DEM,Don X. Rios,63,33,30
Travis,304,Sheriff,,DEM,Don X. Rios,91,41,50
Travis,305,Sheriff,,DEM,Don X. Rios,0,0,0
Travis,306,Sheriff,,DEM,Don X. Rios,31,18,13
Travis,307,Sheriff,,DEM,Don X. Rios,32,19,13
Travis,308,Sheriff,,DEM,Don X. Rios,73,40,33
Travis,309,Sheriff,,DEM,Don X. Rios,78,44,34
Travis,310,Sheriff,,DEM,Don X. Rios,123,59,64
Travis,311,Sheriff,,DEM,Don X. Rios,269,120,149
Travis,312,Sheriff,,DEM,Don X. Rios,52,23,29
Travis,313,Sheriff,,DEM,Don X. Rios,17,5,12
Travis,314,Sheriff,,DEM,Don X. Rios,97,49,48
Travis,315,Sheriff,,DEM,Don X. Rios,102,40,62
Travis,316,Sheriff,,DEM,Don X. Rios,49,27,22
Travis,317,Sheriff,,DEM,Don X. Rios,28,15,13
Travis,318,Sheriff,,DEM,Don X. Rios,13,5,8
Travis,319,Sheriff,,DEM,Don X. Rios,27,12,15
Travis,320,Sheriff,,DEM,Don X. Rios,17,10,7
Travis,321,Sheriff,,DEM,Don X. Rios,24,16,8
Travis,323,Sheriff,,DEM,Don X. Rios,95,31,64
Travis,324,Sheriff,,DEM,Don X. Rios,66,29,37
Travis,325,Sheriff,,DEM,Don X. Rios,2,0,2
Travis,326,Sheriff,,DEM,Don X. Rios,52,25,27
Travis,327,Sheriff,,DEM,Don X. Rios,73,45,28
Travis,328,Sheriff,,DEM,Don X. Rios,138,69,69
Travis,329,Sheriff,,DEM,Don X. Rios,62,30,32
Travis,330,Sheriff,,DEM,Don X. Rios,46,26,20
Travis,331,Sheriff,,DEM,Don X. Rios,73,29,44
Travis,332,Sheriff,,DEM,Don X. Rios,140,54,86
Travis,333,Sheriff,,DEM,Don X. Rios,48,10,38
Travis,334,Sheriff,,DEM,Don X. Rios,58,32,26
Travis,335,Sheriff,,DEM,Don X. Rios,72,35,37
Travis,336,Sheriff,,DEM,Don X. Rios,47,27,20
Travis,337,Sheriff,,DEM,Don X. Rios,122,61,61
Travis,338,Sheriff,,DEM,Don X. Rios,102,39,63
Travis,339,Sheriff,,DEM,Don X. Rios,52,23,29
Travis,340,Sheriff,,DEM,Don X. Rios,89,32,57
Travis,341,Sheriff,,DEM,Don X. Rios,2,0,2
Travis,342,Sheriff,,DEM,Don X. Rios,208,106,102
Travis,343,Sheriff,,DEM,Don X. Rios,46,13,33
Travis,344,Sheriff,,DEM,Don X. Rios,59,24,35
Travis,345,Sheriff,,DEM,Don X. Rios,0,0,0
Travis,346,Sheriff,,DEM,Don X. Rios,27,21,6
Travis,347,Sheriff,,DEM,Don X. Rios,44,17,27
Travis,349,Sheriff,,DEM,Don X. Rios,151,66,85
Travis,350,Sheriff,,DEM,Don X. Rios,132,68,64
Travis,351,Sheriff,,DEM,Don X. Rios,53,18,35
Travis,352,Sheriff,,DEM,Don X. Rios,125,71,54
Travis,354,Sheriff,,DEM,Don X. Rios,147,93,54
Travis,356,Sheriff,,DEM,Don X. Rios,42,17,25
Travis,357,Sheriff,,DEM,Don X. Rios,16,11,5
Travis,358,Sheriff,,DEM,Don X. Rios,259,135,124
Travis,359,Sheriff,,DEM,Don X. Rios,73,38,35
Travis,360,Sheriff,,DEM,Don X. Rios,129,59,70
Travis,361,Sheriff,,DEM,Don X. Rios,34,20,14
Travis,362,Sheriff,,DEM,Don X. Rios,130,78,52
Travis,363,Sheriff,,DEM,Don X. Rios,40,21,19
Travis,364,Sheriff,,DEM,Don X. Rios,105,73,32
Travis,365,Sheriff,,DEM,Don X. Rios,51,26,25
Travis,366,Sheriff,,DEM,Don X. Rios,164,102,62
Travis,367,Sheriff,,DEM,Don X. Rios,123,68,55
Travis,368,Sheriff,,DEM,Don X. Rios,1,0,1
Travis,369,Sheriff,,DEM,Don X. Rios,40,16,24
Travis,370,Sheriff,,DEM,Don X. Rios,16,5,11
Travis,371,Sheriff,,DEM,Don X. Rios,32,17,15
Travis,372,Sheriff,,DEM,Don X. Rios,34,13,21
Travis,373,Sheriff,,DEM,Don X. Rios,50,22,28
Travis,374,Sheriff,,DEM,Don X. Rios,81,39,42
Travis,375,Sheriff,,DEM,Don X. Rios,19,7,12
Travis,401,Sheriff,,DEM,Don X. Rios,60,28,32
Travis,402,Sheriff,,DEM,Don X. Rios,91,34,57
Travis,403,Sheriff,,DEM,Don X. Rios,28,9,19
Travis,404,Sheriff,,DEM,Don X. Rios,109,38,71
Travis,405,Sheriff,,DEM,Don X. Rios,23,7,16
Travis,406,Sheriff,,DEM,Don X. Rios,70,40,30
Travis,407,Sheriff,,DEM,Don X. Rios,48,20,28
Travis,408,Sheriff,,DEM,Don X. Rios,82,26,56
Travis,409,Sheriff,,DEM,Don X. Rios,124,58,66
Travis,410,Sheriff,,DEM,Don X. Rios,79,40,39
Travis,411,Sheriff,,DEM,Don X. Rios,83,40,43
Travis,412,Sheriff,,DEM,Don X. Rios,2,2,0
Travis,413,Sheriff,,DEM,Don X. Rios,33,13,20
Travis,414,Sheriff,,DEM,Don X. Rios,107,47,60
Travis,415,Sheriff,,DEM,Don X. Rios,30,11,19
Travis,416,Sheriff,,DEM,Don X. Rios,6,2,4
Travis,417,Sheriff,,DEM,Don X. Rios,64,32,32
Travis,418,Sheriff,,DEM,Don X. Rios,0,0,0
Travis,419,Sheriff,,DEM,Don X. Rios,17,10,7
Travis,420,Sheriff,,DEM,Don X. Rios,113,48,65
Travis,421,Sheriff,,DEM,Don X. Rios,80,34,46
Travis,422,Sheriff,,DEM,Don X. Rios,90,39,51
Travis,423,Sheriff,,DEM,Don X. Rios,150,61,89
Travis,424,Sheriff,,DEM,Don X. Rios,119,55,64
Travis,425,Sheriff,,DEM,Don X. Rios,29,13,16
Travis,426,Sheriff,,DEM,Don X. Rios,194,96,98
Travis,427,Sheriff,,DEM,Don X. Rios,101,52,49
Travis,428,Sheriff,,DEM,Don X. Rios,40,14,26
Travis,429,Sheriff,,DEM,Don X. Rios,343,147,196
Travis,430,Sheriff,,DEM,Don X. Rios,56,24,32
Travis,431,Sheriff,,DEM,Don X. Rios,218,96,122
Travis,432,Sheriff,,DEM,Don X. Rios,0,0,0
Travis,433,Sheriff,,DEM,Don X. Rios,120,57,63
Travis,434,Sheriff,,DEM,Don X. Rios,0,0,0
Travis,435,Sheriff,,DEM,Don X. Rios,135,54,81
Travis,436,Sheriff,,DEM,Don X. Rios,15,7,8
Travis,437,Sheriff,,DEM,Don X. Rios,77,29,48
Travis,438,Sheriff,,DEM,Don X. Rios,99,51,48
Travis,439,Sheriff,,DEM,Don X. Rios,177,90,87
Travis,440,Sheriff,,DEM,Don X. Rios,41,18,23
Travis,441,Sheriff,,DEM,Don X. Rios,148,74,74
Travis,442,Sheriff,,DEM,Don X. Rios,63,31,32
Travis,443,Sheriff,,DEM,Don X. Rios,103,54,49
Travis,444,Sheriff,,DEM,Don X. Rios,8,5,3
Travis,446,Sheriff,,DEM,Don X. Rios,56,25,31
Travis,447,Sheriff,,DEM,Don X. Rios,131,53,78
Travis,448,Sheriff,,DEM,Don X. Rios,86,41,45
Travis,450,Sheriff,,DEM,Don X. Rios,138,56,82
Travis,451,Sheriff,,DEM,Don X. Rios,120,56,64
Travis,452,Sheriff,,DEM,Don X. Rios,80,41,39
Travis,454,Sheriff,,DEM,Don X. Rios,78,42,36
Travis,458,Sheriff,,DEM,Don X. Rios,106,60,46
Travis,460,Sheriff,,DEM,Don X. Rios,160,87,73
Travis,461,Sheriff,,DEM,Don X. Rios,152,65,87
Travis,463,Sheriff,,DEM,Don X. Rios,130,66,64
Travis,210,State Representative,48,DEM,Donna Howard,334,173,161
Travis,212,State Representative,48,DEM,Donna Howard,433,223,210
Travis,213,State Representative,48,DEM,Donna Howard,0,0,0
Travis,220,State Representative,48,DEM,Donna Howard,361,172,189
Travis,221,State Representative,48,DEM,Donna Howard,97,42,55
Travis,231,State Representative,48,DEM,Donna Howard,601,266,335
Travis,237,State Representative,48,DEM,Donna Howard,464,199,265
Travis,238,State Representative,48,DEM,Donna Howard,660,267,393
Travis,246,State Representative,48,DEM,Donna Howard,389,153,236
Travis,247,State Representative,48,DEM,Donna Howard,158,62,96
Travis,249,State Representative,48,DEM,Donna Howard,607,271,336
Travis,251,State Representative,48,DEM,Donna Howard,651,299,352
Travis,253,State Representative,48,DEM,Donna Howard,548,264,284
Travis,256,State Representative,48,DEM,Donna Howard,338,175,163
Travis,262,State Representative,48,DEM,Donna Howard,917,447,470
Travis,266,State Representative,48,DEM,Donna Howard,95,56,39
Travis,301,State Representative,48,DEM,Donna Howard,244,97,147
Travis,307,State Representative,48,DEM,Donna Howard,268,128,140
Travis,309,State Representative,48,DEM,Donna Howard,442,231,211
Travis,317,State Representative,48,DEM,Donna Howard,425,211,214
Travis,337,State Representative,48,DEM,Donna Howard,620,228,392
Travis,339,State Representative,48,DEM,Donna Howard,339,165,174
Travis,343,State Representative,48,DEM,Donna Howard,240,84,156
Travis,344,State Representative,48,DEM,Donna Howard,410,184,226
Travis,347,State Representative,48,DEM,Donna Howard,444,224,220
Travis,350,State Representative,48,DEM,Donna Howard,824,384,440
Travis,351,State Representative,48,DEM,Donna Howard,278,130,148
Travis,352,State Representative,48,DEM,Donna Howard,715,373,342
Travis,354,State Representative,48,DEM,Donna Howard,802,470,332
Travis,356,State Representative,48,DEM,Donna Howard,289,135,154
Travis,357,State Representative,48,DEM,Donna Howard,98,42,56
Travis,358,State Representative,48,DEM,Donna Howard,1036,487,549
Travis,362,State Representative,48,DEM,Donna Howard,653,331,322
Travis,363,State Representative,48,DEM,Donna Howard,298,146,152
Travis,364,State Representative,48,DEM,Donna Howard,622,365,257
Travis,366,State Representative,48,DEM,Donna Howard,900,417,483
Travis,408,State Representative,48,DEM,Donna Howard,540,211,329
Travis,411,State Representative,48,DEM,Donna Howard,314,135,179
Travis,412,State Representative,48,DEM,Donna Howard,27,15,12
Travis,413,State Representative,48,DEM,Donna Howard,175,75,100
Travis,414,State Representative,48,DEM,Donna Howard,619,267,352
Travis,415,State Representative,48,DEM,Donna Howard,235,87,148
Travis,416,State Representative,48,DEM,Donna Howard,23,10,13
Travis,418,State Representative,48,DEM,Donna Howard,0,0,0
Travis,419,State Representative,48,DEM,Donna Howard,91,54,37
Travis,435,State Representative,48,DEM,Donna Howard,1030,449,581
Travis,447,State Representative,48,DEM,Donna Howard,778,322,456
Travis,451,State Representative,48,DEM,Donna Howard,639,267,372
Travis,458,State Representative,48,DEM,Donna Howard,698,358,340
Travis,463,State Representative,48,DEM,Donna Howard,686,280,406
Travis,101,"Place 5, Justice, Supreme Court",,DEM,Dori Contreras Garza,794,281,513
Travis,102,"Place 5, Justice, Supreme Court",,DEM,Dori Contreras Garza,180,60,120
Travis,103,"Place 5, Justice, Supreme Court",,DEM,Dori Contreras Garza,268,105,163
Travis,104,"Place 5, Justice, Supreme Court",,DEM,Dori Contreras Garza,205,90,115
Travis,105,"Place 5, Justice, Supreme Court",,DEM,Dori Contreras Garza,897,400,497
Travis,106,"Place 5, Justice, Supreme Court",,DEM,Dori Contreras Garza,326,135,191
Travis,107,"Place 5, Justice, Supreme Court",,DEM,Dori Contreras Garza,33,12,21
Travis,108,"Place 5, Justice, Supreme Court",,DEM,Dori Contreras Garza,302,91,211
Travis,109,"Place 5, Justice, Supreme Court",,DEM,Dori Contreras Garza,351,121,230
Travis,110,"Place 5, Justice, Supreme Court",,DEM,Dori Contreras Garza,664,245,419
Travis,111,"Place 5, Justice, Supreme Court",,DEM,Dori Contreras Garza,642,243,399
Travis,112,"Place 5, Justice, Supreme Court",,DEM,Dori Contreras Garza,203,72,131
Travis,113,"Place 5, Justice, Supreme Court",,DEM,Dori Contreras Garza,840,289,551
Travis,114,"Place 5, Justice, Supreme Court",,DEM,Dori Contreras Garza,51,21,30
Travis,115,"Place 5, Justice, Supreme Court",,DEM,Dori Contreras Garza,1,0,1
Travis,116,"Place 5, Justice, Supreme Court",,DEM,Dori Contreras Garza,1,0,1
Travis,117,"Place 5, Justice, Supreme Court",,DEM,Dori Contreras Garza,463,207,256
Travis,118,"Place 5, Justice, Supreme Court",,DEM,Dori Contreras Garza,84,40,44
Travis,119,"Place 5, Justice, Supreme Court",,DEM,Dori Contreras Garza,0,0,0
Travis,120,"Place 5, Justice, Supreme Court",,DEM,Dori Contreras Garza,28,17,11
Travis,121,"Place 5, Justice, Supreme Court",,DEM,Dori Contreras Garza,151,77,74
Travis,122,"Place 5, Justice, Supreme Court",,DEM,Dori Contreras Garza,637,328,309
Travis,123,"Place 5, Justice, Supreme Court",,DEM,Dori Contreras Garza,486,173,313
Travis,124,"Place 5, Justice, Supreme Court",,DEM,Dori Contreras Garza,1116,532,584
Travis,125,"Place 5, Justice, Supreme Court",,DEM,Dori Contreras Garza,0,0,0
Travis,126,"Place 5, Justice, Supreme Court",,DEM,Dori Contreras Garza,1229,561,668
Travis,127,"Place 5, Justice, Supreme Court",,DEM,Dori Contreras Garza,0,0,0
Travis,128,"Place 5, Justice, Supreme Court",,DEM,Dori Contreras Garza,0,0,0
Travis,129,"Place 5, Justice, Supreme Court",,DEM,Dori Contreras Garza,566,286,280
Travis,130,"Place 5, Justice, Supreme Court",,DEM,Dori Contreras Garza,522,201,321
Travis,131,"Place 5, Justice, Supreme Court",,DEM,Dori Contreras Garza,0,0,0
Travis,132,"Place 5, Justice, Supreme Court",,DEM,Dori Contreras Garza,631,282,349
Travis,133,"Place 5, Justice, Supreme Court",,DEM,Dori Contreras Garza,630,229,401
Travis,134,"Place 5, Justice, Supreme Court",,DEM,Dori Contreras Garza,0,0,0
Travis,135,"Place 5, Justice, Supreme Court",,DEM,Dori Contreras Garza,1712,744,968
Travis,136,"Place 5, Justice, Supreme Court",,DEM,Dori Contreras Garza,394,169,225
Travis,137,"Place 5, Justice, Supreme Court",,DEM,Dori Contreras Garza,896,328,568
Travis,138,"Place 5, Justice, Supreme Court",,DEM,Dori Contreras Garza,0,0,0
Travis,139,"Place 5, Justice, Supreme Court",,DEM,Dori Contreras Garza,590,256,334
Travis,140,"Place 5, Justice, Supreme Court",,DEM,Dori Contreras Garza,310,127,183
Travis,141,"Place 5, Justice, Supreme Court",,DEM,Dori Contreras Garza,67,22,45
Travis,142,"Place 5, Justice, Supreme Court",,DEM,Dori Contreras Garza,220,98,122
Travis,145,"Place 5, Justice, Supreme Court",,DEM,Dori Contreras Garza,396,144,252
Travis,146,"Place 5, Justice, Supreme Court",,DEM,Dori Contreras Garza,383,187,196
Travis,148,"Place 5, Justice, Supreme Court",,DEM,Dori Contreras Garza,494,200,294
Travis,149,"Place 5, Justice, Supreme Court",,DEM,Dori Contreras Garza,424,163,261
Travis,150,"Place 5, Justice, Supreme Court",,DEM,Dori Contreras Garza,241,97,144
Travis,151,"Place 5, Justice, Supreme Court",,DEM,Dori Contreras Garza,588,242,346
Travis,152,"Place 5, Justice, Supreme Court",,DEM,Dori Contreras Garza,1164,512,652
Travis,153,"Place 5, Justice, Supreme Court",,DEM,Dori Contreras Garza,787,286,501
Travis,154,"Place 5, Justice, Supreme Court",,DEM,Dori Contreras Garza,470,143,327
Travis,156,"Place 5, Justice, Supreme Court",,DEM,Dori Contreras Garza,1072,483,589
Travis,160,"Place 5, Justice, Supreme Court",,DEM,Dori Contreras Garza,268,100,168
Travis,161,"Place 5, Justice, Supreme Court",,DEM,Dori Contreras Garza,190,73,117
Travis,163,"Place 5, Justice, Supreme Court",,DEM,Dori Contreras Garza,22,10,12
Travis,164,"Place 5, Justice, Supreme Court",,DEM,Dori Contreras Garza,278,102,176
Travis,200,"Place 5, Justice, Supreme Court",,DEM,Dori Contreras Garza,1247,567,680
Travis,202,"Place 5, Justice, Supreme Court",,DEM,Dori Contreras Garza,920,415,505
Travis,203,"Place 5, Justice, Supreme Court",,DEM,Dori Contreras Garza,99,31,68
Travis,205,"Place 5, Justice, Supreme Court",,DEM,Dori Contreras Garza,400,152,248
Travis,206,"Place 5, Justice, Supreme Court",,DEM,Dori Contreras Garza,285,141,144
Travis,207,"Place 5, Justice, Supreme Court",,DEM,Dori Contreras Garza,693,274,419
Travis,208,"Place 5, Justice, Supreme Court",,DEM,Dori Contreras Garza,1539,851,688
Travis,209,"Place 5, Justice, Supreme Court",,DEM,Dori Contreras Garza,173,82,91
Travis,210,"Place 5, Justice, Supreme Court",,DEM,Dori Contreras Garza,306,159,147
Travis,211,"Place 5, Justice, Supreme Court",,DEM,Dori Contreras Garza,348,138,210
Travis,212,"Place 5, Justice, Supreme Court",,DEM,Dori Contreras Garza,382,199,183
Travis,213,"Place 5, Justice, Supreme Court",,DEM,Dori Contreras Garza,0,0,0
Travis,214,"Place 5, Justice, Supreme Court",,DEM,Dori Contreras Garza,506,211,295
Travis,215,"Place 5, Justice, Supreme Court",,DEM,Dori Contreras Garza,338,118,220
Travis,216,"Place 5, Justice, Supreme Court",,DEM,Dori Contreras Garza,255,83,172
Travis,217,"Place 5, Justice, Supreme Court",,DEM,Dori Contreras Garza,369,144,225
Travis,218,"Place 5, Justice, Supreme Court",,DEM,Dori Contreras Garza,767,311,456
Travis,219,"Place 5, Justice, Supreme Court",,DEM,Dori Contreras Garza,401,145,256
Travis,220,"Place 5, Justice, Supreme Court",,DEM,Dori Contreras Garza,330,150,180
Travis,221,"Place 5, Justice, Supreme Court",,DEM,Dori Contreras Garza,93,41,52
Travis,222,"Place 5, Justice, Supreme Court",,DEM,Dori Contreras Garza,503,188,315
Travis,223,"Place 5, Justice, Supreme Court",,DEM,Dori Contreras Garza,108,41,67
Travis,224,"Place 5, Justice, Supreme Court",,DEM,Dori Contreras Garza,18,8,10
Travis,225,"Place 5, Justice, Supreme Court",,DEM,Dori Contreras Garza,488,170,318
Travis,226,"Place 5, Justice, Supreme Court",,DEM,Dori Contreras Garza,291,105,186
Travis,227,"Place 5, Justice, Supreme Court",,DEM,Dori Contreras Garza,77,32,45
Travis,228,"Place 5, Justice, Supreme Court",,DEM,Dori Contreras Garza,313,165,148
Travis,229,"Place 5, Justice, Supreme Court",,DEM,Dori Contreras Garza,394,144,250
Travis,231,"Place 5, Justice, Supreme Court",,DEM,Dori Contreras Garza,544,238,306
Travis,232,"Place 5, Justice, Supreme Court",,DEM,Dori Contreras Garza,492,237,255
Travis,233,"Place 5, Justice, Supreme Court",,DEM,Dori Contreras Garza,394,149,245
Travis,234,"Place 5, Justice, Supreme Court",,DEM,Dori Contreras Garza,224,100,124
Travis,235,"Place 5, Justice, Supreme Court",,DEM,Dori Contreras Garza,737,295,442
Travis,236,"Place 5, Justice, Supreme Court",,DEM,Dori Contreras Garza,867,299,568
Travis,237,"Place 5, Justice, Supreme Court",,DEM,Dori Contreras Garza,401,173,228
Travis,238,"Place 5, Justice, Supreme Court",,DEM,Dori Contreras Garza,633,262,371
Travis,239,"Place 5, Justice, Supreme Court",,DEM,Dori Contreras Garza,652,274,378
Travis,240,"Place 5, Justice, Supreme Court",,DEM,Dori Contreras Garza,268,85,183
Travis,241,"Place 5, Justice, Supreme Court",,DEM,Dori Contreras Garza,449,164,285
Travis,242,"Place 5, Justice, Supreme Court",,DEM,Dori Contreras Garza,1344,594,750
Travis,243,"Place 5, Justice, Supreme Court",,DEM,Dori Contreras Garza,473,240,233
Travis,244,"Place 5, Justice, Supreme Court",,DEM,Dori Contreras Garza,379,192,187
Travis,245,"Place 5, Justice, Supreme Court",,DEM,Dori Contreras Garza,150,53,97
Travis,246,"Place 5, Justice, Supreme Court",,DEM,Dori Contreras Garza,367,146,221
Travis,247,"Place 5, Justice, Supreme Court",,DEM,Dori Contreras Garza,146,56,90
Travis,248,"Place 5, Justice, Supreme Court",,DEM,Dori Contreras Garza,569,246,323
Travis,249,"Place 5, Justice, Supreme Court",,DEM,Dori Contreras Garza,565,246,319
Travis,250,"Place 5, Justice, Supreme Court",,DEM,Dori Contreras Garza,1032,438,594
Travis,251,"Place 5, Justice, Supreme Court",,DEM,Dori Contreras Garza,603,277,326
Travis,252,"Place 5, Justice, Supreme Court",,DEM,Dori Contreras Garza,598,284,314
Travis,253,"Place 5, Justice, Supreme Court",,DEM,Dori Contreras Garza,484,235,249
Travis,254,"Place 5, Justice, Supreme Court",,DEM,Dori Contreras Garza,514,232,282
Travis,256,"Place 5, Justice, Supreme Court",,DEM,Dori Contreras Garza,306,152,154
Travis,258,"Place 5, Justice, Supreme Court",,DEM,Dori Contreras Garza,465,208,257
Travis,259,"Place 5, Justice, Supreme Court",,DEM,Dori Contreras Garza,530,207,323
Travis,260,"Place 5, Justice, Supreme Court",,DEM,Dori Contreras Garza,155,50,105
Travis,262,"Place 5, Justice, Supreme Court",,DEM,Dori Contreras Garza,868,421,447
Travis,263,"Place 5, Justice, Supreme Court",,DEM,Dori Contreras Garza,569,211,358
Travis,266,"Place 5, Justice, Supreme Court",,DEM,Dori Contreras Garza,78,45,33
Travis,267,"Place 5, Justice, Supreme Court",,DEM,Dori Contreras Garza,275,146,129
Travis,268,"Place 5, Justice, Supreme Court",,DEM,Dori Contreras Garza,187,70,117
Travis,273,"Place 5, Justice, Supreme Court",,DEM,Dori Contreras Garza,731,302,429
Travis,274,"Place 5, Justice, Supreme Court",,DEM,Dori Contreras Garza,725,325,400
Travis,275,"Place 5, Justice, Supreme Court",,DEM,Dori Contreras Garza,948,391,557
Travis,277,"Place 5, Justice, Supreme Court",,DEM,Dori Contreras Garza,923,508,415
Travis,301,"Place 5, Justice, Supreme Court",,DEM,Dori Contreras Garza,245,99,146
Travis,302,"Place 5, Justice, Supreme Court",,DEM,Dori Contreras Garza,489,259,230
Travis,303,"Place 5, Justice, Supreme Court",,DEM,Dori Contreras Garza,420,212,208
Travis,304,"Place 5, Justice, Supreme Court",,DEM,Dori Contreras Garza,653,286,367
Travis,305,"Place 5, Justice, Supreme Court",,DEM,Dori Contreras Garza,3,2,1
Travis,306,"Place 5, Justice, Supreme Court",,DEM,Dori Contreras Garza,268,149,119
Travis,307,"Place 5, Justice, Supreme Court",,DEM,Dori Contreras Garza,237,111,126
Travis,308,"Place 5, Justice, Supreme Court",,DEM,Dori Contreras Garza,483,208,275
Travis,309,"Place 5, Justice, Supreme Court",,DEM,Dori Contreras Garza,437,225,212
Travis,310,"Place 5, Justice, Supreme Court",,DEM,Dori Contreras Garza,732,337,395
Travis,311,"Place 5, Justice, Supreme Court",,DEM,Dori Contreras Garza,938,540,398
Travis,312,"Place 5, Justice, Supreme Court",,DEM,Dori Contreras Garza,237,113,124
Travis,313,"Place 5, Justice, Supreme Court",,DEM,Dori Contreras Garza,99,39,60
Travis,314,"Place 5, Justice, Supreme Court",,DEM,Dori Contreras Garza,426,215,211
Travis,315,"Place 5, Justice, Supreme Court",,DEM,Dori Contreras Garza,669,304,365
Travis,316,"Place 5, Justice, Supreme Court",,DEM,Dori Contreras Garza,248,104,144
Travis,317,"Place 5, Justice, Supreme Court",,DEM,Dori Contreras Garza,367,183,184
Travis,318,"Place 5, Justice, Supreme Court",,DEM,Dori Contreras Garza,90,32,58
Travis,319,"Place 5, Justice, Supreme Court",,DEM,Dori Contreras Garza,192,99,93
Travis,320,"Place 5, Justice, Supreme Court",,DEM,Dori Contreras Garza,157,102,55
Travis,321,"Place 5, Justice, Supreme Court",,DEM,Dori Contreras Garza,128,59,69
Travis,323,"Place 5, Justice, Supreme Court",,DEM,Dori Contreras Garza,381,169,212
Travis,324,"Place 5, Justice, Supreme Court",,DEM,Dori Contreras Garza,400,202,198
Travis,325,"Place 5, Justice, Supreme Court",,DEM,Dori Contreras Garza,13,7,6
Travis,326,"Place 5, Justice, Supreme Court",,DEM,Dori Contreras Garza,310,129,181
Travis,327,"Place 5, Justice, Supreme Court",,DEM,Dori Contreras Garza,480,213,267
Travis,328,"Place 5, Justice, Supreme Court",,DEM,Dori Contreras Garza,705,328,377
Travis,329,"Place 5, Justice, Supreme Court",,DEM,Dori Contreras Garza,396,203,193
Travis,330,"Place 5, Justice, Supreme Court",,DEM,Dori Contreras Garza,347,150,197
Travis,331,"Place 5, Justice, Supreme Court",,DEM,Dori Contreras Garza,477,158,319
Travis,332,"Place 5, Justice, Supreme Court",,DEM,Dori Contreras Garza,773,275,498
Travis,333,"Place 5, Justice, Supreme Court",,DEM,Dori Contreras Garza,402,104,298
Travis,334,"Place 5, Justice, Supreme Court",,DEM,Dori Contreras Garza,303,119,184
Travis,335,"Place 5, Justice, Supreme Court",,DEM,Dori Contreras Garza,357,155,202
Travis,336,"Place 5, Justice, Supreme Court",,DEM,Dori Contreras Garza,321,123,198
Travis,337,"Place 5, Justice, Supreme Court",,DEM,Dori Contreras Garza,573,212,361
Travis,338,"Place 5, Justice, Supreme Court",,DEM,Dori Contreras Garza,761,299,462
Travis,339,"Place 5, Justice, Supreme Court",,DEM,Dori Contreras Garza,322,153,169
Travis,340,"Place 5, Justice, Supreme Court",,DEM,Dori Contreras Garza,530,213,317
Travis,341,"Place 5, Justice, Supreme Court",,DEM,Dori Contreras Garza,5,0,5
Travis,342,"Place 5, Justice, Supreme Court",,DEM,Dori Contreras Garza,1214,529,685
Travis,343,"Place 5, Justice, Supreme Court",,DEM,Dori Contreras Garza,242,85,157
Travis,344,"Place 5, Justice, Supreme Court",,DEM,Dori Contreras Garza,407,180,227
Travis,345,"Place 5, Justice, Supreme Court",,DEM,Dori Contreras Garza,1,1,0
Travis,346,"Place 5, Justice, Supreme Court",,DEM,Dori Contreras Garza,236,144,92
Travis,347,"Place 5, Justice, Supreme Court",,DEM,Dori Contreras Garza,386,196,190
Travis,349,"Place 5, Justice, Supreme Court",,DEM,Dori Contreras Garza,780,344,436
Travis,350,"Place 5, Justice, Supreme Court",,DEM,Dori Contreras Garza,815,382,433
Travis,351,"Place 5, Justice, Supreme Court",,DEM,Dori Contreras Garza,275,130,145
Travis,352,"Place 5, Justice, Supreme Court",,DEM,Dori Contreras Garza,718,376,342
Travis,354,"Place 5, Justice, Supreme Court",,DEM,Dori Contreras Garza,756,438,318
Travis,356,"Place 5, Justice, Supreme Court",,DEM,Dori Contreras Garza,276,125,151
Travis,357,"Place 5, Justice, Supreme Court",,DEM,Dori Contreras Garza,94,39,55
Travis,358,"Place 5, Justice, Supreme Court",,DEM,Dori Contreras Garza,1018,474,544
Travis,359,"Place 5, Justice, Supreme Court",,DEM,Dori Contreras Garza,488,224,264
Travis,360,"Place 5, Justice, Supreme Court",,DEM,Dori Contreras Garza,724,314,410
Travis,361,"Place 5, Justice, Supreme Court",,DEM,Dori Contreras Garza,212,95,117
Travis,362,"Place 5, Justice, Supreme Court",,DEM,Dori Contreras Garza,633,319,314
Travis,363,"Place 5, Justice, Supreme Court",,DEM,Dori Contreras Garza,283,137,146
Travis,364,"Place 5, Justice, Supreme Court",,DEM,Dori Contreras Garza,543,313,230
Travis,365,"Place 5, Justice, Supreme Court",,DEM,Dori Contreras Garza,298,116,182
Travis,366,"Place 5, Justice, Supreme Court",,DEM,Dori Contreras Garza,874,404,470
Travis,367,"Place 5, Justice, Supreme Court",,DEM,Dori Contreras Garza,824,364,460
Travis,368,"Place 5, Justice, Supreme Court",,DEM,Dori Contreras Garza,24,14,10
Travis,369,"Place 5, Justice, Supreme Court",,DEM,Dori Contreras Garza,172,53,119
Travis,370,"Place 5, Justice, Supreme Court",,DEM,Dori Contreras Garza,131,17,114
Travis,371,"Place 5, Justice, Supreme Court",,DEM,Dori Contreras Garza,213,88,125
Travis,372,"Place 5, Justice, Supreme Court",,DEM,Dori Contreras Garza,156,52,104
Travis,373,"Place 5, Justice, Supreme Court",,DEM,Dori Contreras Garza,345,137,208
Travis,374,"Place 5, Justice, Supreme Court",,DEM,Dori Contreras Garza,440,159,281
Travis,375,"Place 5, Justice, Supreme Court",,DEM,Dori Contreras Garza,82,29,53
Travis,401,"Place 5, Justice, Supreme Court",,DEM,Dori Contreras Garza,328,152,176
Travis,402,"Place 5, Justice, Supreme Court",,DEM,Dori Contreras Garza,426,177,249
Travis,403,"Place 5, Justice, Supreme Court",,DEM,Dori Contreras Garza,172,60,112
Travis,404,"Place 5, Justice, Supreme Court",,DEM,Dori Contreras Garza,429,164,265
Travis,405,"Place 5, Justice, Supreme Court",,DEM,Dori Contreras Garza,87,33,54
Travis,406,"Place 5, Justice, Supreme Court",,DEM,Dori Contreras Garza,407,236,171
Travis,407,"Place 5, Justice, Supreme Court",,DEM,Dori Contreras Garza,292,124,168
Travis,408,"Place 5, Justice, Supreme Court",,DEM,Dori Contreras Garza,541,208,333
Travis,409,"Place 5, Justice, Supreme Court",,DEM,Dori Contreras Garza,530,223,307
Travis,410,"Place 5, Justice, Supreme Court",,DEM,Dori Contreras Garza,593,284,309
Travis,411,"Place 5, Justice, Supreme Court",,DEM,Dori Contreras Garza,316,135,181
Travis,412,"Place 5, Justice, Supreme Court",,DEM,Dori Contreras Garza,28,16,12
Travis,413,"Place 5, Justice, Supreme Court",,DEM,Dori Contreras Garza,171,70,101
Travis,414,"Place 5, Justice, Supreme Court",,DEM,Dori Contreras Garza,622,266,356
Travis,415,"Place 5, Justice, Supreme Court",,DEM,Dori Contreras Garza,238,88,150
Travis,416,"Place 5, Justice, Supreme Court",,DEM,Dori Contreras Garza,23,10,13
Travis,417,"Place 5, Justice, Supreme Court",,DEM,Dori Contreras Garza,272,138,134
Travis,418,"Place 5, Justice, Supreme Court",,DEM,Dori Contreras Garza,0,0,0
Travis,419,"Place 5, Justice, Supreme Court",,DEM,Dori Contreras Garza,90,54,36
Travis,420,"Place 5, Justice, Supreme Court",,DEM,Dori Contreras Garza,561,241,320
Travis,421,"Place 5, Justice, Supreme Court",,DEM,Dori Contreras Garza,595,240,355
Travis,422,"Place 5, Justice, Supreme Court",,DEM,Dori Contreras Garza,572,253,319
Travis,423,"Place 5, Justice, Supreme Court",,DEM,Dori Contreras Garza,595,238,357
Travis,424,"Place 5, Justice, Supreme Court",,DEM,Dori Contreras Garza,556,218,338
Travis,425,"Place 5, Justice, Supreme Court",,DEM,Dori Contreras Garza,187,84,103
Travis,426,"Place 5, Justice, Supreme Court",,DEM,Dori Contreras Garza,627,281,346
Travis,427,"Place 5, Justice, Supreme Court",,DEM,Dori Contreras Garza,455,218,237
Travis,428,"Place 5, Justice, Supreme Court",,DEM,Dori Contreras Garza,216,100,116
Travis,429,"Place 5, Justice, Supreme Court",,DEM,Dori Contreras Garza,1247,558,689
Travis,430,"Place 5, Justice, Supreme Court",,DEM,Dori Contreras Garza,303,116,187
Travis,431,"Place 5, Justice, Supreme Court",,DEM,Dori Contreras Garza,1103,451,652
Travis,432,"Place 5, Justice, Supreme Court",,DEM,Dori Contreras Garza,1,1,0
Travis,433,"Place 5, Justice, Supreme Court",,DEM,Dori Contreras Garza,627,303,324
Travis,434,"Place 5, Justice, Supreme Court",,DEM,Dori Contreras Garza,2,1,1
Travis,435,"Place 5, Justice, Supreme Court",,DEM,Dori Contreras Garza,1020,445,575
Travis,436,"Place 5, Justice, Supreme Court",,DEM,Dori Contreras Garza,70,30,40
Travis,437,"Place 5, Justice, Supreme Court",,DEM,Dori Contreras Garza,554,213,341
Travis,438,"Place 5, Justice, Supreme Court",,DEM,Dori Contreras Garza,333,148,185
Travis,439,"Place 5, Justice, Supreme Court",,DEM,Dori Contreras Garza,636,264,372
Travis,440,"Place 5, Justice, Supreme Court",,DEM,Dori Contreras Garza,211,101,110
Travis,441,"Place 5, Justice, Supreme Court",,DEM,Dori Contreras Garza,825,391,434
Travis,442,"Place 5, Justice, Supreme Court",,DEM,Dori Contreras Garza,316,125,191
Travis,443,"Place 5, Justice, Supreme Court",,DEM,Dori Contreras Garza,484,209,275
Travis,444,"Place 5, Justice, Supreme Court",,DEM,Dori Contreras Garza,27,12,15
Travis,446,"Place 5, Justice, Supreme Court",,DEM,Dori Contreras Garza,261,107,154
Travis,447,"Place 5, Justice, Supreme Court",,DEM,Dori Contreras Garza,781,324,457
Travis,448,"Place 5, Justice, Supreme Court",,DEM,Dori Contreras Garza,419,174,245
Travis,450,"Place 5, Justice, Supreme Court",,DEM,Dori Contreras Garza,669,282,387
Travis,451,"Place 5, Justice, Supreme Court",,DEM,Dori Contreras Garza,647,274,373
Travis,452,"Place 5, Justice, Supreme Court",,DEM,Dori Contreras Garza,315,130,185
Travis,454,"Place 5, Justice, Supreme Court",,DEM,Dori Contreras Garza,476,246,230
Travis,458,"Place 5, Justice, Supreme Court",,DEM,Dori Contreras Garza,671,341,330
Travis,460,"Place 5, Justice, Supreme Court",,DEM,Dori Contreras Garza,819,406,413
Travis,461,"Place 5, Justice, Supreme Court",,DEM,Dori Contreras Garza,882,383,499
Travis,463,"Place 5, Justice, Supreme Court",,DEM,Dori Contreras Garza,670,271,399
Travis,101,State Representative,51,DEM,Eddie Rodriguez,804,286,518
Travis,114,State Representative,51,DEM,Eddie Rodriguez,50,21,29
Travis,115,State Representative,51,DEM,Eddie Rodriguez,1,0,1
Travis,119,State Representative,51,DEM,Eddie Rodriguez,0,0,0
Travis,138,State Representative,51,DEM,Eddie Rodriguez,0,0,0
Travis,341,State Representative,51,DEM,Eddie Rodriguez,5,0,5
Travis,401,State Representative,51,DEM,Eddie Rodriguez,330,155,175
Travis,402,State Representative,51,DEM,Eddie Rodriguez,438,181,257
Travis,403,State Representative,51,DEM,Eddie Rodriguez,165,58,107
Travis,404,State Representative,51,DEM,Eddie Rodriguez,417,160,257
Travis,405,State Representative,51,DEM,Eddie Rodriguez,89,34,55
Travis,407,State Representative,51,DEM,Eddie Rodriguez,295,126,169
Travis,410,State Representative,51,DEM,Eddie Rodriguez,587,282,305
Travis,420,State Representative,51,DEM,Eddie Rodriguez,550,234,316
Travis,421,State Representative,51,DEM,Eddie Rodriguez,596,235,361
Travis,422,State Representative,51,DEM,Eddie Rodriguez,589,263,326
Travis,423,State Representative,51,DEM,Eddie Rodriguez,595,243,352
Travis,424,State Representative,51,DEM,Eddie Rodriguez,584,232,352
Travis,426,State Representative,51,DEM,Eddie Rodriguez,635,282,353
Travis,427,State Representative,51,DEM,Eddie Rodriguez,460,221,239
Travis,428,State Representative,51,DEM,Eddie Rodriguez,217,100,117
Travis,429,State Representative,51,DEM,Eddie Rodriguez,1222,539,683
Travis,431,State Representative,51,DEM,Eddie Rodriguez,1104,452,652
Travis,432,State Representative,51,DEM,Eddie Rodriguez,1,1,0
Travis,433,State Representative,51,DEM,Eddie Rodriguez,632,303,329
Travis,434,State Representative,51,DEM,Eddie Rodriguez,2,1,1
Travis,437,State Representative,51,DEM,Eddie Rodriguez,555,209,346
Travis,438,State Representative,51,DEM,Eddie Rodriguez,350,160,190
Travis,439,State Representative,51,DEM,Eddie Rodriguez,644,273,371
Travis,440,State Representative,51,DEM,Eddie Rodriguez,210,103,107
Travis,441,State Representative,51,DEM,Eddie Rodriguez,839,402,437
Travis,442,State Representative,51,DEM,Eddie Rodriguez,310,124,186
Travis,443,State Representative,51,DEM,Eddie Rodriguez,476,207,269
Travis,448,State Representative,51,DEM,Eddie Rodriguez,404,171,233
Travis,450,State Representative,51,DEM,Eddie Rodriguez,656,277,379
Travis,452,State Representative,51,DEM,Eddie Rodriguez,312,132,180
Travis,101,"District Attorney, 53rd Judicial District",,DEM,Gary Cobb,386,139,247
Travis,102,"District Attorney, 53rd Judicial District",,DEM,Gary Cobb,71,22,49
Travis,103,"District Attorney, 53rd Judicial District",,DEM,Gary Cobb,100,37,63
Travis,104,"District Attorney, 53rd Judicial District",,DEM,Gary Cobb,94,46,48
Travis,105,"District Attorney, 53rd Judicial District",,DEM,Gary Cobb,428,176,252
Travis,106,"District Attorney, 53rd Judicial District",,DEM,Gary Cobb,134,46,88
Travis,107,"District Attorney, 53rd Judicial District",,DEM,Gary Cobb,9,3,6
Travis,108,"District Attorney, 53rd Judicial District",,DEM,Gary Cobb,130,43,87
Travis,109,"District Attorney, 53rd Judicial District",,DEM,Gary Cobb,138,40,98
Travis,110,"District Attorney, 53rd Judicial District",,DEM,Gary Cobb,260,96,164
Travis,111,"District Attorney, 53rd Judicial District",,DEM,Gary Cobb,205,84,121
Travis,112,"District Attorney, 53rd Judicial District",,DEM,Gary Cobb,87,37,50
Travis,113,"District Attorney, 53rd Judicial District",,DEM,Gary Cobb,312,119,193
Travis,114,"District Attorney, 53rd Judicial District",,DEM,Gary Cobb,33,17,16
Travis,115,"District Attorney, 53rd Judicial District",,DEM,Gary Cobb,0,0,0
Travis,116,"District Attorney, 53rd Judicial District",,DEM,Gary Cobb,0,0,0
Travis,117,"District Attorney, 53rd Judicial District",,DEM,Gary Cobb,285,131,154
Travis,118,"District Attorney, 53rd Judicial District",,DEM,Gary Cobb,45,17,28
Travis,119,"District Attorney, 53rd Judicial District",,DEM,Gary Cobb,0,0,0
Travis,120,"District Attorney, 53rd Judicial District",,DEM,Gary Cobb,16,8,8
Travis,121,"District Attorney, 53rd Judicial District",,DEM,Gary Cobb,82,42,40
Travis,122,"District Attorney, 53rd Judicial District",,DEM,Gary Cobb,459,238,221
Travis,123,"District Attorney, 53rd Judicial District",,DEM,Gary Cobb,201,64,137
Travis,124,"District Attorney, 53rd Judicial District",,DEM,Gary Cobb,476,232,244
Travis,125,"District Attorney, 53rd Judicial District",,DEM,Gary Cobb,0,0,0
Travis,126,"District Attorney, 53rd Judicial District",,DEM,Gary Cobb,525,260,265
Travis,127,"District Attorney, 53rd Judicial District",,DEM,Gary Cobb,0,0,0
Travis,128,"District Attorney, 53rd Judicial District",,DEM,Gary Cobb,0,0,0
Travis,129,"District Attorney, 53rd Judicial District",,DEM,Gary Cobb,295,139,156
Travis,130,"District Attorney, 53rd Judicial District",,DEM,Gary Cobb,194,71,123
Travis,131,"District Attorney, 53rd Judicial District",,DEM,Gary Cobb,0,0,0
Travis,132,"District Attorney, 53rd Judicial District",,DEM,Gary Cobb,332,161,171
Travis,133,"District Attorney, 53rd Judicial District",,DEM,Gary Cobb,242,94,148
Travis,134,"District Attorney, 53rd Judicial District",,DEM,Gary Cobb,0,0,0
Travis,135,"District Attorney, 53rd Judicial District",,DEM,Gary Cobb,544,240,304
Travis,136,"District Attorney, 53rd Judicial District",,DEM,Gary Cobb,149,67,82
Travis,137,"District Attorney, 53rd Judicial District",,DEM,Gary Cobb,353,133,220
Travis,138,"District Attorney, 53rd Judicial District",,DEM,Gary Cobb,0,0,0
Travis,139,"District Attorney, 53rd Judicial District",,DEM,Gary Cobb,181,75,106
Travis,140,"District Attorney, 53rd Judicial District",,DEM,Gary Cobb,139,56,83
Travis,141,"District Attorney, 53rd Judicial District",,DEM,Gary Cobb,36,13,23
Travis,142,"District Attorney, 53rd Judicial District",,DEM,Gary Cobb,58,21,37
Travis,145,"District Attorney, 53rd Judicial District",,DEM,Gary Cobb,183,67,116
Travis,146,"District Attorney, 53rd Judicial District",,DEM,Gary Cobb,165,81,84
Travis,148,"District Attorney, 53rd Judicial District",,DEM,Gary Cobb,206,76,130
Travis,149,"District Attorney, 53rd Judicial District",,DEM,Gary Cobb,112,46,66
Travis,150,"District Attorney, 53rd Judicial District",,DEM,Gary Cobb,106,39,67
Travis,151,"District Attorney, 53rd Judicial District",,DEM,Gary Cobb,259,113,146
Travis,152,"District Attorney, 53rd Judicial District",,DEM,Gary Cobb,339,137,202
Travis,153,"District Attorney, 53rd Judicial District",,DEM,Gary Cobb,346,131,215
Travis,154,"District Attorney, 53rd Judicial District",,DEM,Gary Cobb,233,72,161
Travis,156,"District Attorney, 53rd Judicial District",,DEM,Gary Cobb,396,166,230
Travis,160,"District Attorney, 53rd Judicial District",,DEM,Gary Cobb,105,35,70
Travis,161,"District Attorney, 53rd Judicial District",,DEM,Gary Cobb,84,37,47
Travis,163,"District Attorney, 53rd Judicial District",,DEM,Gary Cobb,7,2,5
Travis,164,"District Attorney, 53rd Judicial District",,DEM,Gary Cobb,88,36,52
Travis,200,"District Attorney, 53rd Judicial District",,DEM,Gary Cobb,350,133,217
Travis,202,"District Attorney, 53rd Judicial District",,DEM,Gary Cobb,237,101,136
Travis,203,"District Attorney, 53rd Judicial District",,DEM,Gary Cobb,35,8,27
Travis,205,"District Attorney, 53rd Judicial District",,DEM,Gary Cobb,115,51,64
Travis,206,"District Attorney, 53rd Judicial District",,DEM,Gary Cobb,98,40,58
Travis,207,"District Attorney, 53rd Judicial District",,DEM,Gary Cobb,211,83,128
Travis,208,"District Attorney, 53rd Judicial District",,DEM,Gary Cobb,602,162,440
Travis,209,"District Attorney, 53rd Judicial District",,DEM,Gary Cobb,58,26,32
Travis,210,"District Attorney, 53rd Judicial District",,DEM,Gary Cobb,127,60,67
Travis,211,"District Attorney, 53rd Judicial District",,DEM,Gary Cobb,118,40,78
Travis,212,"District Attorney, 53rd Judicial District",,DEM,Gary Cobb,142,71,71
Travis,213,"District Attorney, 53rd Judicial District",,DEM,Gary Cobb,0,0,0
Travis,214,"District Attorney, 53rd Judicial District",,DEM,Gary Cobb,200,69,131
Travis,215,"District Attorney, 53rd Judicial District",,DEM,Gary Cobb,89,33,56
Travis,216,"District Attorney, 53rd Judicial District",,DEM,Gary Cobb,83,22,61
Travis,217,"District Attorney, 53rd Judicial District",,DEM,Gary Cobb,111,35,76
Travis,218,"District Attorney, 53rd Judicial District",,DEM,Gary Cobb,237,98,139
Travis,219,"District Attorney, 53rd Judicial District",,DEM,Gary Cobb,153,56,97
Travis,220,"District Attorney, 53rd Judicial District",,DEM,Gary Cobb,136,59,77
Travis,221,"District Attorney, 53rd Judicial District",,DEM,Gary Cobb,27,10,17
Travis,222,"District Attorney, 53rd Judicial District",,DEM,Gary Cobb,178,57,121
Travis,223,"District Attorney, 53rd Judicial District",,DEM,Gary Cobb,39,9,30
Travis,224,"District Attorney, 53rd Judicial District",,DEM,Gary Cobb,8,4,4
Travis,225,"District Attorney, 53rd Judicial District",,DEM,Gary Cobb,149,47,102
Travis,226,"District Attorney, 53rd Judicial District",,DEM,Gary Cobb,111,39,72
Travis,227,"District Attorney, 53rd Judicial District",,DEM,Gary Cobb,39,19,20
Travis,228,"District Attorney, 53rd Judicial District",,DEM,Gary Cobb,83,42,41
Travis,229,"District Attorney, 53rd Judicial District",,DEM,Gary Cobb,122,48,74
Travis,231,"District Attorney, 53rd Judicial District",,DEM,Gary Cobb,212,88,124
Travis,232,"District Attorney, 53rd Judicial District",,DEM,Gary Cobb,154,70,84
Travis,233,"District Attorney, 53rd Judicial District",,DEM,Gary Cobb,119,51,68
Travis,234,"District Attorney, 53rd Judicial District",,DEM,Gary Cobb,79,39,40
Travis,235,"District Attorney, 53rd Judicial District",,DEM,Gary Cobb,199,74,125
Travis,236,"District Attorney, 53rd Judicial District",,DEM,Gary Cobb,303,91,212
Travis,237,"District Attorney, 53rd Judicial District",,DEM,Gary Cobb,182,79,103
Travis,238,"District Attorney, 53rd Judicial District",,DEM,Gary Cobb,202,78,124
Travis,239,"District Attorney, 53rd Judicial District",,DEM,Gary Cobb,240,98,142
Travis,240,"District Attorney, 53rd Judicial District",,DEM,Gary Cobb,90,21,69
Travis,241,"District Attorney, 53rd Judicial District",,DEM,Gary Cobb,170,52,118
Travis,242,"District Attorney, 53rd Judicial District",,DEM,Gary Cobb,447,174,273
Travis,243,"District Attorney, 53rd Judicial District",,DEM,Gary Cobb,150,68,82
Travis,244,"District Attorney, 53rd Judicial District",,DEM,Gary Cobb,108,55,53
Travis,245,"District Attorney, 53rd Judicial District",,DEM,Gary Cobb,53,17,36
Travis,246,"District Attorney, 53rd Judicial District",,DEM,Gary Cobb,118,49,69
Travis,247,"District Attorney, 53rd Judicial District",,DEM,Gary Cobb,41,19,22
Travis,248,"District Attorney, 53rd Judicial District",,DEM,Gary Cobb,171,67,104
Travis,249,"District Attorney, 53rd Judicial District",,DEM,Gary Cobb,215,76,139
Travis,250,"District Attorney, 53rd Judicial District",,DEM,Gary Cobb,376,145,231
Travis,251,"District Attorney, 53rd Judicial District",,DEM,Gary Cobb,257,123,134
Travis,252,"District Attorney, 53rd Judicial District",,DEM,Gary Cobb,162,77,85
Travis,253,"District Attorney, 53rd Judicial District",,DEM,Gary Cobb,187,90,97
Travis,254,"District Attorney, 53rd Judicial District",,DEM,Gary Cobb,157,79,78
Travis,256,"District Attorney, 53rd Judicial District",,DEM,Gary Cobb,118,65,53
Travis,258,"District Attorney, 53rd Judicial District",,DEM,Gary Cobb,169,80,89
Travis,259,"District Attorney, 53rd Judicial District",,DEM,Gary Cobb,167,79,88
Travis,260,"District Attorney, 53rd Judicial District",,DEM,Gary Cobb,54,15,39
Travis,262,"District Attorney, 53rd Judicial District",,DEM,Gary Cobb,285,142,143
Travis,263,"District Attorney, 53rd Judicial District",,DEM,Gary Cobb,162,55,107
Travis,266,"District Attorney, 53rd Judicial District",,DEM,Gary Cobb,43,22,21
Travis,267,"District Attorney, 53rd Judicial District",,DEM,Gary Cobb,87,47,40
Travis,268,"District Attorney, 53rd Judicial District",,DEM,Gary Cobb,72,26,46
Travis,273,"District Attorney, 53rd Judicial District",,DEM,Gary Cobb,262,112,150
Travis,274,"District Attorney, 53rd Judicial District",,DEM,Gary Cobb,234,85,149
Travis,275,"District Attorney, 53rd Judicial District",,DEM,Gary Cobb,274,94,180
Travis,277,"District Attorney, 53rd Judicial District",,DEM,Gary Cobb,380,121,259
Travis,301,"District Attorney, 53rd Judicial District",,DEM,Gary Cobb,80,36,44
Travis,302,"District Attorney, 53rd Judicial District",,DEM,Gary Cobb,184,102,82
Travis,303,"District Attorney, 53rd Judicial District",,DEM,Gary Cobb,155,73,82
Travis,304,"District Attorney, 53rd Judicial District",,DEM,Gary Cobb,241,100,141
Travis,305,"District Attorney, 53rd Judicial District",,DEM,Gary Cobb,3,2,1
Travis,306,"District Attorney, 53rd Judicial District",,DEM,Gary Cobb,88,50,38
Travis,307,"District Attorney, 53rd Judicial District",,DEM,Gary Cobb,90,38,52
Travis,308,"District Attorney, 53rd Judicial District",,DEM,Gary Cobb,175,63,112
Travis,309,"District Attorney, 53rd Judicial District",,DEM,Gary Cobb,159,81,78
Travis,310,"District Attorney, 53rd Judicial District",,DEM,Gary Cobb,274,122,152
Travis,311,"District Attorney, 53rd Judicial District",,DEM,Gary Cobb,344,149,195
Travis,312,"District Attorney, 53rd Judicial District",,DEM,Gary Cobb,64,34,30
Travis,313,"District Attorney, 53rd Judicial District",,DEM,Gary Cobb,29,7,22
Travis,314,"District Attorney, 53rd Judicial District",,DEM,Gary Cobb,170,89,81
Travis,315,"District Attorney, 53rd Judicial District",,DEM,Gary Cobb,293,137,156
Travis,316,"District Attorney, 53rd Judicial District",,DEM,Gary Cobb,70,32,38
Travis,317,"District Attorney, 53rd Judicial District",,DEM,Gary Cobb,125,68,57
Travis,318,"District Attorney, 53rd Judicial District",,DEM,Gary Cobb,23,10,13
Travis,319,"District Attorney, 53rd Judicial District",,DEM,Gary Cobb,74,34,40
Travis,320,"District Attorney, 53rd Judicial District",,DEM,Gary Cobb,57,34,23
Travis,321,"District Attorney, 53rd Judicial District",,DEM,Gary Cobb,50,27,23
Travis,323,"District Attorney, 53rd Judicial District",,DEM,Gary Cobb,121,61,60
Travis,324,"District Attorney, 53rd Judicial District",,DEM,Gary Cobb,127,71,56
Travis,325,"District Attorney, 53rd Judicial District",,DEM,Gary Cobb,7,2,5
Travis,326,"District Attorney, 53rd Judicial District",,DEM,Gary Cobb,103,47,56
Travis,327,"District Attorney, 53rd Judicial District",,DEM,Gary Cobb,171,69,102
Travis,328,"District Attorney, 53rd Judicial District",,DEM,Gary Cobb,217,96,121
Travis,329,"District Attorney, 53rd Judicial District",,DEM,Gary Cobb,124,56,68
Travis,330,"District Attorney, 53rd Judicial District",,DEM,Gary Cobb,106,47,59
Travis,331,"District Attorney, 53rd Judicial District",,DEM,Gary Cobb,159,51,108
Travis,332,"District Attorney, 53rd Judicial District",,DEM,Gary Cobb,311,104,207
Travis,333,"District Attorney, 53rd Judicial District",,DEM,Gary Cobb,152,38,114
Travis,334,"District Attorney, 53rd Judicial District",,DEM,Gary Cobb,119,47,72
Travis,335,"District Attorney, 53rd Judicial District",,DEM,Gary Cobb,120,51,69
Travis,336,"District Attorney, 53rd Judicial District",,DEM,Gary Cobb,114,45,69
Travis,337,"District Attorney, 53rd Judicial District",,DEM,Gary Cobb,246,91,155
Travis,338,"District Attorney, 53rd Judicial District",,DEM,Gary Cobb,223,91,132
Travis,339,"District Attorney, 53rd Judicial District",,DEM,Gary Cobb,102,46,56
Travis,340,"District Attorney, 53rd Judicial District",,DEM,Gary Cobb,159,57,102
Travis,341,"District Attorney, 53rd Judicial District",,DEM,Gary Cobb,2,0,2
Travis,342,"District Attorney, 53rd Judicial District",,DEM,Gary Cobb,482,218,264
Travis,343,"District Attorney, 53rd Judicial District",,DEM,Gary Cobb,80,26,54
Travis,344,"District Attorney, 53rd Judicial District",,DEM,Gary Cobb,146,67,79
Travis,345,"District Attorney, 53rd Judicial District",,DEM,Gary Cobb,0,0,0
Travis,346,"District Attorney, 53rd Judicial District",,DEM,Gary Cobb,77,51,26
Travis,347,"District Attorney, 53rd Judicial District",,DEM,Gary Cobb,123,64,59
Travis,349,"District Attorney, 53rd Judicial District",,DEM,Gary Cobb,278,115,163
Travis,350,"District Attorney, 53rd Judicial District",,DEM,Gary Cobb,305,141,164
Travis,351,"District Attorney, 53rd Judicial District",,DEM,Gary Cobb,63,29,34
Travis,352,"District Attorney, 53rd Judicial District",,DEM,Gary Cobb,248,129,119
Travis,354,"District Attorney, 53rd Judicial District",,DEM,Gary Cobb,273,168,105
Travis,356,"District Attorney, 53rd Judicial District",,DEM,Gary Cobb,75,33,42
Travis,357,"District Attorney, 53rd Judicial District",,DEM,Gary Cobb,39,14,25
Travis,358,"District Attorney, 53rd Judicial District",,DEM,Gary Cobb,386,178,208
Travis,359,"District Attorney, 53rd Judicial District",,DEM,Gary Cobb,149,64,85
Travis,360,"District Attorney, 53rd Judicial District",,DEM,Gary Cobb,275,115,160
Travis,361,"District Attorney, 53rd Judicial District",,DEM,Gary Cobb,65,25,40
Travis,362,"District Attorney, 53rd Judicial District",,DEM,Gary Cobb,226,109,117
Travis,363,"District Attorney, 53rd Judicial District",,DEM,Gary Cobb,130,57,73
Travis,364,"District Attorney, 53rd Judicial District",,DEM,Gary Cobb,191,112,79
Travis,365,"District Attorney, 53rd Judicial District",,DEM,Gary Cobb,86,32,54
Travis,366,"District Attorney, 53rd Judicial District",,DEM,Gary Cobb,326,168,158
Travis,367,"District Attorney, 53rd Judicial District",,DEM,Gary Cobb,273,124,149
Travis,368,"District Attorney, 53rd Judicial District",,DEM,Gary Cobb,8,2,6
Travis,369,"District Attorney, 53rd Judicial District",,DEM,Gary Cobb,55,19,36
Travis,370,"District Attorney, 53rd Judicial District",,DEM,Gary Cobb,35,1,34
Travis,371,"District Attorney, 53rd Judicial District",,DEM,Gary Cobb,58,22,36
Travis,372,"District Attorney, 53rd Judicial District",,DEM,Gary Cobb,40,6,34
Travis,373,"District Attorney, 53rd Judicial District",,DEM,Gary Cobb,98,38,60
Travis,374,"District Attorney, 53rd Judicial District",,DEM,Gary Cobb,125,47,78
Travis,375,"District Attorney, 53rd Judicial District",,DEM,Gary Cobb,27,12,15
Travis,401,"District Attorney, 53rd Judicial District",,DEM,Gary Cobb,146,64,82
Travis,402,"District Attorney, 53rd Judicial District",,DEM,Gary Cobb,189,82,107
Travis,403,"District Attorney, 53rd Judicial District",,DEM,Gary Cobb,73,26,47
Travis,404,"District Attorney, 53rd Judicial District",,DEM,Gary Cobb,174,67,107
Travis,405,"District Attorney, 53rd Judicial District",,DEM,Gary Cobb,30,10,20
Travis,406,"District Attorney, 53rd Judicial District",,DEM,Gary Cobb,188,119,69
Travis,407,"District Attorney, 53rd Judicial District",,DEM,Gary Cobb,127,51,76
Travis,408,"District Attorney, 53rd Judicial District",,DEM,Gary Cobb,185,66,119
Travis,409,"District Attorney, 53rd Judicial District",,DEM,Gary Cobb,204,86,118
Travis,410,"District Attorney, 53rd Judicial District",,DEM,Gary Cobb,155,73,82
Travis,411,"District Attorney, 53rd Judicial District",,DEM,Gary Cobb,117,44,73
Travis,412,"District Attorney, 53rd Judicial District",,DEM,Gary Cobb,7,3,4
Travis,413,"District Attorney, 53rd Judicial District",,DEM,Gary Cobb,56,23,33
Travis,414,"District Attorney, 53rd Judicial District",,DEM,Gary Cobb,193,73,120
Travis,415,"District Attorney, 53rd Judicial District",,DEM,Gary Cobb,94,30,64
Travis,416,"District Attorney, 53rd Judicial District",,DEM,Gary Cobb,4,0,4
Travis,417,"District Attorney, 53rd Judicial District",,DEM,Gary Cobb,111,55,56
Travis,418,"District Attorney, 53rd Judicial District",,DEM,Gary Cobb,0,0,0
Travis,419,"District Attorney, 53rd Judicial District",,DEM,Gary Cobb,29,20,9
Travis,420,"District Attorney, 53rd Judicial District",,DEM,Gary Cobb,167,73,94
Travis,421,"District Attorney, 53rd Judicial District",,DEM,Gary Cobb,208,68,140
Travis,422,"District Attorney, 53rd Judicial District",,DEM,Gary Cobb,172,79,93
Travis,423,"District Attorney, 53rd Judicial District",,DEM,Gary Cobb,266,103,163
Travis,424,"District Attorney, 53rd Judicial District",,DEM,Gary Cobb,212,76,136
Travis,425,"District Attorney, 53rd Judicial District",,DEM,Gary Cobb,61,25,36
Travis,426,"District Attorney, 53rd Judicial District",,DEM,Gary Cobb,283,136,147
Travis,427,"District Attorney, 53rd Judicial District",,DEM,Gary Cobb,195,102,93
Travis,428,"District Attorney, 53rd Judicial District",,DEM,Gary Cobb,72,39,33
Travis,429,"District Attorney, 53rd Judicial District",,DEM,Gary Cobb,384,143,241
Travis,430,"District Attorney, 53rd Judicial District",,DEM,Gary Cobb,100,46,54
Travis,431,"District Attorney, 53rd Judicial District",,DEM,Gary Cobb,308,134,174
Travis,432,"District Attorney, 53rd Judicial District",,DEM,Gary Cobb,0,0,0
Travis,433,"District Attorney, 53rd Judicial District",,DEM,Gary Cobb,182,75,107
Travis,434,"District Attorney, 53rd Judicial District",,DEM,Gary Cobb,2,1,1
Travis,435,"District Attorney, 53rd Judicial District",,DEM,Gary Cobb,337,151,186
Travis,436,"District Attorney, 53rd Judicial District",,DEM,Gary Cobb,37,18,19
Travis,437,"District Attorney, 53rd Judicial District",,DEM,Gary Cobb,167,75,92
Travis,438,"District Attorney, 53rd Judicial District",,DEM,Gary Cobb,132,54,78
Travis,439,"District Attorney, 53rd Judicial District",,DEM,Gary Cobb,266,123,143
Travis,440,"District Attorney, 53rd Judicial District",,DEM,Gary Cobb,74,29,45
Travis,441,"District Attorney, 53rd Judicial District",,DEM,Gary Cobb,251,118,133
Travis,442,"District Attorney, 53rd Judicial District",,DEM,Gary Cobb,89,44,45
Travis,443,"District Attorney, 53rd Judicial District",,DEM,Gary Cobb,191,85,106
Travis,444,"District Attorney, 53rd Judicial District",,DEM,Gary Cobb,12,5,7
Travis,446,"District Attorney, 53rd Judicial District",,DEM,Gary Cobb,85,35,50
Travis,447,"District Attorney, 53rd Judicial District",,DEM,Gary Cobb,291,101,190
Travis,448,"District Attorney, 53rd Judicial District",,DEM,Gary Cobb,148,62,86
Travis,450,"District Attorney, 53rd Judicial District",,DEM,Gary Cobb,289,120,169
Travis,451,"District Attorney, 53rd Judicial District",,DEM,Gary Cobb,215,75,140
Travis,452,"District Attorney, 53rd Judicial District",,DEM,Gary Cobb,135,60,75
Travis,454,"District Attorney, 53rd Judicial District",,DEM,Gary Cobb,177,92,85
Travis,458,"District Attorney, 53rd Judicial District",,DEM,Gary Cobb,259,128,131
Travis,460,"District Attorney, 53rd Judicial District",,DEM,Gary Cobb,270,125,145
Travis,461,"District Attorney, 53rd Judicial District",,DEM,Gary Cobb,275,125,150
Travis,463,"District Attorney, 53rd Judicial District",,DEM,Gary Cobb,232,99,133
Travis,115,"Precinct No. 4, Constable",,DEM,George Morales III,0,0,0
Travis,138,"Precinct No. 4, Constable",,DEM,George Morales III,0,0,0
Travis,341,"Precinct No. 4, Constable",,DEM,George Morales III,3,0,3
Travis,401,"Precinct No. 4, Constable",,DEM,George Morales III,175,79,96
Travis,402,"Precinct No. 4, Constable",,DEM,George Morales III,235,108,127
Travis,403,"Precinct No. 4, Constable",,DEM,George Morales III,94,33,61
Travis,404,"Precinct No. 4, Constable",,DEM,George Morales III,246,85,161
Travis,405,"Precinct No. 4, Constable",,DEM,George Morales III,59,27,32
Travis,406,"Precinct No. 4, Constable",,DEM,George Morales III,226,143,83
Travis,407,"Precinct No. 4, Constable",,DEM,George Morales III,140,63,77
Travis,409,"Precinct No. 4, Constable",,DEM,George Morales III,321,146,175
Travis,413,"Precinct No. 4, Constable",,DEM,George Morales III,91,39,52
Travis,417,"Precinct No. 4, Constable",,DEM,George Morales III,158,89,69
Travis,418,"Precinct No. 4, Constable",,DEM,George Morales III,0,0,0
Travis,420,"Precinct No. 4, Constable",,DEM,George Morales III,320,135,185
Travis,421,"Precinct No. 4, Constable",,DEM,George Morales III,334,127,207
Travis,422,"Precinct No. 4, Constable",,DEM,George Morales III,331,150,181
Travis,423,"Precinct No. 4, Constable",,DEM,George Morales III,351,144,207
Travis,424,"Precinct No. 4, Constable",,DEM,George Morales III,344,144,200
Travis,426,"Precinct No. 4, Constable",,DEM,George Morales III,379,179,200
Travis,427,"Precinct No. 4, Constable",,DEM,George Morales III,303,145,158
Travis,428,"Precinct No. 4, Constable",,DEM,George Morales III,137,67,70
Travis,429,"Precinct No. 4, Constable",,DEM,George Morales III,592,257,335
Travis,431,"Precinct No. 4, Constable",,DEM,George Morales III,620,249,371
Travis,432,"Precinct No. 4, Constable",,DEM,George Morales III,1,1,0
Travis,433,"Precinct No. 4, Constable",,DEM,George Morales III,351,173,178
Travis,434,"Precinct No. 4, Constable",,DEM,George Morales III,2,1,1
Travis,436,"Precinct No. 4, Constable",,DEM,George Morales III,41,15,26
Travis,437,"Precinct No. 4, Constable",,DEM,George Morales III,330,121,209
Travis,438,"Precinct No. 4, Constable",,DEM,George Morales III,177,80,97
Travis,439,"Precinct No. 4, Constable",,DEM,George Morales III,377,176,201
Travis,440,"Precinct No. 4, Constable",,DEM,George Morales III,118,61,57
Travis,442,"Precinct No. 4, Constable",,DEM,George Morales III,170,66,104
Travis,443,"Precinct No. 4, Constable",,DEM,George Morales III,298,134,164
Travis,444,"Precinct No. 4, Constable",,DEM,George Morales III,20,9,11
Travis,448,"Precinct No. 4, Constable",,DEM,George Morales III,246,99,147
Travis,450,"Precinct No. 4, Constable",,DEM,George Morales III,393,166,227
Travis,452,"Precinct No. 4, Constable",,DEM,George Morales III,203,87,116
Travis,149,State Representative,49,DEM,Gina Hinojosa,307,117,190
Travis,200,State Representative,49,DEM,Gina Hinojosa,896,382,514
Travis,202,State Representative,49,DEM,Gina Hinojosa,657,273,384
Travis,206,State Representative,49,DEM,Gina Hinojosa,175,78,97
Travis,208,State Representative,49,DEM,Gina Hinojosa,639,372,267
Travis,209,State Representative,49,DEM,Gina Hinojosa,104,52,52
Travis,214,State Representative,49,DEM,Gina Hinojosa,416,174,242
Travis,218,State Representative,49,DEM,Gina Hinojosa,461,182,279
Travis,222,State Representative,49,DEM,Gina Hinojosa,352,116,236
Travis,228,State Representative,49,DEM,Gina Hinojosa,183,95,88
Travis,235,State Representative,49,DEM,Gina Hinojosa,511,197,314
Travis,236,State Representative,49,DEM,Gina Hinojosa,601,190,411
Travis,239,State Representative,49,DEM,Gina Hinojosa,478,178,300
Travis,240,State Representative,49,DEM,Gina Hinojosa,179,49,130
Travis,241,State Representative,49,DEM,Gina Hinojosa,293,108,185
Travis,242,State Representative,49,DEM,Gina Hinojosa,982,435,547
Travis,243,State Representative,49,DEM,Gina Hinojosa,290,137,153
Travis,248,State Representative,49,DEM,Gina Hinojosa,412,171,241
Travis,250,State Representative,49,DEM,Gina Hinojosa,838,345,493
Travis,252,State Representative,49,DEM,Gina Hinojosa,384,178,206
Travis,258,State Representative,49,DEM,Gina Hinojosa,319,145,174
Travis,260,State Representative,49,DEM,Gina Hinojosa,122,35,87
Travis,267,State Representative,49,DEM,Gina Hinojosa,179,92,87
Travis,268,State Representative,49,DEM,Gina Hinojosa,114,41,73
Travis,273,State Representative,49,DEM,Gina Hinojosa,557,225,332
Travis,274,State Representative,49,DEM,Gina Hinojosa,468,200,268
Travis,275,State Representative,49,DEM,Gina Hinojosa,695,268,427
Travis,277,State Representative,49,DEM,Gina Hinojosa,409,212,197
Travis,305,State Representative,49,DEM,Gina Hinojosa,1,0,1
Travis,311,State Representative,49,DEM,Gina Hinojosa,519,307,212
Travis,313,State Representative,49,DEM,Gina Hinojosa,61,25,36
Travis,323,State Representative,49,DEM,Gina Hinojosa,246,114,132
Travis,325,State Representative,49,DEM,Gina Hinojosa,11,6,5
Travis,329,State Representative,49,DEM,Gina Hinojosa,282,142,140
Travis,332,State Representative,49,DEM,Gina Hinojosa,493,178,315
Travis,340,State Representative,49,DEM,Gina Hinojosa,361,143,218
Travis,342,State Representative,49,DEM,Gina Hinojosa,927,376,551
Travis,345,State Representative,49,DEM,Gina Hinojosa,0,0,0
Travis,409,State Representative,49,DEM,Gina Hinojosa,398,172,226
Travis,425,State Representative,49,DEM,Gina Hinojosa,149,61,88
Travis,430,State Representative,49,DEM,Gina Hinojosa,232,79,153
Travis,446,State Representative,49,DEM,Gina Hinojosa,197,78,119
Travis,454,State Representative,49,DEM,Gina Hinojosa,369,199,170
Travis,460,State Representative,49,DEM,Gina Hinojosa,595,287,308
Travis,461,State Representative,49,DEM,Gina Hinojosa,623,258,365
Travis,101,"District Judge, 200th Judicial District",,DEM,Gisela D. Triana,790,282,508
Travis,102,"District Judge, 200th Judicial District",,DEM,Gisela D. Triana,169,58,111
Travis,103,"District Judge, 200th Judicial District",,DEM,Gisela D. Triana,260,105,155
Travis,104,"District Judge, 200th Judicial District",,DEM,Gisela D. Triana,203,90,113
Travis,105,"District Judge, 200th Judicial District",,DEM,Gisela D. Triana,882,394,488
Travis,106,"District Judge, 200th Judicial District",,DEM,Gisela D. Triana,323,134,189
Travis,107,"District Judge, 200th Judicial District",,DEM,Gisela D. Triana,34,12,22
Travis,108,"District Judge, 200th Judicial District",,DEM,Gisela D. Triana,291,90,201
Travis,109,"District Judge, 200th Judicial District",,DEM,Gisela D. Triana,347,120,227
Travis,110,"District Judge, 200th Judicial District",,DEM,Gisela D. Triana,655,245,410
Travis,111,"District Judge, 200th Judicial District",,DEM,Gisela D. Triana,627,237,390
Travis,112,"District Judge, 200th Judicial District",,DEM,Gisela D. Triana,194,67,127
Travis,113,"District Judge, 200th Judicial District",,DEM,Gisela D. Triana,818,288,530
Travis,114,"District Judge, 200th Judicial District",,DEM,Gisela D. Triana,48,21,27
Travis,115,"District Judge, 200th Judicial District",,DEM,Gisela D. Triana,1,0,1
Travis,116,"District Judge, 200th Judicial District",,DEM,Gisela D. Triana,1,0,1
Travis,117,"District Judge, 200th Judicial District",,DEM,Gisela D. Triana,456,202,254
Travis,118,"District Judge, 200th Judicial District",,DEM,Gisela D. Triana,84,40,44
Travis,119,"District Judge, 200th Judicial District",,DEM,Gisela D. Triana,0,0,0
Travis,120,"District Judge, 200th Judicial District",,DEM,Gisela D. Triana,26,16,10
Travis,121,"District Judge, 200th Judicial District",,DEM,Gisela D. Triana,153,80,73
Travis,122,"District Judge, 200th Judicial District",,DEM,Gisela D. Triana,645,335,310
Travis,123,"District Judge, 200th Judicial District",,DEM,Gisela D. Triana,479,170,309
Travis,124,"District Judge, 200th Judicial District",,DEM,Gisela D. Triana,1075,519,556
Travis,125,"District Judge, 200th Judicial District",,DEM,Gisela D. Triana,0,0,0
Travis,126,"District Judge, 200th Judicial District",,DEM,Gisela D. Triana,1198,542,656
Travis,127,"District Judge, 200th Judicial District",,DEM,Gisela D. Triana,0,0,0
Travis,128,"District Judge, 200th Judicial District",,DEM,Gisela D. Triana,0,0,0
Travis,129,"District Judge, 200th Judicial District",,DEM,Gisela D. Triana,574,291,283
Travis,130,"District Judge, 200th Judicial District",,DEM,Gisela D. Triana,510,199,311
Travis,131,"District Judge, 200th Judicial District",,DEM,Gisela D. Triana,0,0,0
Travis,132,"District Judge, 200th Judicial District",,DEM,Gisela D. Triana,627,282,345
Travis,133,"District Judge, 200th Judicial District",,DEM,Gisela D. Triana,630,238,392
Travis,134,"District Judge, 200th Judicial District",,DEM,Gisela D. Triana,0,0,0
Travis,135,"District Judge, 200th Judicial District",,DEM,Gisela D. Triana,1679,724,955
Travis,136,"District Judge, 200th Judicial District",,DEM,Gisela D. Triana,388,167,221
Travis,137,"District Judge, 200th Judicial District",,DEM,Gisela D. Triana,883,326,557
Travis,138,"District Judge, 200th Judicial District",,DEM,Gisela D. Triana,0,0,0
Travis,139,"District Judge, 200th Judicial District",,DEM,Gisela D. Triana,582,254,328
Travis,140,"District Judge, 200th Judicial District",,DEM,Gisela D. Triana,303,128,175
Travis,141,"District Judge, 200th Judicial District",,DEM,Gisela D. Triana,67,21,46
Travis,142,"District Judge, 200th Judicial District",,DEM,Gisela D. Triana,210,97,113
Travis,145,"District Judge, 200th Judicial District",,DEM,Gisela D. Triana,389,144,245
Travis,146,"District Judge, 200th Judicial District",,DEM,Gisela D. Triana,378,186,192
Travis,148,"District Judge, 200th Judicial District",,DEM,Gisela D. Triana,493,200,293
Travis,149,"District Judge, 200th Judicial District",,DEM,Gisela D. Triana,414,160,254
Travis,150,"District Judge, 200th Judicial District",,DEM,Gisela D. Triana,238,94,144
Travis,151,"District Judge, 200th Judicial District",,DEM,Gisela D. Triana,575,242,333
Travis,152,"District Judge, 200th Judicial District",,DEM,Gisela D. Triana,1130,504,626
Travis,153,"District Judge, 200th Judicial District",,DEM,Gisela D. Triana,778,289,489
Travis,154,"District Judge, 200th Judicial District",,DEM,Gisela D. Triana,465,141,324
Travis,156,"District Judge, 200th Judicial District",,DEM,Gisela D. Triana,1048,475,573
Travis,160,"District Judge, 200th Judicial District",,DEM,Gisela D. Triana,260,97,163
Travis,161,"District Judge, 200th Judicial District",,DEM,Gisela D. Triana,187,74,113
Travis,163,"District Judge, 200th Judicial District",,DEM,Gisela D. Triana,23,10,13
Travis,164,"District Judge, 200th Judicial District",,DEM,Gisela D. Triana,264,100,164
Travis,200,"District Judge, 200th Judicial District",,DEM,Gisela D. Triana,1199,548,651
Travis,202,"District Judge, 200th Judicial District",,DEM,Gisela D. Triana,880,397,483
Travis,203,"District Judge, 200th Judicial District",,DEM,Gisela D. Triana,96,30,66
Travis,205,"District Judge, 200th Judicial District",,DEM,Gisela D. Triana,400,155,245
Travis,206,"District Judge, 200th Judicial District",,DEM,Gisela D. Triana,268,130,138
Travis,207,"District Judge, 200th Judicial District",,DEM,Gisela D. Triana,674,271,403
Travis,208,"District Judge, 200th Judicial District",,DEM,Gisela D. Triana,1457,807,650
Travis,209,"District Judge, 200th Judicial District",,DEM,Gisela D. Triana,164,79,85
Travis,210,"District Judge, 200th Judicial District",,DEM,Gisela D. Triana,294,153,141
Travis,211,"District Judge, 200th Judicial District",,DEM,Gisela D. Triana,339,132,207
Travis,212,"District Judge, 200th Judicial District",,DEM,Gisela D. Triana,375,196,179
Travis,213,"District Judge, 200th Judicial District",,DEM,Gisela D. Triana,0,0,0
Travis,214,"District Judge, 200th Judicial District",,DEM,Gisela D. Triana,487,209,278
Travis,215,"District Judge, 200th Judicial District",,DEM,Gisela D. Triana,335,120,215
Travis,216,"District Judge, 200th Judicial District",,DEM,Gisela D. Triana,251,81,170
Travis,217,"District Judge, 200th Judicial District",,DEM,Gisela D. Triana,364,144,220
Travis,218,"District Judge, 200th Judicial District",,DEM,Gisela D. Triana,747,306,441
Travis,219,"District Judge, 200th Judicial District",,DEM,Gisela D. Triana,399,147,252
Travis,220,"District Judge, 200th Judicial District",,DEM,Gisela D. Triana,330,154,176
Travis,221,"District Judge, 200th Judicial District",,DEM,Gisela D. Triana,92,40,52
Travis,222,"District Judge, 200th Judicial District",,DEM,Gisela D. Triana,474,181,293
Travis,223,"District Judge, 200th Judicial District",,DEM,Gisela D. Triana,105,40,65
Travis,224,"District Judge, 200th Judicial District",,DEM,Gisela D. Triana,19,9,10
Travis,225,"District Judge, 200th Judicial District",,DEM,Gisela D. Triana,483,169,314
Travis,226,"District Judge, 200th Judicial District",,DEM,Gisela D. Triana,287,102,185
Travis,227,"District Judge, 200th Judicial District",,DEM,Gisela D. Triana,77,32,45
Travis,228,"District Judge, 200th Judicial District",,DEM,Gisela D. Triana,306,157,149
Travis,229,"District Judge, 200th Judicial District",,DEM,Gisela D. Triana,387,148,239
Travis,231,"District Judge, 200th Judicial District",,DEM,Gisela D. Triana,548,245,303
Travis,232,"District Judge, 200th Judicial District",,DEM,Gisela D. Triana,489,238,251
Travis,233,"District Judge, 200th Judicial District",,DEM,Gisela D. Triana,390,146,244
Travis,234,"District Judge, 200th Judicial District",,DEM,Gisela D. Triana,219,98,121
Travis,235,"District Judge, 200th Judicial District",,DEM,Gisela D. Triana,710,287,423
Travis,236,"District Judge, 200th Judicial District",,DEM,Gisela D. Triana,839,292,547
Travis,237,"District Judge, 200th Judicial District",,DEM,Gisela D. Triana,408,181,227
Travis,238,"District Judge, 200th Judicial District",,DEM,Gisela D. Triana,618,259,359
Travis,239,"District Judge, 200th Judicial District",,DEM,Gisela D. Triana,645,269,376
Travis,240,"District Judge, 200th Judicial District",,DEM,Gisela D. Triana,256,84,172
Travis,241,"District Judge, 200th Judicial District",,DEM,Gisela D. Triana,433,159,274
Travis,242,"District Judge, 200th Judicial District",,DEM,Gisela D. Triana,1307,574,733
Travis,243,"District Judge, 200th Judicial District",,DEM,Gisela D. Triana,447,221,226
Travis,244,"District Judge, 200th Judicial District",,DEM,Gisela D. Triana,372,193,179
Travis,245,"District Judge, 200th Judicial District",,DEM,Gisela D. Triana,148,52,96
Travis,246,"District Judge, 200th Judicial District",,DEM,Gisela D. Triana,367,144,223
Travis,247,"District Judge, 200th Judicial District",,DEM,Gisela D. Triana,146,57,89
Travis,248,"District Judge, 200th Judicial District",,DEM,Gisela D. Triana,534,232,302
Travis,249,"District Judge, 200th Judicial District",,DEM,Gisela D. Triana,563,249,314
Travis,250,"District Judge, 200th Judicial District",,DEM,Gisela D. Triana,999,430,569
Travis,251,"District Judge, 200th Judicial District",,DEM,Gisela D. Triana,614,283,331
Travis,252,"District Judge, 200th Judicial District",,DEM,Gisela D. Triana,573,271,302
Travis,253,"District Judge, 200th Judicial District",,DEM,Gisela D. Triana,480,236,244
Travis,254,"District Judge, 200th Judicial District",,DEM,Gisela D. Triana,503,228,275
Travis,256,"District Judge, 200th Judicial District",,DEM,Gisela D. Triana,303,155,148
Travis,258,"District Judge, 200th Judicial District",,DEM,Gisela D. Triana,449,206,243
Travis,259,"District Judge, 200th Judicial District",,DEM,Gisela D. Triana,521,203,318
Travis,260,"District Judge, 200th Judicial District",,DEM,Gisela D. Triana,155,51,104
Travis,262,"District Judge, 200th Judicial District",,DEM,Gisela D. Triana,861,416,445
Travis,263,"District Judge, 200th Judicial District",,DEM,Gisela D. Triana,569,211,358
Travis,266,"District Judge, 200th Judicial District",,DEM,Gisela D. Triana,84,48,36
Travis,267,"District Judge, 200th Judicial District",,DEM,Gisela D. Triana,267,145,122
Travis,268,"District Judge, 200th Judicial District",,DEM,Gisela D. Triana,181,69,112
Travis,273,"District Judge, 200th Judicial District",,DEM,Gisela D. Triana,705,292,413
Travis,274,"District Judge, 200th Judicial District",,DEM,Gisela D. Triana,689,305,384
Travis,275,"District Judge, 200th Judicial District",,DEM,Gisela D. Triana,903,372,531
Travis,277,"District Judge, 200th Judicial District",,DEM,Gisela D. Triana,872,470,402
Travis,301,"District Judge, 200th Judicial District",,DEM,Gisela D. Triana,231,93,138
Travis,302,"District Judge, 200th Judicial District",,DEM,Gisela D. Triana,490,261,229
Travis,303,"District Judge, 200th Judicial District",,DEM,Gisela D. Triana,406,207,199
Travis,304,"District Judge, 200th Judicial District",,DEM,Gisela D. Triana,640,279,361
Travis,305,"District Judge, 200th Judicial District",,DEM,Gisela D. Triana,3,2,1
Travis,306,"District Judge, 200th Judicial District",,DEM,Gisela D. Triana,274,153,121
Travis,307,"District Judge, 200th Judicial District",,DEM,Gisela D. Triana,240,118,122
Travis,308,"District Judge, 200th Judicial District",,DEM,Gisela D. Triana,489,212,277
Travis,309,"District Judge, 200th Judicial District",,DEM,Gisela D. Triana,423,219,204
Travis,310,"District Judge, 200th Judicial District",,DEM,Gisela D. Triana,727,337,390
Travis,311,"District Judge, 200th Judicial District",,DEM,Gisela D. Triana,882,510,372
Travis,312,"District Judge, 200th Judicial District",,DEM,Gisela D. Triana,233,112,121
Travis,313,"District Judge, 200th Judicial District",,DEM,Gisela D. Triana,91,35,56
Travis,314,"District Judge, 200th Judicial District",,DEM,Gisela D. Triana,423,212,211
Travis,315,"District Judge, 200th Judicial District",,DEM,Gisela D. Triana,656,296,360
Travis,316,"District Judge, 200th Judicial District",,DEM,Gisela D. Triana,245,104,141
Travis,317,"District Judge, 200th Judicial District",,DEM,Gisela D. Triana,362,185,177
Travis,318,"District Judge, 200th Judicial District",,DEM,Gisela D. Triana,91,34,57
Travis,319,"District Judge, 200th Judicial District",,DEM,Gisela D. Triana,184,95,89
Travis,320,"District Judge, 200th Judicial District",,DEM,Gisela D. Triana,159,100,59
Travis,321,"District Judge, 200th Judicial District",,DEM,Gisela D. Triana,121,56,65
Travis,323,"District Judge, 200th Judicial District",,DEM,Gisela D. Triana,359,159,200
Travis,324,"District Judge, 200th Judicial District",,DEM,Gisela D. Triana,401,206,195
Travis,325,"District Judge, 200th Judicial District",,DEM,Gisela D. Triana,13,7,6
Travis,326,"District Judge, 200th Judicial District",,DEM,Gisela D. Triana,300,127,173
Travis,327,"District Judge, 200th Judicial District",,DEM,Gisela D. Triana,467,208,259
Travis,328,"District Judge, 200th Judicial District",,DEM,Gisela D. Triana,696,330,366
Travis,329,"District Judge, 200th Judicial District",,DEM,Gisela D. Triana,385,199,186
Travis,330,"District Judge, 200th Judicial District",,DEM,Gisela D. Triana,344,147,197
Travis,331,"District Judge, 200th Judicial District",,DEM,Gisela D. Triana,467,152,315
Travis,332,"District Judge, 200th Judicial District",,DEM,Gisela D. Triana,753,270,483
Travis,333,"District Judge, 200th Judicial District",,DEM,Gisela D. Triana,385,100,285
Travis,334,"District Judge, 200th Judicial District",,DEM,Gisela D. Triana,298,121,177
Travis,335,"District Judge, 200th Judicial District",,DEM,Gisela D. Triana,348,153,195
Travis,336,"District Judge, 200th Judicial District",,DEM,Gisela D. Triana,316,124,192
Travis,337,"District Judge, 200th Judicial District",,DEM,Gisela D. Triana,570,206,364
Travis,338,"District Judge, 200th Judicial District",,DEM,Gisela D. Triana,746,290,456
Travis,339,"District Judge, 200th Judicial District",,DEM,Gisela D. Triana,318,155,163
Travis,340,"District Judge, 200th Judicial District",,DEM,Gisela D. Triana,500,197,303
Travis,341,"District Judge, 200th Judicial District",,DEM,Gisela D. Triana,5,0,5
Travis,342,"District Judge, 200th Judicial District",,DEM,Gisela D. Triana,1153,504,649
Travis,343,"District Judge, 200th Judicial District",,DEM,Gisela D. Triana,236,86,150
Travis,344,"District Judge, 200th Judicial District",,DEM,Gisela D. Triana,394,177,217
Travis,345,"District Judge, 200th Judicial District",,DEM,Gisela D. Triana,1,1,0
Travis,346,"District Judge, 200th Judicial District",,DEM,Gisela D. Triana,236,145,91
Travis,347,"District Judge, 200th Judicial District",,DEM,Gisela D. Triana,389,197,192
Travis,349,"District Judge, 200th Judicial District",,DEM,Gisela D. Triana,764,336,428
Travis,350,"District Judge, 200th Judicial District",,DEM,Gisela D. Triana,798,373,425
Travis,351,"District Judge, 200th Judicial District",,DEM,Gisela D. Triana,274,132,142
Travis,352,"District Judge, 200th Judicial District",,DEM,Gisela D. Triana,700,364,336
Travis,354,"District Judge, 200th Judicial District",,DEM,Gisela D. Triana,747,438,309
Travis,356,"District Judge, 200th Judicial District",,DEM,Gisela D. Triana,270,123,147
Travis,357,"District Judge, 200th Judicial District",,DEM,Gisela D. Triana,88,35,53
Travis,358,"District Judge, 200th Judicial District",,DEM,Gisela D. Triana,999,470,529
Travis,359,"District Judge, 200th Judicial District",,DEM,Gisela D. Triana,488,227,261
Travis,360,"District Judge, 200th Judicial District",,DEM,Gisela D. Triana,708,304,404
Travis,361,"District Judge, 200th Judicial District",,DEM,Gisela D. Triana,204,91,113
Travis,362,"District Judge, 200th Judicial District",,DEM,Gisela D. Triana,619,318,301
Travis,363,"District Judge, 200th Judicial District",,DEM,Gisela D. Triana,284,139,145
Travis,364,"District Judge, 200th Judicial District",,DEM,Gisela D. Triana,541,316,225
Travis,365,"District Judge, 200th Judicial District",,DEM,Gisela D. Triana,294,117,177
Travis,366,"District Judge, 200th Judicial District",,DEM,Gisela D. Triana,854,399,455
Travis,367,"District Judge, 200th Judicial District",,DEM,Gisela D. Triana,798,356,442
Travis,368,"District Judge, 200th Judicial District",,DEM,Gisela D. Triana,24,14,10
Travis,369,"District Judge, 200th Judicial District",,DEM,Gisela D. Triana,170,53,117
Travis,370,"District Judge, 200th Judicial District",,DEM,Gisela D. Triana,126,17,109
Travis,371,"District Judge, 200th Judicial District",,DEM,Gisela D. Triana,212,86,126
Travis,372,"District Judge, 200th Judicial District",,DEM,Gisela D. Triana,156,52,104
Travis,373,"District Judge, 200th Judicial District",,DEM,Gisela D. Triana,341,134,207
Travis,374,"District Judge, 200th Judicial District",,DEM,Gisela D. Triana,428,155,273
Travis,375,"District Judge, 200th Judicial District",,DEM,Gisela D. Triana,81,28,53
Travis,401,"District Judge, 200th Judicial District",,DEM,Gisela D. Triana,321,151,170
Travis,402,"District Judge, 200th Judicial District",,DEM,Gisela D. Triana,414,175,239
Travis,403,"District Judge, 200th Judicial District",,DEM,Gisela D. Triana,161,56,105
Travis,404,"District Judge, 200th Judicial District",,DEM,Gisela D. Triana,410,156,254
Travis,405,"District Judge, 200th Judicial District",,DEM,Gisela D. Triana,85,31,54
Travis,406,"District Judge, 200th Judicial District",,DEM,Gisela D. Triana,389,231,158
Travis,407,"District Judge, 200th Judicial District",,DEM,Gisela D. Triana,289,120,169
Travis,408,"District Judge, 200th Judicial District",,DEM,Gisela D. Triana,529,207,322
Travis,409,"District Judge, 200th Judicial District",,DEM,Gisela D. Triana,510,217,293
Travis,410,"District Judge, 200th Judicial District",,DEM,Gisela D. Triana,572,276,296
Travis,411,"District Judge, 200th Judicial District",,DEM,Gisela D. Triana,299,125,174
Travis,412,"District Judge, 200th Judicial District",,DEM,Gisela D. Triana,26,15,11
Travis,413,"District Judge, 200th Judicial District",,DEM,Gisela D. Triana,168,69,99
Travis,414,"District Judge, 200th Judicial District",,DEM,Gisela D. Triana,606,263,343
Travis,415,"District Judge, 200th Judicial District",,DEM,Gisela D. Triana,233,85,148
Travis,416,"District Judge, 200th Judicial District",,DEM,Gisela D. Triana,23,10,13
Travis,417,"District Judge, 200th Judicial District",,DEM,Gisela D. Triana,261,131,130
Travis,418,"District Judge, 200th Judicial District",,DEM,Gisela D. Triana,0,0,0
Travis,419,"District Judge, 200th Judicial District",,DEM,Gisela D. Triana,88,54,34
Travis,420,"District Judge, 200th Judicial District",,DEM,Gisela D. Triana,541,232,309
Travis,421,"District Judge, 200th Judicial District",,DEM,Gisela D. Triana,571,232,339
Travis,422,"District Judge, 200th Judicial District",,DEM,Gisela D. Triana,565,249,316
Travis,423,"District Judge, 200th Judicial District",,DEM,Gisela D. Triana,572,229,343
Travis,424,"District Judge, 200th Judicial District",,DEM,Gisela D. Triana,550,221,329
Travis,425,"District Judge, 200th Judicial District",,DEM,Gisela D. Triana,186,80,106
Travis,426,"District Judge, 200th Judicial District",,DEM,Gisela D. Triana,602,274,328
Travis,427,"District Judge, 200th Judicial District",,DEM,Gisela D. Triana,437,208,229
Travis,428,"District Judge, 200th Judicial District",,DEM,Gisela D. Triana,218,98,120
Travis,429,"District Judge, 200th Judicial District",,DEM,Gisela D. Triana,1189,521,668
Travis,430,"District Judge, 200th Judicial District",,DEM,Gisela D. Triana,289,112,177
Travis,431,"District Judge, 200th Judicial District",,DEM,Gisela D. Triana,1089,446,643
Travis,432,"District Judge, 200th Judicial District",,DEM,Gisela D. Triana,1,1,0
Travis,433,"District Judge, 200th Judicial District",,DEM,Gisela D. Triana,611,292,319
Travis,434,"District Judge, 200th Judicial District",,DEM,Gisela D. Triana,2,1,1
Travis,435,"District Judge, 200th Judicial District",,DEM,Gisela D. Triana,999,438,561
Travis,436,"District Judge, 200th Judicial District",,DEM,Gisela D. Triana,69,31,38
Travis,437,"District Judge, 200th Judicial District",,DEM,Gisela D. Triana,545,210,335
Travis,438,"District Judge, 200th Judicial District",,DEM,Gisela D. Triana,327,147,180
Travis,439,"District Judge, 200th Judicial District",,DEM,Gisela D. Triana,623,256,367
Travis,440,"District Judge, 200th Judicial District",,DEM,Gisela D. Triana,203,99,104
Travis,441,"District Judge, 200th Judicial District",,DEM,Gisela D. Triana,809,392,417
Travis,442,"District Judge, 200th Judicial District",,DEM,Gisela D. Triana,305,122,183
Travis,443,"District Judge, 200th Judicial District",,DEM,Gisela D. Triana,449,198,251
Travis,444,"District Judge, 200th Judicial District",,DEM,Gisela D. Triana,25,12,13
Travis,446,"District Judge, 200th Judicial District",,DEM,Gisela D. Triana,257,105,152
Travis,447,"District Judge, 200th Judicial District",,DEM,Gisela D. Triana,749,311,438
Travis,448,"District Judge, 200th Judicial District",,DEM,Gisela D. Triana,391,167,224
Travis,450,"District Judge, 200th Judicial District",,DEM,Gisela D. Triana,631,267,364
Travis,451,"District Judge, 200th Judicial District",,DEM,Gisela D. Triana,631,263,368
Travis,452,"District Judge, 200th Judicial District",,DEM,Gisela D. Triana,301,124,177
Travis,454,"District Judge, 200th Judicial District",,DEM,Gisela D. Triana,446,230,216
Travis,458,"District Judge, 200th Judicial District",,DEM,Gisela D. Triana,663,341,322
Travis,460,"District Judge, 200th Judicial District",,DEM,Gisela D. Triana,765,376,389
Travis,461,"District Judge, 200th Judicial District",,DEM,Gisela D. Triana,844,367,477
Travis,463,"District Judge, 200th Judicial District",,DEM,Gisela D. Triana,658,266,392
Travis,101,Railroad Commissioner,,DEM,Grady Yarbrough,307,113,194
Travis,102,Railroad Commissioner,,DEM,Grady Yarbrough,59,21,38
Travis,103,Railroad Commissioner,,DEM,Grady Yarbrough,102,43,59
Travis,104,Railroad Commissioner,,DEM,Grady Yarbrough,84,43,41
Travis,105,Railroad Commissioner,,DEM,Grady Yarbrough,388,174,214
Travis,106,Railroad Commissioner,,DEM,Grady Yarbrough,153,71,82
Travis,107,Railroad Commissioner,,DEM,Grady Yarbrough,14,6,8
Travis,108,Railroad Commissioner,,DEM,Grady Yarbrough,120,31,89
Travis,109,Railroad Commissioner,,DEM,Grady Yarbrough,128,48,80
Travis,110,Railroad Commissioner,,DEM,Grady Yarbrough,251,92,159
Travis,111,Railroad Commissioner,,DEM,Grady Yarbrough,196,74,122
Travis,112,Railroad Commissioner,,DEM,Grady Yarbrough,74,27,47
Travis,113,Railroad Commissioner,,DEM,Grady Yarbrough,325,111,214
Travis,114,Railroad Commissioner,,DEM,Grady Yarbrough,19,8,11
Travis,115,Railroad Commissioner,,DEM,Grady Yarbrough,0,0,0
Travis,116,Railroad Commissioner,,DEM,Grady Yarbrough,0,0,0
Travis,117,Railroad Commissioner,,DEM,Grady Yarbrough,207,92,115
Travis,118,Railroad Commissioner,,DEM,Grady Yarbrough,43,23,20
Travis,119,Railroad Commissioner,,DEM,Grady Yarbrough,0,0,0
Travis,120,Railroad Commissioner,,DEM,Grady Yarbrough,12,8,4
Travis,121,Railroad Commissioner,,DEM,Grady Yarbrough,84,45,39
Travis,122,Railroad Commissioner,,DEM,Grady Yarbrough,299,157,142
Travis,123,Railroad Commissioner,,DEM,Grady Yarbrough,181,73,108
Travis,124,Railroad Commissioner,,DEM,Grady Yarbrough,293,147,146
Travis,125,Railroad Commissioner,,DEM,Grady Yarbrough,0,0,0
Travis,126,Railroad Commissioner,,DEM,Grady Yarbrough,359,185,174
Travis,127,Railroad Commissioner,,DEM,Grady Yarbrough,0,0,0
Travis,128,Railroad Commissioner,,DEM,Grady Yarbrough,0,0,0
Travis,129,Railroad Commissioner,,DEM,Grady Yarbrough,229,125,104
Travis,130,Railroad Commissioner,,DEM,Grady Yarbrough,152,55,97
Travis,131,Railroad Commissioner,,DEM,Grady Yarbrough,0,0,0
Travis,132,Railroad Commissioner,,DEM,Grady Yarbrough,208,113,95
Travis,133,Railroad Commissioner,,DEM,Grady Yarbrough,169,63,106
Travis,134,Railroad Commissioner,,DEM,Grady Yarbrough,0,0,0
Travis,135,Railroad Commissioner,,DEM,Grady Yarbrough,361,181,180
Travis,136,Railroad Commissioner,,DEM,Grady Yarbrough,167,81,86
Travis,137,Railroad Commissioner,,DEM,Grady Yarbrough,298,104,194
Travis,138,Railroad Commissioner,,DEM,Grady Yarbrough,0,0,0
Travis,139,Railroad Commissioner,,DEM,Grady Yarbrough,207,93,114
Travis,140,Railroad Commissioner,,DEM,Grady Yarbrough,125,48,77
Travis,141,Railroad Commissioner,,DEM,Grady Yarbrough,25,6,19
Travis,142,Railroad Commissioner,,DEM,Grady Yarbrough,66,20,46
Travis,145,Railroad Commissioner,,DEM,Grady Yarbrough,147,52,95
Travis,146,Railroad Commissioner,,DEM,Grady Yarbrough,158,86,72
Travis,148,Railroad Commissioner,,DEM,Grady Yarbrough,210,85,125
Travis,149,Railroad Commissioner,,DEM,Grady Yarbrough,123,44,79
Travis,150,Railroad Commissioner,,DEM,Grady Yarbrough,106,45,61
Travis,151,Railroad Commissioner,,DEM,Grady Yarbrough,203,82,121
Travis,152,Railroad Commissioner,,DEM,Grady Yarbrough,221,107,114
Travis,153,Railroad Commissioner,,DEM,Grady Yarbrough,295,114,181
Travis,154,Railroad Commissioner,,DEM,Grady Yarbrough,205,65,140
Travis,156,Railroad Commissioner,,DEM,Grady Yarbrough,368,164,204
Travis,160,Railroad Commissioner,,DEM,Grady Yarbrough,96,40,56
Travis,161,Railroad Commissioner,,DEM,Grady Yarbrough,76,21,55
Travis,163,Railroad Commissioner,,DEM,Grady Yarbrough,7,0,7
Travis,164,Railroad Commissioner,,DEM,Grady Yarbrough,101,32,69
Travis,200,Railroad Commissioner,,DEM,Grady Yarbrough,330,151,179
Travis,202,Railroad Commissioner,,DEM,Grady Yarbrough,194,83,111
Travis,203,Railroad Commissioner,,DEM,Grady Yarbrough,37,9,28
Travis,205,Railroad Commissioner,,DEM,Grady Yarbrough,112,50,62
Travis,206,Railroad Commissioner,,DEM,Grady Yarbrough,71,35,36
Travis,207,Railroad Commissioner,,DEM,Grady Yarbrough,213,72,141
Travis,208,Railroad Commissioner,,DEM,Grady Yarbrough,325,190,135
Travis,209,Railroad Commissioner,,DEM,Grady Yarbrough,62,27,35
Travis,210,Railroad Commissioner,,DEM,Grady Yarbrough,71,33,38
Travis,211,Railroad Commissioner,,DEM,Grady Yarbrough,113,46,67
Travis,212,Railroad Commissioner,,DEM,Grady Yarbrough,124,58,66
Travis,213,Railroad Commissioner,,DEM,Grady Yarbrough,0,0,0
Travis,214,Railroad Commissioner,,DEM,Grady Yarbrough,125,50,75
Travis,215,Railroad Commissioner,,DEM,Grady Yarbrough,99,37,62
Travis,216,Railroad Commissioner,,DEM,Grady Yarbrough,85,27,58
Travis,217,Railroad Commissioner,,DEM,Grady Yarbrough,119,44,75
Travis,218,Railroad Commissioner,,DEM,Grady Yarbrough,230,91,139
Travis,219,Railroad Commissioner,,DEM,Grady Yarbrough,159,53,106
Travis,220,Railroad Commissioner,,DEM,Grady Yarbrough,76,27,49
Travis,221,Railroad Commissioner,,DEM,Grady Yarbrough,27,13,14
Travis,222,Railroad Commissioner,,DEM,Grady Yarbrough,186,71,115
Travis,223,Railroad Commissioner,,DEM,Grady Yarbrough,28,9,19
Travis,224,Railroad Commissioner,,DEM,Grady Yarbrough,6,3,3
Travis,225,Railroad Commissioner,,DEM,Grady Yarbrough,137,41,96
Travis,226,Railroad Commissioner,,DEM,Grady Yarbrough,107,38,69
Travis,227,Railroad Commissioner,,DEM,Grady Yarbrough,29,15,14
Travis,228,Railroad Commissioner,,DEM,Grady Yarbrough,88,42,46
Travis,229,Railroad Commissioner,,DEM,Grady Yarbrough,113,43,70
Travis,231,Railroad Commissioner,,DEM,Grady Yarbrough,131,52,79
Travis,232,Railroad Commissioner,,DEM,Grady Yarbrough,138,74,64
Travis,233,Railroad Commissioner,,DEM,Grady Yarbrough,105,43,62
Travis,234,Railroad Commissioner,,DEM,Grady Yarbrough,71,33,38
Travis,235,Railroad Commissioner,,DEM,Grady Yarbrough,210,84,126
Travis,236,Railroad Commissioner,,DEM,Grady Yarbrough,234,72,162
Travis,237,Railroad Commissioner,,DEM,Grady Yarbrough,110,44,66
Travis,238,Railroad Commissioner,,DEM,Grady Yarbrough,149,56,93
Travis,239,Railroad Commissioner,,DEM,Grady Yarbrough,184,80,104
Travis,240,Railroad Commissioner,,DEM,Grady Yarbrough,91,20,71
Travis,241,Railroad Commissioner,,DEM,Grady Yarbrough,109,41,68
Travis,242,Railroad Commissioner,,DEM,Grady Yarbrough,353,149,204
Travis,243,Railroad Commissioner,,DEM,Grady Yarbrough,128,66,62
Travis,244,Railroad Commissioner,,DEM,Grady Yarbrough,107,57,50
Travis,245,Railroad Commissioner,,DEM,Grady Yarbrough,48,18,30
Travis,246,Railroad Commissioner,,DEM,Grady Yarbrough,110,41,69
Travis,247,Railroad Commissioner,,DEM,Grady Yarbrough,47,21,26
Travis,248,Railroad Commissioner,,DEM,Grady Yarbrough,161,73,88
Travis,249,Railroad Commissioner,,DEM,Grady Yarbrough,166,61,105
Travis,250,Railroad Commissioner,,DEM,Grady Yarbrough,249,96,153
Travis,251,Railroad Commissioner,,DEM,Grady Yarbrough,126,52,74
Travis,252,Railroad Commissioner,,DEM,Grady Yarbrough,177,84,93
Travis,253,Railroad Commissioner,,DEM,Grady Yarbrough,142,62,80
Travis,254,Railroad Commissioner,,DEM,Grady Yarbrough,139,59,80
Travis,256,Railroad Commissioner,,DEM,Grady Yarbrough,91,38,53
Travis,258,Railroad Commissioner,,DEM,Grady Yarbrough,138,46,92
Travis,259,Railroad Commissioner,,DEM,Grady Yarbrough,150,60,90
Travis,260,Railroad Commissioner,,DEM,Grady Yarbrough,57,21,36
Travis,262,Railroad Commissioner,,DEM,Grady Yarbrough,276,135,141
Travis,263,Railroad Commissioner,,DEM,Grady Yarbrough,161,58,103
Travis,266,Railroad Commissioner,,DEM,Grady Yarbrough,23,15,8
Travis,267,Railroad Commissioner,,DEM,Grady Yarbrough,73,37,36
Travis,268,Railroad Commissioner,,DEM,Grady Yarbrough,67,25,42
Travis,273,Railroad Commissioner,,DEM,Grady Yarbrough,183,78,105
Travis,274,Railroad Commissioner,,DEM,Grady Yarbrough,156,71,85
Travis,275,Railroad Commissioner,,DEM,Grady Yarbrough,219,88,131
Travis,277,Railroad Commissioner,,DEM,Grady Yarbrough,236,137,99
Travis,301,Railroad Commissioner,,DEM,Grady Yarbrough,81,34,47
Travis,302,Railroad Commissioner,,DEM,Grady Yarbrough,152,81,71
Travis,303,Railroad Commissioner,,DEM,Grady Yarbrough,132,67,65
Travis,304,Railroad Commissioner,,DEM,Grady Yarbrough,196,74,122
Travis,305,Railroad Commissioner,,DEM,Grady Yarbrough,1,1,0
Travis,306,Railroad Commissioner,,DEM,Grady Yarbrough,92,51,41
Travis,307,Railroad Commissioner,,DEM,Grady Yarbrough,60,28,32
Travis,308,Railroad Commissioner,,DEM,Grady Yarbrough,166,66,100
Travis,309,Railroad Commissioner,,DEM,Grady Yarbrough,157,88,69
Travis,310,Railroad Commissioner,,DEM,Grady Yarbrough,282,123,159
Travis,311,Railroad Commissioner,,DEM,Grady Yarbrough,251,154,97
Travis,312,Railroad Commissioner,,DEM,Grady Yarbrough,60,27,33
Travis,313,Railroad Commissioner,,DEM,Grady Yarbrough,25,14,11
Travis,314,Railroad Commissioner,,DEM,Grady Yarbrough,130,61,69
Travis,315,Railroad Commissioner,,DEM,Grady Yarbrough,258,125,133
Travis,316,Railroad Commissioner,,DEM,Grady Yarbrough,74,33,41
Travis,317,Railroad Commissioner,,DEM,Grady Yarbrough,100,50,50
Travis,318,Railroad Commissioner,,DEM,Grady Yarbrough,24,8,16
Travis,319,Railroad Commissioner,,DEM,Grady Yarbrough,74,40,34
Travis,320,Railroad Commissioner,,DEM,Grady Yarbrough,63,45,18
Travis,321,Railroad Commissioner,,DEM,Grady Yarbrough,37,20,17
Travis,323,Railroad Commissioner,,DEM,Grady Yarbrough,125,52,73
Travis,324,Railroad Commissioner,,DEM,Grady Yarbrough,124,71,53
Travis,325,Railroad Commissioner,,DEM,Grady Yarbrough,5,3,2
Travis,326,Railroad Commissioner,,DEM,Grady Yarbrough,106,43,63
Travis,327,Railroad Commissioner,,DEM,Grady Yarbrough,127,47,80
Travis,328,Railroad Commissioner,,DEM,Grady Yarbrough,193,85,108
Travis,329,Railroad Commissioner,,DEM,Grady Yarbrough,98,49,49
Travis,330,Railroad Commissioner,,DEM,Grady Yarbrough,118,59,59
Travis,331,Railroad Commissioner,,DEM,Grady Yarbrough,139,43,96
Travis,332,Railroad Commissioner,,DEM,Grady Yarbrough,192,63,129
Travis,333,Railroad Commissioner,,DEM,Grady Yarbrough,128,27,101
Travis,334,Railroad Commissioner,,DEM,Grady Yarbrough,115,39,76
Travis,335,Railroad Commissioner,,DEM,Grady Yarbrough,114,44,70
Travis,336,Railroad Commissioner,,DEM,Grady Yarbrough,96,36,60
Travis,337,Railroad Commissioner,,DEM,Grady Yarbrough,164,67,97
Travis,338,Railroad Commissioner,,DEM,Grady Yarbrough,233,93,140
Travis,339,Railroad Commissioner,,DEM,Grady Yarbrough,104,50,54
Travis,340,Railroad Commissioner,,DEM,Grady Yarbrough,145,54,91
Travis,341,Railroad Commissioner,,DEM,Grady Yarbrough,2,0,2
Travis,342,Railroad Commissioner,,DEM,Grady Yarbrough,325,143,182
Travis,343,Railroad Commissioner,,DEM,Grady Yarbrough,78,26,52
Travis,344,Railroad Commissioner,,DEM,Grady Yarbrough,126,47,79
Travis,345,Railroad Commissioner,,DEM,Grady Yarbrough,0,0,0
Travis,346,Railroad Commissioner,,DEM,Grady Yarbrough,64,41,23
Travis,347,Railroad Commissioner,,DEM,Grady Yarbrough,88,47,41
Travis,349,Railroad Commissioner,,DEM,Grady Yarbrough,252,109,143
Travis,350,Railroad Commissioner,,DEM,Grady Yarbrough,281,132,149
Travis,351,Railroad Commissioner,,DEM,Grady Yarbrough,85,43,42
Travis,352,Railroad Commissioner,,DEM,Grady Yarbrough,230,125,105
Travis,354,Railroad Commissioner,,DEM,Grady Yarbrough,224,128,96
Travis,356,Railroad Commissioner,,DEM,Grady Yarbrough,74,37,37
Travis,357,Railroad Commissioner,,DEM,Grady Yarbrough,31,14,17
Travis,358,Railroad Commissioner,,DEM,Grady Yarbrough,332,145,187
Travis,359,Railroad Commissioner,,DEM,Grady Yarbrough,170,75,95
Travis,360,Railroad Commissioner,,DEM,Grady Yarbrough,227,107,120
Travis,361,Railroad Commissioner,,DEM,Grady Yarbrough,72,36,36
Travis,362,Railroad Commissioner,,DEM,Grady Yarbrough,186,90,96
Travis,363,Railroad Commissioner,,DEM,Grady Yarbrough,78,36,42
Travis,364,Railroad Commissioner,,DEM,Grady Yarbrough,151,81,70
Travis,365,Railroad Commissioner,,DEM,Grady Yarbrough,95,37,58
Travis,366,Railroad Commissioner,,DEM,Grady Yarbrough,232,113,119
Travis,367,Railroad Commissioner,,DEM,Grady Yarbrough,262,105,157
Travis,368,Railroad Commissioner,,DEM,Grady Yarbrough,12,6,6
Travis,369,Railroad Commissioner,,DEM,Grady Yarbrough,58,19,39
Travis,370,Railroad Commissioner,,DEM,Grady Yarbrough,52,4,48
Travis,371,Railroad Commissioner,,DEM,Grady Yarbrough,72,30,42
Travis,372,Railroad Commissioner,,DEM,Grady Yarbrough,61,22,39
Travis,373,Railroad Commissioner,,DEM,Grady Yarbrough,120,47,73
Travis,374,Railroad Commissioner,,DEM,Grady Yarbrough,151,46,105
Travis,375,Railroad Commissioner,,DEM,Grady Yarbrough,35,16,19
Travis,401,Railroad Commissioner,,DEM,Grady Yarbrough,121,52,69
Travis,402,Railroad Commissioner,,DEM,Grady Yarbrough,165,76,89
Travis,403,Railroad Commissioner,,DEM,Grady Yarbrough,72,25,47
Travis,404,Railroad Commissioner,,DEM,Grady Yarbrough,148,56,92
Travis,405,Railroad Commissioner,,DEM,Grady Yarbrough,31,13,18
Travis,406,Railroad Commissioner,,DEM,Grady Yarbrough,171,101,70
Travis,407,Railroad Commissioner,,DEM,Grady Yarbrough,104,54,50
Travis,408,Railroad Commissioner,,DEM,Grady Yarbrough,182,62,120
Travis,409,Railroad Commissioner,,DEM,Grady Yarbrough,151,58,93
Travis,410,Railroad Commissioner,,DEM,Grady Yarbrough,190,104,86
Travis,411,Railroad Commissioner,,DEM,Grady Yarbrough,94,42,52
Travis,412,Railroad Commissioner,,DEM,Grady Yarbrough,9,6,3
Travis,413,Railroad Commissioner,,DEM,Grady Yarbrough,54,24,30
Travis,414,Railroad Commissioner,,DEM,Grady Yarbrough,196,83,113
Travis,415,Railroad Commissioner,,DEM,Grady Yarbrough,83,30,53
Travis,416,Railroad Commissioner,,DEM,Grady Yarbrough,9,2,7
Travis,417,Railroad Commissioner,,DEM,Grady Yarbrough,79,41,38
Travis,418,Railroad Commissioner,,DEM,Grady Yarbrough,0,0,0
Travis,419,Railroad Commissioner,,DEM,Grady Yarbrough,28,18,10
Travis,420,Railroad Commissioner,,DEM,Grady Yarbrough,197,84,113
Travis,421,Railroad Commissioner,,DEM,Grady Yarbrough,140,53,87
Travis,422,Railroad Commissioner,,DEM,Grady Yarbrough,155,59,96
Travis,423,Railroad Commissioner,,DEM,Grady Yarbrough,214,101,113
Travis,424,Railroad Commissioner,,DEM,Grady Yarbrough,160,54,106
Travis,425,Railroad Commissioner,,DEM,Grady Yarbrough,65,28,37
Travis,426,Railroad Commissioner,,DEM,Grady Yarbrough,193,88,105
Travis,427,Railroad Commissioner,,DEM,Grady Yarbrough,132,65,67
Travis,428,Railroad Commissioner,,DEM,Grady Yarbrough,75,37,38
Travis,429,Railroad Commissioner,,DEM,Grady Yarbrough,319,136,183
Travis,430,Railroad Commissioner,,DEM,Grady Yarbrough,96,31,65
Travis,431,Railroad Commissioner,,DEM,Grady Yarbrough,393,166,227
Travis,432,Railroad Commissioner,,DEM,Grady Yarbrough,1,1,0
Travis,433,Railroad Commissioner,,DEM,Grady Yarbrough,213,101,112
Travis,434,Railroad Commissioner,,DEM,Grady Yarbrough,0,0,0
Travis,435,Railroad Commissioner,,DEM,Grady Yarbrough,365,146,219
Travis,436,Railroad Commissioner,,DEM,Grady Yarbrough,24,9,15
Travis,437,Railroad Commissioner,,DEM,Grady Yarbrough,162,55,107
Travis,438,Railroad Commissioner,,DEM,Grady Yarbrough,105,54,51
Travis,439,Railroad Commissioner,,DEM,Grady Yarbrough,188,89,99
Travis,440,Railroad Commissioner,,DEM,Grady Yarbrough,66,37,29
Travis,441,Railroad Commissioner,,DEM,Grady Yarbrough,264,129,135
Travis,442,Railroad Commissioner,,DEM,Grady Yarbrough,87,37,50
Travis,443,Railroad Commissioner,,DEM,Grady Yarbrough,181,83,98
Travis,444,Railroad Commissioner,,DEM,Grady Yarbrough,14,6,8
Travis,446,Railroad Commissioner,,DEM,Grady Yarbrough,88,38,50
Travis,447,Railroad Commissioner,,DEM,Grady Yarbrough,226,97,129
Travis,448,Railroad Commissioner,,DEM,Grady Yarbrough,141,64,77
Travis,450,Railroad Commissioner,,DEM,Grady Yarbrough,241,111,130
Travis,451,Railroad Commissioner,,DEM,Grady Yarbrough,207,100,107
Travis,452,Railroad Commissioner,,DEM,Grady Yarbrough,137,68,69
Travis,454,Railroad Commissioner,,DEM,Grady Yarbrough,139,76,63
Travis,458,Railroad Commissioner,,DEM,Grady Yarbrough,225,123,102
Travis,460,Railroad Commissioner,,DEM,Grady Yarbrough,227,105,122
Travis,461,Railroad Commissioner,,DEM,Grady Yarbrough,242,92,150
Travis,463,Railroad Commissioner,,DEM,Grady Yarbrough,234,93,141
Travis,149,State Representative,49,DEM,Heather Way,86,35,51
Travis,200,State Representative,49,DEM,Heather Way,192,89,103
Travis,202,State Representative,49,DEM,Heather Way,158,82,76
Travis,206,State Representative,49,DEM,Heather Way,58,32,26
Travis,208,State Representative,49,DEM,Heather Way,128,73,55
Travis,209,State Representative,49,DEM,Heather Way,43,13,30
Travis,214,State Representative,49,DEM,Heather Way,111,53,58
Travis,218,State Representative,49,DEM,Heather Way,169,69,100
Travis,222,State Representative,49,DEM,Heather Way,112,42,70
Travis,228,State Representative,49,DEM,Heather Way,86,47,39
Travis,235,State Representative,49,DEM,Heather Way,182,78,104
Travis,236,State Representative,49,DEM,Heather Way,277,97,180
Travis,239,State Representative,49,DEM,Heather Way,266,115,151
Travis,240,State Representative,49,DEM,Heather Way,80,24,56
Travis,241,State Representative,49,DEM,Heather Way,120,39,81
Travis,242,State Representative,49,DEM,Heather Way,302,139,163
Travis,243,State Representative,49,DEM,Heather Way,161,94,67
Travis,248,State Representative,49,DEM,Heather Way,107,59,48
Travis,250,State Representative,49,DEM,Heather Way,264,109,155
Travis,252,State Representative,49,DEM,Heather Way,138,69,69
Travis,258,State Representative,49,DEM,Heather Way,103,48,55
Travis,260,State Representative,49,DEM,Heather Way,29,7,22
Travis,267,State Representative,49,DEM,Heather Way,68,36,32
Travis,268,State Representative,49,DEM,Heather Way,28,17,11
Travis,273,State Representative,49,DEM,Heather Way,203,99,104
Travis,274,State Representative,49,DEM,Heather Way,113,44,69
Travis,275,State Representative,49,DEM,Heather Way,163,63,100
Travis,277,State Representative,49,DEM,Heather Way,94,47,47
Travis,305,State Representative,49,DEM,Heather Way,1,1,0
Travis,311,State Representative,49,DEM,Heather Way,123,80,43
Travis,313,State Representative,49,DEM,Heather Way,10,2,8
Travis,323,State Representative,49,DEM,Heather Way,72,26,46
Travis,325,State Representative,49,DEM,Heather Way,2,1,1
Travis,329,State Representative,49,DEM,Heather Way,74,40,34
Travis,332,State Representative,49,DEM,Heather Way,405,126,279
Travis,340,State Representative,49,DEM,Heather Way,151,58,93
Travis,342,State Representative,49,DEM,Heather Way,335,154,181
Travis,345,State Representative,49,DEM,Heather Way,0,0,0
Travis,409,State Representative,49,DEM,Heather Way,102,43,59
Travis,425,State Representative,49,DEM,Heather Way,21,11,10
Travis,430,State Representative,49,DEM,Heather Way,57,25,32
Travis,446,State Representative,49,DEM,Heather Way,43,24,19
Travis,454,State Representative,49,DEM,Heather Way,124,69,55
Travis,460,State Representative,49,DEM,Heather Way,180,105,75
Travis,461,State Representative,49,DEM,Heather Way,211,99,112
Travis,101,President,,DEM,Hillary Clinton,568,195,373
Travis,102,President,,DEM,Hillary Clinton,115,42,73
Travis,103,President,,DEM,Hillary Clinton,165,72,93
Travis,104,President,,DEM,Hillary Clinton,144,72,72
Travis,105,President,,DEM,Hillary Clinton,677,299,378
Travis,106,President,,DEM,Hillary Clinton,237,106,131
Travis,107,President,,DEM,Hillary Clinton,26,6,20
Travis,108,President,,DEM,Hillary Clinton,179,48,131
Travis,109,President,,DEM,Hillary Clinton,216,85,131
Travis,110,President,,DEM,Hillary Clinton,471,179,292
Travis,111,President,,DEM,Hillary Clinton,443,170,273
Travis,112,President,,DEM,Hillary Clinton,123,50,73
Travis,113,President,,DEM,Hillary Clinton,543,199,344
Travis,114,President,,DEM,Hillary Clinton,52,22,30
Travis,115,President,,DEM,Hillary Clinton,0,0,0
Travis,116,President,,DEM,Hillary Clinton,0,0,0
Travis,117,President,,DEM,Hillary Clinton,392,170,222
Travis,118,President,,DEM,Hillary Clinton,74,35,39
Travis,119,President,,DEM,Hillary Clinton,0,0,0
Travis,120,President,,DEM,Hillary Clinton,20,13,7
Travis,121,President,,DEM,Hillary Clinton,130,59,71
Travis,122,President,,DEM,Hillary Clinton,563,301,262
Travis,123,President,,DEM,Hillary Clinton,377,130,247
Travis,124,President,,DEM,Hillary Clinton,619,301,318
Travis,125,President,,DEM,Hillary Clinton,0,0,0
Travis,126,President,,DEM,Hillary Clinton,639,294,345
Travis,127,President,,DEM,Hillary Clinton,0,0,0
Travis,128,President,,DEM,Hillary Clinton,0,0,0
Travis,129,President,,DEM,Hillary Clinton,386,201,185
Travis,130,President,,DEM,Hillary Clinton,301,113,188
Travis,131,President,,DEM,Hillary Clinton,0,0,0
Travis,132,President,,DEM,Hillary Clinton,431,196,235
Travis,133,President,,DEM,Hillary Clinton,400,166,234
Travis,134,President,,DEM,Hillary Clinton,0,0,0
Travis,135,President,,DEM,Hillary Clinton,1031,457,574
Travis,136,President,,DEM,Hillary Clinton,303,135,168
Travis,137,President,,DEM,Hillary Clinton,652,236,416
Travis,138,President,,DEM,Hillary Clinton,0,0,0
Travis,139,President,,DEM,Hillary Clinton,366,166,200
Travis,140,President,,DEM,Hillary Clinton,216,93,123
Travis,141,President,,DEM,Hillary Clinton,42,13,29
Travis,142,President,,DEM,Hillary Clinton,80,38,42
Travis,145,President,,DEM,Hillary Clinton,286,108,178
Travis,146,President,,DEM,Hillary Clinton,288,144,144
Travis,148,President,,DEM,Hillary Clinton,354,153,201
Travis,149,President,,DEM,Hillary Clinton,206,80,126
Travis,150,President,,DEM,Hillary Clinton,174,73,101
Travis,151,President,,DEM,Hillary Clinton,404,174,230
Travis,152,President,,DEM,Hillary Clinton,563,249,314
Travis,153,President,,DEM,Hillary Clinton,537,209,328
Travis,154,President,,DEM,Hillary Clinton,349,102,247
Travis,156,President,,DEM,Hillary Clinton,625,302,323
Travis,160,President,,DEM,Hillary Clinton,199,71,128
Travis,161,President,,DEM,Hillary Clinton,137,62,75
Travis,163,President,,DEM,Hillary Clinton,15,8,7
Travis,164,President,,DEM,Hillary Clinton,169,61,108
Travis,200,President,,DEM,Hillary Clinton,585,262,323
Travis,202,President,,DEM,Hillary Clinton,440,205,235
Travis,203,President,,DEM,Hillary Clinton,71,23,48
Travis,205,President,,DEM,Hillary Clinton,199,79,120
Travis,206,President,,DEM,Hillary Clinton,122,55,67
Travis,207,President,,DEM,Hillary Clinton,434,179,255
Travis,208,President,,DEM,Hillary Clinton,320,184,136
Travis,209,President,,DEM,Hillary Clinton,90,45,45
Travis,210,President,,DEM,Hillary Clinton,290,161,129
Travis,211,President,,DEM,Hillary Clinton,195,77,118
Travis,212,President,,DEM,Hillary Clinton,380,201,179
Travis,213,President,,DEM,Hillary Clinton,0,0,0
Travis,214,President,,DEM,Hillary Clinton,450,197,253
Travis,215,President,,DEM,Hillary Clinton,203,70,133
Travis,216,President,,DEM,Hillary Clinton,121,42,79
Travis,217,President,,DEM,Hillary Clinton,212,79,133
Travis,218,President,,DEM,Hillary Clinton,362,161,201
Travis,219,President,,DEM,Hillary Clinton,275,104,171
Travis,220,President,,DEM,Hillary Clinton,303,144,159
Travis,221,President,,DEM,Hillary Clinton,72,33,39
Travis,222,President,,DEM,Hillary Clinton,307,100,207
Travis,223,President,,DEM,Hillary Clinton,47,19,28
Travis,224,President,,DEM,Hillary Clinton,14,9,5
Travis,225,President,,DEM,Hillary Clinton,296,107,189
Travis,226,President,,DEM,Hillary Clinton,203,73,130
Travis,227,President,,DEM,Hillary Clinton,57,21,36
Travis,228,President,,DEM,Hillary Clinton,214,125,89
Travis,229,President,,DEM,Hillary Clinton,252,109,143
Travis,231,President,,DEM,Hillary Clinton,516,232,284
Travis,232,President,,DEM,Hillary Clinton,400,201,199
Travis,233,President,,DEM,Hillary Clinton,275,108,167
Travis,234,President,,DEM,Hillary Clinton,216,96,120
Travis,235,President,,DEM,Hillary Clinton,369,152,217
Travis,236,President,,DEM,Hillary Clinton,619,231,388
Travis,237,President,,DEM,Hillary Clinton,421,169,252
Travis,238,President,,DEM,Hillary Clinton,420,178,242
Travis,239,President,,DEM,Hillary Clinton,534,234,300
Travis,240,President,,DEM,Hillary Clinton,225,70,155
Travis,241,President,,DEM,Hillary Clinton,293,108,185
Travis,242,President,,DEM,Hillary Clinton,805,384,421
Travis,243,President,,DEM,Hillary Clinton,305,164,141
Travis,244,President,,DEM,Hillary Clinton,276,140,136
Travis,245,President,,DEM,Hillary Clinton,101,38,63
Travis,246,President,,DEM,Hillary Clinton,300,125,175
Travis,247,President,,DEM,Hillary Clinton,108,42,66
Travis,248,President,,DEM,Hillary Clinton,315,141,174
Travis,249,President,,DEM,Hillary Clinton,435,209,226
Travis,250,President,,DEM,Hillary Clinton,826,375,451
Travis,251,President,,DEM,Hillary Clinton,463,230,233
Travis,252,President,,DEM,Hillary Clinton,338,151,187
Travis,253,President,,DEM,Hillary Clinton,476,239,237
Travis,254,President,,DEM,Hillary Clinton,328,158,170
Travis,256,President,,DEM,Hillary Clinton,308,169,139
Travis,258,President,,DEM,Hillary Clinton,293,141,152
Travis,259,President,,DEM,Hillary Clinton,348,142,206
Travis,260,President,,DEM,Hillary Clinton,111,41,70
Travis,262,President,,DEM,Hillary Clinton,537,282,255
Travis,263,President,,DEM,Hillary Clinton,314,125,189
Travis,266,President,,DEM,Hillary Clinton,92,55,37
Travis,267,President,,DEM,Hillary Clinton,169,98,71
Travis,268,President,,DEM,Hillary Clinton,103,39,64
Travis,273,President,,DEM,Hillary Clinton,622,283,339
Travis,274,President,,DEM,Hillary Clinton,332,124,208
Travis,275,President,,DEM,Hillary Clinton,488,195,293
Travis,277,President,,DEM,Hillary Clinton,282,153,129
Travis,301,President,,DEM,Hillary Clinton,144,57,87
Travis,302,President,,DEM,Hillary Clinton,356,206,150
Travis,303,President,,DEM,Hillary Clinton,302,159,143
Travis,304,President,,DEM,Hillary Clinton,520,247,273
Travis,305,President,,DEM,Hillary Clinton,3,2,1
Travis,306,President,,DEM,Hillary Clinton,213,120,93
Travis,307,President,,DEM,Hillary Clinton,221,104,117
Travis,308,President,,DEM,Hillary Clinton,346,161,185
Travis,309,President,,DEM,Hillary Clinton,285,173,112
Travis,310,President,,DEM,Hillary Clinton,481,236,245
Travis,311,President,,DEM,Hillary Clinton,337,204,133
Travis,312,President,,DEM,Hillary Clinton,162,86,76
Travis,313,President,,DEM,Hillary Clinton,42,18,24
Travis,314,President,,DEM,Hillary Clinton,373,192,181
Travis,315,President,,DEM,Hillary Clinton,516,243,273
Travis,316,President,,DEM,Hillary Clinton,166,65,101
Travis,317,President,,DEM,Hillary Clinton,333,172,161
Travis,318,President,,DEM,Hillary Clinton,71,28,43
Travis,319,President,,DEM,Hillary Clinton,147,76,71
Travis,320,President,,DEM,Hillary Clinton,135,97,38
Travis,321,President,,DEM,Hillary Clinton,125,66,59
Travis,323,President,,DEM,Hillary Clinton,214,106,108
Travis,324,President,,DEM,Hillary Clinton,300,157,143
Travis,325,President,,DEM,Hillary Clinton,9,4,5
Travis,326,President,,DEM,Hillary Clinton,251,100,151
Travis,327,President,,DEM,Hillary Clinton,435,202,233
Travis,328,President,,DEM,Hillary Clinton,444,204,240
Travis,329,President,,DEM,Hillary Clinton,316,165,151
Travis,330,President,,DEM,Hillary Clinton,305,132,173
Travis,331,President,,DEM,Hillary Clinton,376,124,252
Travis,332,President,,DEM,Hillary Clinton,555,200,355
Travis,333,President,,DEM,Hillary Clinton,303,88,215
Travis,334,President,,DEM,Hillary Clinton,255,101,154
Travis,335,President,,DEM,Hillary Clinton,301,138,163
Travis,336,President,,DEM,Hillary Clinton,253,98,155
Travis,337,President,,DEM,Hillary Clinton,502,190,312
Travis,338,President,,DEM,Hillary Clinton,549,222,327
Travis,339,President,,DEM,Hillary Clinton,222,104,118
Travis,340,President,,DEM,Hillary Clinton,384,166,218
Travis,341,President,,DEM,Hillary Clinton,8,1,7
Travis,342,President,,DEM,Hillary Clinton,792,362,430
Travis,343,President,,DEM,Hillary Clinton,106,41,65
Travis,344,President,,DEM,Hillary Clinton,271,127,144
Travis,345,President,,DEM,Hillary Clinton,0,0,0
Travis,346,President,,DEM,Hillary Clinton,183,114,69
Travis,347,President,,DEM,Hillary Clinton,346,184,162
Travis,349,President,,DEM,Hillary Clinton,525,245,280
Travis,350,President,,DEM,Hillary Clinton,477,240,237
Travis,351,President,,DEM,Hillary Clinton,175,86,89
Travis,352,President,,DEM,Hillary Clinton,402,234,168
Travis,354,President,,DEM,Hillary Clinton,596,354,242
Travis,356,President,,DEM,Hillary Clinton,164,83,81
Travis,357,President,,DEM,Hillary Clinton,94,39,55
Travis,358,President,,DEM,Hillary Clinton,549,275,274
Travis,359,President,,DEM,Hillary Clinton,312,149,163
Travis,360,President,,DEM,Hillary Clinton,478,224,254
Travis,361,President,,DEM,Hillary Clinton,120,64,56
Travis,362,President,,DEM,Hillary Clinton,428,229,199
Travis,363,President,,DEM,Hillary Clinton,208,116,92
Travis,364,President,,DEM,Hillary Clinton,501,302,199
Travis,365,President,,DEM,Hillary Clinton,185,78,107
Travis,366,President,,DEM,Hillary Clinton,636,302,334
Travis,367,President,,DEM,Hillary Clinton,667,298,369
Travis,368,President,,DEM,Hillary Clinton,18,9,9
Travis,369,President,,DEM,Hillary Clinton,115,38,77
Travis,370,President,,DEM,Hillary Clinton,70,16,54
Travis,371,President,,DEM,Hillary Clinton,138,57,81
Travis,372,President,,DEM,Hillary Clinton,97,35,62
Travis,373,President,,DEM,Hillary Clinton,261,113,148
Travis,374,President,,DEM,Hillary Clinton,312,116,196
Travis,375,President,,DEM,Hillary Clinton,67,35,32
Travis,401,President,,DEM,Hillary Clinton,232,103,129
Travis,402,President,,DEM,Hillary Clinton,324,139,185
Travis,403,President,,DEM,Hillary Clinton,131,44,87
Travis,404,President,,DEM,Hillary Clinton,260,98,162
Travis,405,President,,DEM,Hillary Clinton,62,30,32
Travis,406,President,,DEM,Hillary Clinton,332,218,114
Travis,407,President,,DEM,Hillary Clinton,181,87,94
Travis,408,President,,DEM,Hillary Clinton,328,141,187
Travis,409,President,,DEM,Hillary Clinton,259,122,137
Travis,410,President,,DEM,Hillary Clinton,298,144,154
Travis,411,President,,DEM,Hillary Clinton,190,78,112
Travis,412,President,,DEM,Hillary Clinton,11,9,2
Travis,413,President,,DEM,Hillary Clinton,77,36,41
Travis,414,President,,DEM,Hillary Clinton,343,157,186
Travis,415,President,,DEM,Hillary Clinton,142,52,90
Travis,416,President,,DEM,Hillary Clinton,15,7,8
Travis,417,President,,DEM,Hillary Clinton,161,87,74
Travis,418,President,,DEM,Hillary Clinton,0,0,0
Travis,419,President,,DEM,Hillary Clinton,61,39,22
Travis,420,President,,DEM,Hillary Clinton,287,127,160
Travis,421,President,,DEM,Hillary Clinton,452,176,276
Travis,422,President,,DEM,Hillary Clinton,363,163,200
Travis,423,President,,DEM,Hillary Clinton,419,188,231
Travis,424,President,,DEM,Hillary Clinton,352,150,202
Travis,425,President,,DEM,Hillary Clinton,93,49,44
Travis,426,President,,DEM,Hillary Clinton,376,167,209
Travis,427,President,,DEM,Hillary Clinton,274,141,133
Travis,428,President,,DEM,Hillary Clinton,189,102,87
Travis,429,President,,DEM,Hillary Clinton,370,165,205
Travis,430,President,,DEM,Hillary Clinton,116,47,69
Travis,431,President,,DEM,Hillary Clinton,432,193,239
Travis,432,President,,DEM,Hillary Clinton,1,1,0
Travis,433,President,,DEM,Hillary Clinton,297,140,157
Travis,434,President,,DEM,Hillary Clinton,1,1,0
Travis,435,President,,DEM,Hillary Clinton,586,258,328
Travis,436,President,,DEM,Hillary Clinton,43,16,27
Travis,437,President,,DEM,Hillary Clinton,366,152,214
Travis,438,President,,DEM,Hillary Clinton,214,95,119
Travis,439,President,,DEM,Hillary Clinton,359,163,196
Travis,440,President,,DEM,Hillary Clinton,116,57,59
Travis,441,President,,DEM,Hillary Clinton,418,224,194
Travis,442,President,,DEM,Hillary Clinton,123,51,72
Travis,443,President,,DEM,Hillary Clinton,334,155,179
Travis,444,President,,DEM,Hillary Clinton,22,10,12
Travis,446,President,,DEM,Hillary Clinton,148,69,79
Travis,447,President,,DEM,Hillary Clinton,386,156,230
Travis,448,President,,DEM,Hillary Clinton,245,96,149
Travis,450,President,,DEM,Hillary Clinton,443,198,245
Travis,451,President,,DEM,Hillary Clinton,344,151,193
Travis,452,President,,DEM,Hillary Clinton,222,102,120
Travis,454,President,,DEM,Hillary Clinton,298,162,136
Travis,458,President,,DEM,Hillary Clinton,378,196,182
Travis,460,President,,DEM,Hillary Clinton,450,241,209
Travis,461,President,,DEM,Hillary Clinton,426,226,200
Travis,463,President,,DEM,Hillary Clinton,379,158,221
Travis,149,State Representative,49,DEM,Huey Rey Fischer,47,27,20
Travis,200,State Representative,49,DEM,Huey Rey Fischer,241,143,98
Travis,202,State Representative,49,DEM,Huey Rey Fischer,160,79,81
Travis,206,State Representative,49,DEM,Huey Rey Fischer,56,29,27
Travis,208,State Representative,49,DEM,Huey Rey Fischer,856,383,473
Travis,209,State Representative,49,DEM,Huey Rey Fischer,10,6,4
Travis,214,State Representative,49,DEM,Huey Rey Fischer,29,17,12
Travis,218,State Representative,49,DEM,Huey Rey Fischer,63,34,29
Travis,222,State Representative,49,DEM,Huey Rey Fischer,43,17,26
Travis,228,State Representative,49,DEM,Huey Rey Fischer,30,18,12
Travis,235,State Representative,49,DEM,Huey Rey Fischer,89,34,55
Travis,236,State Representative,49,DEM,Huey Rey Fischer,104,47,57
Travis,239,State Representative,49,DEM,Huey Rey Fischer,45,26,19
Travis,240,State Representative,49,DEM,Huey Rey Fischer,27,11,16
Travis,241,State Representative,49,DEM,Huey Rey Fischer,58,28,30
Travis,242,State Representative,49,DEM,Huey Rey Fischer,158,69,89
Travis,243,State Representative,49,DEM,Huey Rey Fischer,45,18,27
Travis,248,State Representative,49,DEM,Huey Rey Fischer,75,29,46
Travis,250,State Representative,49,DEM,Huey Rey Fischer,108,56,52
Travis,252,State Representative,49,DEM,Huey Rey Fischer,76,34,42
Travis,258,State Representative,49,DEM,Huey Rey Fischer,44,22,22
Travis,260,State Representative,49,DEM,Huey Rey Fischer,11,3,8
Travis,267,State Representative,49,DEM,Huey Rey Fischer,15,12,3
Travis,268,State Representative,49,DEM,Huey Rey Fischer,33,11,22
Travis,273,State Representative,49,DEM,Huey Rey Fischer,77,33,44
Travis,274,State Representative,49,DEM,Huey Rey Fischer,173,84,89
Travis,275,State Representative,49,DEM,Huey Rey Fischer,144,72,72
Travis,277,State Representative,49,DEM,Huey Rey Fischer,494,253,241
Travis,305,State Representative,49,DEM,Huey Rey Fischer,0,0,0
Travis,311,State Representative,49,DEM,Huey Rey Fischer,362,184,178
Travis,313,State Representative,49,DEM,Huey Rey Fischer,29,15,14
Travis,323,State Representative,49,DEM,Huey Rey Fischer,27,14,13
Travis,325,State Representative,49,DEM,Huey Rey Fischer,1,1,0
Travis,329,State Representative,49,DEM,Huey Rey Fischer,47,22,25
Travis,332,State Representative,49,DEM,Huey Rey Fischer,57,22,35
Travis,340,State Representative,49,DEM,Huey Rey Fischer,47,22,25
Travis,342,State Representative,49,DEM,Huey Rey Fischer,109,50,59
Travis,345,State Representative,49,DEM,Huey Rey Fischer,0,0,0
Travis,409,State Representative,49,DEM,Huey Rey Fischer,54,20,34
Travis,425,State Representative,49,DEM,Huey Rey Fischer,21,12,9
Travis,430,State Representative,49,DEM,Huey Rey Fischer,23,14,9
Travis,446,State Representative,49,DEM,Huey Rey Fischer,42,15,27
Travis,454,State Representative,49,DEM,Huey Rey Fischer,40,15,25
Travis,460,State Representative,49,DEM,Huey Rey Fischer,70,38,32
Travis,461,State Representative,49,DEM,Huey Rey Fischer,82,40,42
Travis,101,"Precinct No. 1, County Commissioner",,DEM,James Nortey,95,36,59
Travis,102,"Precinct No. 1, County Commissioner",,DEM,James Nortey,24,11,13
Travis,103,"Precinct No. 1, County Commissioner",,DEM,James Nortey,44,22,22
Travis,104,"Precinct No. 1, County Commissioner",,DEM,James Nortey,34,16,18
Travis,105,"Precinct No. 1, County Commissioner",,DEM,James Nortey,138,66,72
Travis,106,"Precinct No. 1, County Commissioner",,DEM,James Nortey,39,23,16
Travis,107,"Precinct No. 1, County Commissioner",,DEM,James Nortey,5,4,1
Travis,108,"Precinct No. 1, County Commissioner",,DEM,James Nortey,44,12,32
Travis,109,"Precinct No. 1, County Commissioner",,DEM,James Nortey,58,18,40
Travis,110,"Precinct No. 1, County Commissioner",,DEM,James Nortey,118,54,64
Travis,111,"Precinct No. 1, County Commissioner",,DEM,James Nortey,100,39,61
Travis,112,"Precinct No. 1, County Commissioner",,DEM,James Nortey,32,11,21
Travis,113,"Precinct No. 1, County Commissioner",,DEM,James Nortey,124,49,75
Travis,114,"Precinct No. 1, County Commissioner",,DEM,James Nortey,9,5,4
Travis,115,"Precinct No. 1, County Commissioner",,DEM,James Nortey,0,0,0
Travis,116,"Precinct No. 1, County Commissioner",,DEM,James Nortey,0,0,0
Travis,117,"Precinct No. 1, County Commissioner",,DEM,James Nortey,82,43,39
Travis,118,"Precinct No. 1, County Commissioner",,DEM,James Nortey,17,9,8
Travis,119,"Precinct No. 1, County Commissioner",,DEM,James Nortey,0,0,0
Travis,120,"Precinct No. 1, County Commissioner",,DEM,James Nortey,5,4,1
Travis,121,"Precinct No. 1, County Commissioner",,DEM,James Nortey,23,12,11
Travis,122,"Precinct No. 1, County Commissioner",,DEM,James Nortey,112,56,56
Travis,123,"Precinct No. 1, County Commissioner",,DEM,James Nortey,69,24,45
Travis,124,"Precinct No. 1, County Commissioner",,DEM,James Nortey,228,112,116
Travis,125,"Precinct No. 1, County Commissioner",,DEM,James Nortey,0,0,0
Travis,126,"Precinct No. 1, County Commissioner",,DEM,James Nortey,249,119,130
Travis,127,"Precinct No. 1, County Commissioner",,DEM,James Nortey,0,0,0
Travis,128,"Precinct No. 1, County Commissioner",,DEM,James Nortey,0,0,0
Travis,129,"Precinct No. 1, County Commissioner",,DEM,James Nortey,82,47,35
Travis,130,"Precinct No. 1, County Commissioner",,DEM,James Nortey,86,41,45
Travis,131,"Precinct No. 1, County Commissioner",,DEM,James Nortey,0,0,0
Travis,132,"Precinct No. 1, County Commissioner",,DEM,James Nortey,125,45,80
Travis,133,"Precinct No. 1, County Commissioner",,DEM,James Nortey,143,54,89
Travis,134,"Precinct No. 1, County Commissioner",,DEM,James Nortey,0,0,0
Travis,135,"Precinct No. 1, County Commissioner",,DEM,James Nortey,695,361,334
Travis,136,"Precinct No. 1, County Commissioner",,DEM,James Nortey,59,28,31
Travis,137,"Precinct No. 1, County Commissioner",,DEM,James Nortey,117,52,65
Travis,138,"Precinct No. 1, County Commissioner",,DEM,James Nortey,0,0,0
Travis,139,"Precinct No. 1, County Commissioner",,DEM,James Nortey,96,47,49
Travis,140,"Precinct No. 1, County Commissioner",,DEM,James Nortey,38,10,28
Travis,141,"Precinct No. 1, County Commissioner",,DEM,James Nortey,11,4,7
Travis,142,"Precinct No. 1, County Commissioner",,DEM,James Nortey,27,12,15
Travis,145,"Precinct No. 1, County Commissioner",,DEM,James Nortey,44,15,29
Travis,146,"Precinct No. 1, County Commissioner",,DEM,James Nortey,67,39,28
Travis,148,"Precinct No. 1, County Commissioner",,DEM,James Nortey,76,31,45
Travis,149,"Precinct No. 1, County Commissioner",,DEM,James Nortey,59,23,36
Travis,150,"Precinct No. 1, County Commissioner",,DEM,James Nortey,31,14,17
Travis,151,"Precinct No. 1, County Commissioner",,DEM,James Nortey,106,48,58
Travis,152,"Precinct No. 1, County Commissioner",,DEM,James Nortey,300,126,174
Travis,153,"Precinct No. 1, County Commissioner",,DEM,James Nortey,116,48,68
Travis,154,"Precinct No. 1, County Commissioner",,DEM,James Nortey,73,28,45
Travis,156,"Precinct No. 1, County Commissioner",,DEM,James Nortey,181,86,95
Travis,160,"Precinct No. 1, County Commissioner",,DEM,James Nortey,26,11,15
Travis,161,"Precinct No. 1, County Commissioner",,DEM,James Nortey,29,16,13
Travis,163,"Precinct No. 1, County Commissioner",,DEM,James Nortey,3,0,3
Travis,164,"Precinct No. 1, County Commissioner",,DEM,James Nortey,42,16,26
Travis,101,"District Judge, 345th Judicial District",,DEM,Jan Soifer,349,132,217
Travis,102,"District Judge, 345th Judicial District",,DEM,Jan Soifer,75,27,48
Travis,103,"District Judge, 345th Judicial District",,DEM,Jan Soifer,153,66,87
Travis,104,"District Judge, 345th Judicial District",,DEM,Jan Soifer,128,58,70
Travis,105,"District Judge, 345th Judicial District",,DEM,Jan Soifer,415,192,223
Travis,106,"District Judge, 345th Judicial District",,DEM,Jan Soifer,163,73,90
Travis,107,"District Judge, 345th Judicial District",,DEM,Jan Soifer,19,8,11
Travis,108,"District Judge, 345th Judicial District",,DEM,Jan Soifer,155,47,108
Travis,109,"District Judge, 345th Judicial District",,DEM,Jan Soifer,177,70,107
Travis,110,"District Judge, 345th Judicial District",,DEM,Jan Soifer,262,111,151
Travis,111,"District Judge, 345th Judicial District",,DEM,Jan Soifer,306,133,173
Travis,112,"District Judge, 345th Judicial District",,DEM,Jan Soifer,82,37,45
Travis,113,"District Judge, 345th Judicial District",,DEM,Jan Soifer,333,136,197
Travis,114,"District Judge, 345th Judicial District",,DEM,Jan Soifer,30,15,15
Travis,115,"District Judge, 345th Judicial District",,DEM,Jan Soifer,1,0,1
Travis,116,"District Judge, 345th Judicial District",,DEM,Jan Soifer,1,0,1
Travis,117,"District Judge, 345th Judicial District",,DEM,Jan Soifer,208,106,102
Travis,118,"District Judge, 345th Judicial District",,DEM,Jan Soifer,39,17,22
Travis,119,"District Judge, 345th Judicial District",,DEM,Jan Soifer,0,0,0
Travis,120,"District Judge, 345th Judicial District",,DEM,Jan Soifer,16,11,5
Travis,121,"District Judge, 345th Judicial District",,DEM,Jan Soifer,74,43,31
Travis,122,"District Judge, 345th Judicial District",,DEM,Jan Soifer,354,179,175
Travis,123,"District Judge, 345th Judicial District",,DEM,Jan Soifer,215,80,135
Travis,124,"District Judge, 345th Judicial District",,DEM,Jan Soifer,670,337,333
Travis,125,"District Judge, 345th Judicial District",,DEM,Jan Soifer,0,0,0
Travis,126,"District Judge, 345th Judicial District",,DEM,Jan Soifer,727,337,390
Travis,127,"District Judge, 345th Judicial District",,DEM,Jan Soifer,0,0,0
Travis,128,"District Judge, 345th Judicial District",,DEM,Jan Soifer,0,0,0
Travis,129,"District Judge, 345th Judicial District",,DEM,Jan Soifer,325,168,157
Travis,130,"District Judge, 345th Judicial District",,DEM,Jan Soifer,317,133,184
Travis,131,"District Judge, 345th Judicial District",,DEM,Jan Soifer,0,0,0
Travis,132,"District Judge, 345th Judicial District",,DEM,Jan Soifer,352,159,193
Travis,133,"District Judge, 345th Judicial District",,DEM,Jan Soifer,405,161,244
Travis,134,"District Judge, 345th Judicial District",,DEM,Jan Soifer,0,0,0
Travis,135,"District Judge, 345th Judicial District",,DEM,Jan Soifer,1068,492,576
Travis,136,"District Judge, 345th Judicial District",,DEM,Jan Soifer,205,106,99
Travis,137,"District Judge, 345th Judicial District",,DEM,Jan Soifer,400,184,216
Travis,138,"District Judge, 345th Judicial District",,DEM,Jan Soifer,0,0,0
Travis,139,"District Judge, 345th Judicial District",,DEM,Jan Soifer,291,130,161
Travis,140,"District Judge, 345th Judicial District",,DEM,Jan Soifer,153,72,81
Travis,141,"District Judge, 345th Judicial District",,DEM,Jan Soifer,24,12,12
Travis,142,"District Judge, 345th Judicial District",,DEM,Jan Soifer,127,59,68
Travis,145,"District Judge, 345th Judicial District",,DEM,Jan Soifer,165,64,101
Travis,146,"District Judge, 345th Judicial District",,DEM,Jan Soifer,201,110,91
Travis,148,"District Judge, 345th Judicial District",,DEM,Jan Soifer,200,95,105
Travis,149,"District Judge, 345th Judicial District",,DEM,Jan Soifer,282,132,150
Travis,150,"District Judge, 345th Judicial District",,DEM,Jan Soifer,132,59,73
Travis,151,"District Judge, 345th Judicial District",,DEM,Jan Soifer,349,162,187
Travis,152,"District Judge, 345th Judicial District",,DEM,Jan Soifer,855,375,480
Travis,153,"District Judge, 345th Judicial District",,DEM,Jan Soifer,391,159,232
Travis,154,"District Judge, 345th Judicial District",,DEM,Jan Soifer,215,67,148
Travis,156,"District Judge, 345th Judicial District",,DEM,Jan Soifer,617,315,302
Travis,160,"District Judge, 345th Judicial District",,DEM,Jan Soifer,112,49,63
Travis,161,"District Judge, 345th Judicial District",,DEM,Jan Soifer,67,29,38
Travis,163,"District Judge, 345th Judicial District",,DEM,Jan Soifer,13,5,8
Travis,164,"District Judge, 345th Judicial District",,DEM,Jan Soifer,123,50,73
Travis,200,"District Judge, 345th Judicial District",,DEM,Jan Soifer,780,378,402
Travis,202,"District Judge, 345th Judicial District",,DEM,Jan Soifer,559,258,301
Travis,203,"District Judge, 345th Judicial District",,DEM,Jan Soifer,42,15,27
Travis,205,"District Judge, 345th Judicial District",,DEM,Jan Soifer,192,87,105
Travis,206,"District Judge, 345th Judicial District",,DEM,Jan Soifer,152,73,79
Travis,207,"District Judge, 345th Judicial District",,DEM,Jan Soifer,386,182,204
Travis,208,"District Judge, 345th Judicial District",,DEM,Jan Soifer,674,298,376
Travis,209,"District Judge, 345th Judicial District",,DEM,Jan Soifer,73,39,34
Travis,210,"District Judge, 345th Judicial District",,DEM,Jan Soifer,262,150,112
Travis,211,"District Judge, 345th Judicial District",,DEM,Jan Soifer,190,82,108
Travis,212,"District Judge, 345th Judicial District",,DEM,Jan Soifer,261,149,112
Travis,213,"District Judge, 345th Judicial District",,DEM,Jan Soifer,0,0,0
Travis,214,"District Judge, 345th Judicial District",,DEM,Jan Soifer,405,188,217
Travis,215,"District Judge, 345th Judicial District",,DEM,Jan Soifer,134,55,79
Travis,216,"District Judge, 345th Judicial District",,DEM,Jan Soifer,119,44,75
Travis,217,"District Judge, 345th Judicial District",,DEM,Jan Soifer,217,97,120
Travis,218,"District Judge, 345th Judicial District",,DEM,Jan Soifer,365,177,188
Travis,219,"District Judge, 345th Judicial District",,DEM,Jan Soifer,187,78,109
Travis,220,"District Judge, 345th Judicial District",,DEM,Jan Soifer,270,133,137
Travis,221,"District Judge, 345th Judicial District",,DEM,Jan Soifer,51,20,31
Travis,222,"District Judge, 345th Judicial District",,DEM,Jan Soifer,290,111,179
Travis,223,"District Judge, 345th Judicial District",,DEM,Jan Soifer,55,25,30
Travis,224,"District Judge, 345th Judicial District",,DEM,Jan Soifer,7,3,4
Travis,225,"District Judge, 345th Judicial District",,DEM,Jan Soifer,212,83,129
Travis,226,"District Judge, 345th Judicial District",,DEM,Jan Soifer,142,55,87
Travis,227,"District Judge, 345th Judicial District",,DEM,Jan Soifer,39,18,21
Travis,228,"District Judge, 345th Judicial District",,DEM,Jan Soifer,173,95,78
Travis,229,"District Judge, 345th Judicial District",,DEM,Jan Soifer,203,82,121
Travis,231,"District Judge, 345th Judicial District",,DEM,Jan Soifer,425,202,223
Travis,232,"District Judge, 345th Judicial District",,DEM,Jan Soifer,213,111,102
Travis,233,"District Judge, 345th Judicial District",,DEM,Jan Soifer,218,86,132
Travis,234,"District Judge, 345th Judicial District",,DEM,Jan Soifer,109,47,62
Travis,235,"District Judge, 345th Judicial District",,DEM,Jan Soifer,453,183,270
Travis,236,"District Judge, 345th Judicial District",,DEM,Jan Soifer,670,239,431
Travis,237,"District Judge, 345th Judicial District",,DEM,Jan Soifer,370,169,201
Travis,238,"District Judge, 345th Judicial District",,DEM,Jan Soifer,438,184,254
Travis,239,"District Judge, 345th Judicial District",,DEM,Jan Soifer,561,236,325
Travis,240,"District Judge, 345th Judicial District",,DEM,Jan Soifer,208,69,139
Travis,241,"District Judge, 345th Judicial District",,DEM,Jan Soifer,321,117,204
Travis,242,"District Judge, 345th Judicial District",,DEM,Jan Soifer,966,452,514
Travis,243,"District Judge, 345th Judicial District",,DEM,Jan Soifer,339,173,166
Travis,244,"District Judge, 345th Judicial District",,DEM,Jan Soifer,173,95,78
Travis,245,"District Judge, 345th Judicial District",,DEM,Jan Soifer,64,26,38
Travis,246,"District Judge, 345th Judicial District",,DEM,Jan Soifer,266,116,150
Travis,247,"District Judge, 345th Judicial District",,DEM,Jan Soifer,102,43,59
Travis,248,"District Judge, 345th Judicial District",,DEM,Jan Soifer,328,163,165
Travis,249,"District Judge, 345th Judicial District",,DEM,Jan Soifer,411,210,201
Travis,250,"District Judge, 345th Judicial District",,DEM,Jan Soifer,803,373,430
Travis,251,"District Judge, 345th Judicial District",,DEM,Jan Soifer,460,240,220
Travis,252,"District Judge, 345th Judicial District",,DEM,Jan Soifer,381,187,194
Travis,253,"District Judge, 345th Judicial District",,DEM,Jan Soifer,408,217,191
Travis,254,"District Judge, 345th Judicial District",,DEM,Jan Soifer,309,146,163
Travis,256,"District Judge, 345th Judicial District",,DEM,Jan Soifer,283,153,130
Travis,258,"District Judge, 345th Judicial District",,DEM,Jan Soifer,287,158,129
Travis,259,"District Judge, 345th Judicial District",,DEM,Jan Soifer,315,121,194
Travis,260,"District Judge, 345th Judicial District",,DEM,Jan Soifer,93,29,64
Travis,262,"District Judge, 345th Judicial District",,DEM,Jan Soifer,604,314,290
Travis,263,"District Judge, 345th Judicial District",,DEM,Jan Soifer,340,139,201
Travis,266,"District Judge, 345th Judicial District",,DEM,Jan Soifer,71,45,26
Travis,267,"District Judge, 345th Judicial District",,DEM,Jan Soifer,163,93,70
Travis,268,"District Judge, 345th Judicial District",,DEM,Jan Soifer,102,37,65
Travis,273,"District Judge, 345th Judicial District",,DEM,Jan Soifer,583,272,311
Travis,274,"District Judge, 345th Judicial District",,DEM,Jan Soifer,440,188,252
Travis,275,"District Judge, 345th Judicial District",,DEM,Jan Soifer,552,230,322
Travis,277,"District Judge, 345th Judicial District",,DEM,Jan Soifer,450,219,231
Travis,301,"District Judge, 345th Judicial District",,DEM,Jan Soifer,145,60,85
Travis,302,"District Judge, 345th Judicial District",,DEM,Jan Soifer,267,155,112
Travis,303,"District Judge, 345th Judicial District",,DEM,Jan Soifer,215,121,94
Travis,304,"District Judge, 345th Judicial District",,DEM,Jan Soifer,350,170,180
Travis,305,"District Judge, 345th Judicial District",,DEM,Jan Soifer,3,2,1
Travis,306,"District Judge, 345th Judicial District",,DEM,Jan Soifer,140,87,53
Travis,307,"District Judge, 345th Judicial District",,DEM,Jan Soifer,188,99,89
Travis,308,"District Judge, 345th Judicial District",,DEM,Jan Soifer,261,121,140
Travis,309,"District Judge, 345th Judicial District",,DEM,Jan Soifer,221,124,97
Travis,310,"District Judge, 345th Judicial District",,DEM,Jan Soifer,377,209,168
Travis,311,"District Judge, 345th Judicial District",,DEM,Jan Soifer,518,292,226
Travis,312,"District Judge, 345th Judicial District",,DEM,Jan Soifer,132,76,56
Travis,313,"District Judge, 345th Judicial District",,DEM,Jan Soifer,57,20,37
Travis,314,"District Judge, 345th Judicial District",,DEM,Jan Soifer,235,135,100
Travis,315,"District Judge, 345th Judicial District",,DEM,Jan Soifer,312,156,156
Travis,316,"District Judge, 345th Judicial District",,DEM,Jan Soifer,112,52,60
Travis,317,"District Judge, 345th Judicial District",,DEM,Jan Soifer,265,135,130
Travis,318,"District Judge, 345th Judicial District",,DEM,Jan Soifer,34,18,16
Travis,319,"District Judge, 345th Judicial District",,DEM,Jan Soifer,90,47,43
Travis,320,"District Judge, 345th Judicial District",,DEM,Jan Soifer,84,56,28
Travis,321,"District Judge, 345th Judicial District",,DEM,Jan Soifer,90,49,41
Travis,323,"District Judge, 345th Judicial District",,DEM,Jan Soifer,218,110,108
Travis,324,"District Judge, 345th Judicial District",,DEM,Jan Soifer,166,90,76
Travis,325,"District Judge, 345th Judicial District",,DEM,Jan Soifer,11,5,6
Travis,326,"District Judge, 345th Judicial District",,DEM,Jan Soifer,187,85,102
Travis,327,"District Judge, 345th Judicial District",,DEM,Jan Soifer,333,162,171
Travis,328,"District Judge, 345th Judicial District",,DEM,Jan Soifer,360,184,176
Travis,329,"District Judge, 345th Judicial District",,DEM,Jan Soifer,243,136,107
Travis,330,"District Judge, 345th Judicial District",,DEM,Jan Soifer,214,99,115
Travis,331,"District Judge, 345th Judicial District",,DEM,Jan Soifer,330,125,205
Travis,332,"District Judge, 345th Judicial District",,DEM,Jan Soifer,604,228,376
Travis,333,"District Judge, 345th Judicial District",,DEM,Jan Soifer,203,71,132
Travis,334,"District Judge, 345th Judicial District",,DEM,Jan Soifer,186,81,105
Travis,335,"District Judge, 345th Judicial District",,DEM,Jan Soifer,184,91,93
Travis,336,"District Judge, 345th Judicial District",,DEM,Jan Soifer,191,88,103
Travis,337,"District Judge, 345th Judicial District",,DEM,Jan Soifer,374,154,220
Travis,338,"District Judge, 345th Judicial District",,DEM,Jan Soifer,449,199,250
Travis,339,"District Judge, 345th Judicial District",,DEM,Jan Soifer,201,107,94
Travis,340,"District Judge, 345th Judicial District",,DEM,Jan Soifer,312,143,169
Travis,341,"District Judge, 345th Judicial District",,DEM,Jan Soifer,4,0,4
Travis,342,"District Judge, 345th Judicial District",,DEM,Jan Soifer,841,392,449
Travis,343,"District Judge, 345th Judicial District",,DEM,Jan Soifer,106,45,61
Travis,344,"District Judge, 345th Judicial District",,DEM,Jan Soifer,267,126,141
Travis,345,"District Judge, 345th Judicial District",,DEM,Jan Soifer,0,0,0
Travis,346,"District Judge, 345th Judicial District",,DEM,Jan Soifer,97,56,41
Travis,347,"District Judge, 345th Judicial District",,DEM,Jan Soifer,276,153,123
Travis,349,"District Judge, 345th Judicial District",,DEM,Jan Soifer,481,236,245
Travis,350,"District Judge, 345th Judicial District",,DEM,Jan Soifer,419,220,199
Travis,351,"District Judge, 345th Judicial District",,DEM,Jan Soifer,142,69,73
Travis,352,"District Judge, 345th Judicial District",,DEM,Jan Soifer,418,241,177
Travis,354,"District Judge, 345th Judicial District",,DEM,Jan Soifer,501,314,187
Travis,356,"District Judge, 345th Judicial District",,DEM,Jan Soifer,156,83,73
Travis,357,"District Judge, 345th Judicial District",,DEM,Jan Soifer,71,33,38
Travis,358,"District Judge, 345th Judicial District",,DEM,Jan Soifer,518,270,248
Travis,359,"District Judge, 345th Judicial District",,DEM,Jan Soifer,210,93,117
Travis,360,"District Judge, 345th Judicial District",,DEM,Jan Soifer,339,166,173
Travis,361,"District Judge, 345th Judicial District",,DEM,Jan Soifer,104,50,54
Travis,362,"District Judge, 345th Judicial District",,DEM,Jan Soifer,350,191,159
Travis,363,"District Judge, 345th Judicial District",,DEM,Jan Soifer,161,85,76
Travis,364,"District Judge, 345th Judicial District",,DEM,Jan Soifer,441,279,162
Travis,365,"District Judge, 345th Judicial District",,DEM,Jan Soifer,145,67,78
Travis,366,"District Judge, 345th Judicial District",,DEM,Jan Soifer,490,248,242
Travis,367,"District Judge, 345th Judicial District",,DEM,Jan Soifer,403,224,179
Travis,368,"District Judge, 345th Judicial District",,DEM,Jan Soifer,5,3,2
Travis,369,"District Judge, 345th Judicial District",,DEM,Jan Soifer,78,28,50
Travis,370,"District Judge, 345th Judicial District",,DEM,Jan Soifer,69,11,58
Travis,371,"District Judge, 345th Judicial District",,DEM,Jan Soifer,97,41,56
Travis,372,"District Judge, 345th Judicial District",,DEM,Jan Soifer,78,31,47
Travis,373,"District Judge, 345th Judicial District",,DEM,Jan Soifer,171,74,97
Travis,374,"District Judge, 345th Judicial District",,DEM,Jan Soifer,202,88,114
Travis,375,"District Judge, 345th Judicial District",,DEM,Jan Soifer,51,17,34
Travis,401,"District Judge, 345th Judicial District",,DEM,Jan Soifer,128,65,63
Travis,402,"District Judge, 345th Judicial District",,DEM,Jan Soifer,147,61,86
Travis,403,"District Judge, 345th Judicial District",,DEM,Jan Soifer,74,35,39
Travis,404,"District Judge, 345th Judicial District",,DEM,Jan Soifer,168,66,102
Travis,405,"District Judge, 345th Judicial District",,DEM,Jan Soifer,45,23,22
Travis,406,"District Judge, 345th Judicial District",,DEM,Jan Soifer,230,145,85
Travis,407,"District Judge, 345th Judicial District",,DEM,Jan Soifer,140,65,75
Travis,408,"District Judge, 345th Judicial District",,DEM,Jan Soifer,242,106,136
Travis,409,"District Judge, 345th Judicial District",,DEM,Jan Soifer,286,119,167
Travis,410,"District Judge, 345th Judicial District",,DEM,Jan Soifer,288,152,136
Travis,411,"District Judge, 345th Judicial District",,DEM,Jan Soifer,111,50,61
Travis,412,"District Judge, 345th Judicial District",,DEM,Jan Soifer,10,5,5
Travis,413,"District Judge, 345th Judicial District",,DEM,Jan Soifer,61,23,38
Travis,414,"District Judge, 345th Judicial District",,DEM,Jan Soifer,248,113,135
Travis,415,"District Judge, 345th Judicial District",,DEM,Jan Soifer,121,49,72
Travis,416,"District Judge, 345th Judicial District",,DEM,Jan Soifer,8,4,4
Travis,417,"District Judge, 345th Judicial District",,DEM,Jan Soifer,123,71,52
Travis,418,"District Judge, 345th Judicial District",,DEM,Jan Soifer,0,0,0
Travis,419,"District Judge, 345th Judicial District",,DEM,Jan Soifer,49,29,20
Travis,420,"District Judge, 345th Judicial District",,DEM,Jan Soifer,309,138,171
Travis,421,"District Judge, 345th Judicial District",,DEM,Jan Soifer,423,185,238
Travis,422,"District Judge, 345th Judicial District",,DEM,Jan Soifer,398,186,212
Travis,423,"District Judge, 345th Judicial District",,DEM,Jan Soifer,268,124,144
Travis,424,"District Judge, 345th Judicial District",,DEM,Jan Soifer,366,161,205
Travis,425,"District Judge, 345th Judicial District",,DEM,Jan Soifer,103,43,60
Travis,426,"District Judge, 345th Judicial District",,DEM,Jan Soifer,339,162,177
Travis,427,"District Judge, 345th Judicial District",,DEM,Jan Soifer,251,129,122
Travis,428,"District Judge, 345th Judicial District",,DEM,Jan Soifer,132,71,61
Travis,429,"District Judge, 345th Judicial District",,DEM,Jan Soifer,540,243,297
Travis,430,"District Judge, 345th Judicial District",,DEM,Jan Soifer,163,72,91
Travis,431,"District Judge, 345th Judicial District",,DEM,Jan Soifer,547,233,314
Travis,432,"District Judge, 345th Judicial District",,DEM,Jan Soifer,0,0,0
Travis,433,"District Judge, 345th Judicial District",,DEM,Jan Soifer,335,169,166
Travis,434,"District Judge, 345th Judicial District",,DEM,Jan Soifer,2,1,1
Travis,435,"District Judge, 345th Judicial District",,DEM,Jan Soifer,545,270,275
Travis,436,"District Judge, 345th Judicial District",,DEM,Jan Soifer,33,12,21
Travis,437,"District Judge, 345th Judicial District",,DEM,Jan Soifer,397,167,230
Travis,438,"District Judge, 345th Judicial District",,DEM,Jan Soifer,191,94,97
Travis,439,"District Judge, 345th Judicial District",,DEM,Jan Soifer,382,187,195
Travis,440,"District Judge, 345th Judicial District",,DEM,Jan Soifer,110,54,56
Travis,441,"District Judge, 345th Judicial District",,DEM,Jan Soifer,429,206,223
Travis,442,"District Judge, 345th Judicial District",,DEM,Jan Soifer,158,67,91
Travis,443,"District Judge, 345th Judicial District",,DEM,Jan Soifer,217,104,113
Travis,444,"District Judge, 345th Judicial District",,DEM,Jan Soifer,8,2,6
Travis,446,"District Judge, 345th Judicial District",,DEM,Jan Soifer,135,62,73
Travis,447,"District Judge, 345th Judicial District",,DEM,Jan Soifer,385,175,210
Travis,448,"District Judge, 345th Judicial District",,DEM,Jan Soifer,170,80,90
Travis,450,"District Judge, 345th Judicial District",,DEM,Jan Soifer,282,131,151
Travis,451,"District Judge, 345th Judicial District",,DEM,Jan Soifer,319,140,179
Travis,452,"District Judge, 345th Judicial District",,DEM,Jan Soifer,145,72,73
Travis,454,"District Judge, 345th Judicial District",,DEM,Jan Soifer,310,166,144
Travis,458,"District Judge, 345th Judicial District",,DEM,Jan Soifer,377,211,166
Travis,460,"District Judge, 345th Judicial District",,DEM,Jan Soifer,498,257,241
Travis,461,"District Judge, 345th Judicial District",,DEM,Jan Soifer,504,243,261
Travis,463,"District Judge, 345th Judicial District",,DEM,Jan Soifer,325,148,177
Travis,101,"Precinct No. 1, Constable",,DEM,Janie Serna,328,108,220
Travis,102,"Precinct No. 1, Constable",,DEM,Janie Serna,89,30,59
Travis,103,"Precinct No. 1, Constable",,DEM,Janie Serna,104,35,69
Travis,105,"Precinct No. 1, Constable",,DEM,Janie Serna,425,174,251
Travis,106,"Precinct No. 1, Constable",,DEM,Janie Serna,161,69,92
Travis,107,"Precinct No. 1, Constable",,DEM,Janie Serna,7,4,3
Travis,108,"Precinct No. 1, Constable",,DEM,Janie Serna,131,36,95
Travis,112,"Precinct No. 1, Constable",,DEM,Janie Serna,92,26,66
Travis,113,"Precinct No. 1, Constable",,DEM,Janie Serna,384,115,269
Travis,114,"Precinct No. 1, Constable",,DEM,Janie Serna,10,2,8
Travis,116,"Precinct No. 1, Constable",,DEM,Janie Serna,0,0,0
Travis,117,"Precinct No. 1, Constable",,DEM,Janie Serna,137,51,86
Travis,118,"Precinct No. 1, Constable",,DEM,Janie Serna,31,16,15
Travis,119,"Precinct No. 1, Constable",,DEM,Janie Serna,0,0,0
Travis,120,"Precinct No. 1, Constable",,DEM,Janie Serna,12,8,4
Travis,121,"Precinct No. 1, Constable",,DEM,Janie Serna,56,21,35
Travis,122,"Precinct No. 1, Constable",,DEM,Janie Serna,164,68,96
Travis,124,"Precinct No. 1, Constable",,DEM,Janie Serna,422,197,225
Travis,125,"Precinct No. 1, Constable",,DEM,Janie Serna,0,0,0
Travis,126,"Precinct No. 1, Constable",,DEM,Janie Serna,435,171,264
Travis,127,"Precinct No. 1, Constable",,DEM,Janie Serna,0,0,0
Travis,128,"Precinct No. 1, Constable",,DEM,Janie Serna,0,0,0
Travis,129,"Precinct No. 1, Constable",,DEM,Janie Serna,176,82,94
Travis,130,"Precinct No. 1, Constable",,DEM,Janie Serna,213,74,139
Travis,131,"Precinct No. 1, Constable",,DEM,Janie Serna,0,0,0
Travis,132,"Precinct No. 1, Constable",,DEM,Janie Serna,185,69,116
Travis,134,"Precinct No. 1, Constable",,DEM,Janie Serna,0,0,0
Travis,139,"Precinct No. 1, Constable",,DEM,Janie Serna,276,118,158
Travis,140,"Precinct No. 1, Constable",,DEM,Janie Serna,148,43,105
Travis,141,"Precinct No. 1, Constable",,DEM,Janie Serna,31,12,19
Travis,149,"Precinct No. 1, Constable",,DEM,Janie Serna,158,58,100
Travis,151,"Precinct No. 1, Constable",,DEM,Janie Serna,178,53,125
Travis,152,"Precinct No. 1, Constable",,DEM,Janie Serna,365,170,195
Travis,153,"Precinct No. 1, Constable",,DEM,Janie Serna,342,105,237
Travis,154,"Precinct No. 1, Constable",,DEM,Janie Serna,212,62,150
Travis,156,"Precinct No. 1, Constable",,DEM,Janie Serna,468,183,285
Travis,164,"Precinct No. 1, Constable",,DEM,Janie Serna,134,49,85
Travis,226,"Precinct No. 1, Constable",,DEM,Janie Serna,133,46,87
Travis,227,"Precinct No. 1, Constable",,DEM,Janie Serna,36,14,22
Travis,101,"Precinct No. 1, County Commissioner",,DEM,Jeff Travillion,197,87,110
Travis,102,"Precinct No. 1, County Commissioner",,DEM,Jeff Travillion,63,25,38
Travis,103,"Precinct No. 1, County Commissioner",,DEM,Jeff Travillion,128,54,74
Travis,104,"Precinct No. 1, County Commissioner",,DEM,Jeff Travillion,104,51,53
Travis,105,"Precinct No. 1, County Commissioner",,DEM,Jeff Travillion,268,123,145
Travis,106,"Precinct No. 1, County Commissioner",,DEM,Jeff Travillion,103,41,62
Travis,107,"Precinct No. 1, County Commissioner",,DEM,Jeff Travillion,18,7,11
Travis,108,"Precinct No. 1, County Commissioner",,DEM,Jeff Travillion,128,46,82
Travis,109,"Precinct No. 1, County Commissioner",,DEM,Jeff Travillion,135,56,79
Travis,110,"Precinct No. 1, County Commissioner",,DEM,Jeff Travillion,227,92,135
Travis,111,"Precinct No. 1, County Commissioner",,DEM,Jeff Travillion,235,99,136
Travis,112,"Precinct No. 1, County Commissioner",,DEM,Jeff Travillion,59,28,31
Travis,113,"Precinct No. 1, County Commissioner",,DEM,Jeff Travillion,290,130,160
Travis,114,"Precinct No. 1, County Commissioner",,DEM,Jeff Travillion,15,7,8
Travis,115,"Precinct No. 1, County Commissioner",,DEM,Jeff Travillion,1,0,1
Travis,116,"Precinct No. 1, County Commissioner",,DEM,Jeff Travillion,0,0,0
Travis,117,"Precinct No. 1, County Commissioner",,DEM,Jeff Travillion,154,69,85
Travis,118,"Precinct No. 1, County Commissioner",,DEM,Jeff Travillion,31,13,18
Travis,119,"Precinct No. 1, County Commissioner",,DEM,Jeff Travillion,0,0,0
Travis,120,"Precinct No. 1, County Commissioner",,DEM,Jeff Travillion,12,9,3
Travis,121,"Precinct No. 1, County Commissioner",,DEM,Jeff Travillion,52,30,22
Travis,122,"Precinct No. 1, County Commissioner",,DEM,Jeff Travillion,302,173,129
Travis,123,"Precinct No. 1, County Commissioner",,DEM,Jeff Travillion,186,82,104
Travis,124,"Precinct No. 1, County Commissioner",,DEM,Jeff Travillion,506,265,241
Travis,125,"Precinct No. 1, County Commissioner",,DEM,Jeff Travillion,0,0,0
Travis,126,"Precinct No. 1, County Commissioner",,DEM,Jeff Travillion,566,255,311
Travis,127,"Precinct No. 1, County Commissioner",,DEM,Jeff Travillion,0,0,0
Travis,128,"Precinct No. 1, County Commissioner",,DEM,Jeff Travillion,0,0,0
Travis,129,"Precinct No. 1, County Commissioner",,DEM,Jeff Travillion,261,132,129
Travis,130,"Precinct No. 1, County Commissioner",,DEM,Jeff Travillion,321,121,200
Travis,131,"Precinct No. 1, County Commissioner",,DEM,Jeff Travillion,0,0,0
Travis,132,"Precinct No. 1, County Commissioner",,DEM,Jeff Travillion,290,152,138
Travis,133,"Precinct No. 1, County Commissioner",,DEM,Jeff Travillion,338,132,206
Travis,134,"Precinct No. 1, County Commissioner",,DEM,Jeff Travillion,0,0,0
Travis,135,"Precinct No. 1, County Commissioner",,DEM,Jeff Travillion,764,290,474
Travis,136,"Precinct No. 1, County Commissioner",,DEM,Jeff Travillion,184,102,82
Travis,137,"Precinct No. 1, County Commissioner",,DEM,Jeff Travillion,355,154,201
Travis,138,"Precinct No. 1, County Commissioner",,DEM,Jeff Travillion,0,0,0
Travis,139,"Precinct No. 1, County Commissioner",,DEM,Jeff Travillion,222,97,125
Travis,140,"Precinct No. 1, County Commissioner",,DEM,Jeff Travillion,161,79,82
Travis,141,"Precinct No. 1, County Commissioner",,DEM,Jeff Travillion,18,7,11
Travis,142,"Precinct No. 1, County Commissioner",,DEM,Jeff Travillion,90,43,47
Travis,145,"Precinct No. 1, County Commissioner",,DEM,Jeff Travillion,153,65,88
Travis,146,"Precinct No. 1, County Commissioner",,DEM,Jeff Travillion,174,97,77
Travis,148,"Precinct No. 1, County Commissioner",,DEM,Jeff Travillion,199,94,105
Travis,149,"Precinct No. 1, County Commissioner",,DEM,Jeff Travillion,213,102,111
Travis,150,"Precinct No. 1, County Commissioner",,DEM,Jeff Travillion,121,55,66
Travis,151,"Precinct No. 1, County Commissioner",,DEM,Jeff Travillion,340,151,189
Travis,152,"Precinct No. 1, County Commissioner",,DEM,Jeff Travillion,686,296,390
Travis,153,"Precinct No. 1, County Commissioner",,DEM,Jeff Travillion,333,135,198
Travis,154,"Precinct No. 1, County Commissioner",,DEM,Jeff Travillion,174,49,125
Travis,156,"Precinct No. 1, County Commissioner",,DEM,Jeff Travillion,481,234,247
Travis,160,"Precinct No. 1, County Commissioner",,DEM,Jeff Travillion,97,40,57
Travis,161,"Precinct No. 1, County Commissioner",,DEM,Jeff Travillion,80,30,50
Travis,163,"Precinct No. 1, County Commissioner",,DEM,Jeff Travillion,9,5,4
Travis,164,"Precinct No. 1, County Commissioner",,DEM,Jeff Travillion,105,42,63
Travis,101,"District Judge, 427th Judicial District",,DEM,Jim Coronado,384,150,234
Travis,102,"District Judge, 427th Judicial District",,DEM,Jim Coronado,69,24,45
Travis,103,"District Judge, 427th Judicial District",,DEM,Jim Coronado,118,47,71
Travis,104,"District Judge, 427th Judicial District",,DEM,Jim Coronado,102,60,42
Travis,105,"District Judge, 427th Judicial District",,DEM,Jim Coronado,406,172,234
Travis,106,"District Judge, 427th Judicial District",,DEM,Jim Coronado,144,66,78
Travis,107,"District Judge, 427th Judicial District",,DEM,Jim Coronado,13,7,6
Travis,108,"District Judge, 427th Judicial District",,DEM,Jim Coronado,149,47,102
Travis,109,"District Judge, 427th Judicial District",,DEM,Jim Coronado,161,56,105
Travis,110,"District Judge, 427th Judicial District",,DEM,Jim Coronado,309,114,195
Travis,111,"District Judge, 427th Judicial District",,DEM,Jim Coronado,271,114,157
Travis,112,"District Judge, 427th Judicial District",,DEM,Jim Coronado,76,31,45
Travis,113,"District Judge, 427th Judicial District",,DEM,Jim Coronado,337,122,215
Travis,114,"District Judge, 427th Judicial District",,DEM,Jim Coronado,25,11,14
Travis,115,"District Judge, 427th Judicial District",,DEM,Jim Coronado,0,0,0
Travis,116,"District Judge, 427th Judicial District",,DEM,Jim Coronado,1,0,1
Travis,117,"District Judge, 427th Judicial District",,DEM,Jim Coronado,185,83,102
Travis,118,"District Judge, 427th Judicial District",,DEM,Jim Coronado,40,14,26
Travis,119,"District Judge, 427th Judicial District",,DEM,Jim Coronado,0,0,0
Travis,120,"District Judge, 427th Judicial District",,DEM,Jim Coronado,15,10,5
Travis,121,"District Judge, 427th Judicial District",,DEM,Jim Coronado,57,33,24
Travis,122,"District Judge, 427th Judicial District",,DEM,Jim Coronado,314,169,145
Travis,123,"District Judge, 427th Judicial District",,DEM,Jim Coronado,213,75,138
Travis,124,"District Judge, 427th Judicial District",,DEM,Jim Coronado,389,187,202
Travis,125,"District Judge, 427th Judicial District",,DEM,Jim Coronado,0,0,0
Travis,126,"District Judge, 427th Judicial District",,DEM,Jim Coronado,411,189,222
Travis,127,"District Judge, 427th Judicial District",,DEM,Jim Coronado,0,0,0
Travis,128,"District Judge, 427th Judicial District",,DEM,Jim Coronado,0,0,0
Travis,129,"District Judge, 427th Judicial District",,DEM,Jim Coronado,215,106,109
Travis,130,"District Judge, 427th Judicial District",,DEM,Jim Coronado,204,71,133
Travis,131,"District Judge, 427th Judicial District",,DEM,Jim Coronado,0,0,0
Travis,132,"District Judge, 427th Judicial District",,DEM,Jim Coronado,255,135,120
Travis,133,"District Judge, 427th Judicial District",,DEM,Jim Coronado,238,95,143
Travis,134,"District Judge, 427th Judicial District",,DEM,Jim Coronado,0,0,0
Travis,135,"District Judge, 427th Judicial District",,DEM,Jim Coronado,611,279,332
Travis,136,"District Judge, 427th Judicial District",,DEM,Jim Coronado,176,73,103
Travis,137,"District Judge, 427th Judicial District",,DEM,Jim Coronado,415,171,244
Travis,138,"District Judge, 427th Judicial District",,DEM,Jim Coronado,0,0,0
Travis,139,"District Judge, 427th Judicial District",,DEM,Jim Coronado,234,103,131
Travis,140,"District Judge, 427th Judicial District",,DEM,Jim Coronado,154,71,83
Travis,141,"District Judge, 427th Judicial District",,DEM,Jim Coronado,27,10,17
Travis,142,"District Judge, 427th Judicial District",,DEM,Jim Coronado,76,28,48
Travis,145,"District Judge, 427th Judicial District",,DEM,Jim Coronado,158,60,98
Travis,146,"District Judge, 427th Judicial District",,DEM,Jim Coronado,190,105,85
Travis,148,"District Judge, 427th Judicial District",,DEM,Jim Coronado,228,95,133
Travis,149,"District Judge, 427th Judicial District",,DEM,Jim Coronado,133,49,84
Travis,150,"District Judge, 427th Judicial District",,DEM,Jim Coronado,107,45,62
Travis,151,"District Judge, 427th Judicial District",,DEM,Jim Coronado,235,102,133
Travis,152,"District Judge, 427th Judicial District",,DEM,Jim Coronado,408,195,213
Travis,153,"District Judge, 427th Judicial District",,DEM,Jim Coronado,319,134,185
Travis,154,"District Judge, 427th Judicial District",,DEM,Jim Coronado,193,56,137
Travis,156,"District Judge, 427th Judicial District",,DEM,Jim Coronado,418,193,225
Travis,160,"District Judge, 427th Judicial District",,DEM,Jim Coronado,122,40,82
Travis,161,"District Judge, 427th Judicial District",,DEM,Jim Coronado,83,38,45
Travis,163,"District Judge, 427th Judicial District",,DEM,Jim Coronado,15,4,11
Travis,164,"District Judge, 427th Judicial District",,DEM,Jim Coronado,121,44,77
Travis,200,"District Judge, 427th Judicial District",,DEM,Jim Coronado,388,159,229
Travis,202,"District Judge, 427th Judicial District",,DEM,Jim Coronado,291,135,156
Travis,203,"District Judge, 427th Judicial District",,DEM,Jim Coronado,51,14,37
Travis,205,"District Judge, 427th Judicial District",,DEM,Jim Coronado,154,65,89
Travis,206,"District Judge, 427th Judicial District",,DEM,Jim Coronado,108,51,57
Travis,207,"District Judge, 427th Judicial District",,DEM,Jim Coronado,270,108,162
Travis,208,"District Judge, 427th Judicial District",,DEM,Jim Coronado,609,246,363
Travis,209,"District Judge, 427th Judicial District",,DEM,Jim Coronado,73,38,35
Travis,210,"District Judge, 427th Judicial District",,DEM,Jim Coronado,154,83,71
Travis,211,"District Judge, 427th Judicial District",,DEM,Jim Coronado,139,57,82
Travis,212,"District Judge, 427th Judicial District",,DEM,Jim Coronado,170,102,68
Travis,213,"District Judge, 427th Judicial District",,DEM,Jim Coronado,0,0,0
Travis,214,"District Judge, 427th Judicial District",,DEM,Jim Coronado,244,112,132
Travis,215,"District Judge, 427th Judicial District",,DEM,Jim Coronado,130,47,83
Travis,216,"District Judge, 427th Judicial District",,DEM,Jim Coronado,112,33,79
Travis,217,"District Judge, 427th Judicial District",,DEM,Jim Coronado,147,56,91
Travis,218,"District Judge, 427th Judicial District",,DEM,Jim Coronado,266,116,150
Travis,219,"District Judge, 427th Judicial District",,DEM,Jim Coronado,182,66,116
Travis,220,"District Judge, 427th Judicial District",,DEM,Jim Coronado,184,96,88
Travis,221,"District Judge, 427th Judicial District",,DEM,Jim Coronado,31,18,13
Travis,222,"District Judge, 427th Judicial District",,DEM,Jim Coronado,210,81,129
Travis,223,"District Judge, 427th Judicial District",,DEM,Jim Coronado,44,16,28
Travis,224,"District Judge, 427th Judicial District",,DEM,Jim Coronado,10,6,4
Travis,225,"District Judge, 427th Judicial District",,DEM,Jim Coronado,198,69,129
Travis,226,"District Judge, 427th Judicial District",,DEM,Jim Coronado,138,41,97
Travis,227,"District Judge, 427th Judicial District",,DEM,Jim Coronado,42,19,23
Travis,228,"District Judge, 427th Judicial District",,DEM,Jim Coronado,124,72,52
Travis,229,"District Judge, 427th Judicial District",,DEM,Jim Coronado,169,72,97
Travis,231,"District Judge, 427th Judicial District",,DEM,Jim Coronado,238,114,124
Travis,232,"District Judge, 427th Judicial District",,DEM,Jim Coronado,181,86,95
Travis,233,"District Judge, 427th Judicial District",,DEM,Jim Coronado,122,48,74
Travis,234,"District Judge, 427th Judicial District",,DEM,Jim Coronado,86,42,44
Travis,235,"District Judge, 427th Judicial District",,DEM,Jim Coronado,235,91,144
Travis,236,"District Judge, 427th Judicial District",,DEM,Jim Coronado,343,135,208
Travis,237,"District Judge, 427th Judicial District",,DEM,Jim Coronado,224,100,124
Travis,238,"District Judge, 427th Judicial District",,DEM,Jim Coronado,265,114,151
Travis,239,"District Judge, 427th Judicial District",,DEM,Jim Coronado,275,123,152
Travis,240,"District Judge, 427th Judicial District",,DEM,Jim Coronado,119,32,87
Travis,241,"District Judge, 427th Judicial District",,DEM,Jim Coronado,168,58,110
Travis,242,"District Judge, 427th Judicial District",,DEM,Jim Coronado,511,243,268
Travis,243,"District Judge, 427th Judicial District",,DEM,Jim Coronado,174,78,96
Travis,244,"District Judge, 427th Judicial District",,DEM,Jim Coronado,132,64,68
Travis,245,"District Judge, 427th Judicial District",,DEM,Jim Coronado,54,19,35
Travis,246,"District Judge, 427th Judicial District",,DEM,Jim Coronado,179,81,98
Travis,247,"District Judge, 427th Judicial District",,DEM,Jim Coronado,68,30,38
Travis,248,"District Judge, 427th Judicial District",,DEM,Jim Coronado,213,104,109
Travis,249,"District Judge, 427th Judicial District",,DEM,Jim Coronado,260,125,135
Travis,250,"District Judge, 427th Judicial District",,DEM,Jim Coronado,442,204,238
Travis,251,"District Judge, 427th Judicial District",,DEM,Jim Coronado,251,130,121
Travis,252,"District Judge, 427th Judicial District",,DEM,Jim Coronado,235,115,120
Travis,253,"District Judge, 427th Judicial District",,DEM,Jim Coronado,248,132,116
Travis,254,"District Judge, 427th Judicial District",,DEM,Jim Coronado,212,103,109
Travis,256,"District Judge, 427th Judicial District",,DEM,Jim Coronado,154,95,59
Travis,258,"District Judge, 427th Judicial District",,DEM,Jim Coronado,201,94,107
Travis,259,"District Judge, 427th Judicial District",,DEM,Jim Coronado,222,92,130
Travis,260,"District Judge, 427th Judicial District",,DEM,Jim Coronado,77,26,51
Travis,262,"District Judge, 427th Judicial District",,DEM,Jim Coronado,352,191,161
Travis,263,"District Judge, 427th Judicial District",,DEM,Jim Coronado,237,91,146
Travis,266,"District Judge, 427th Judicial District",,DEM,Jim Coronado,51,29,22
Travis,267,"District Judge, 427th Judicial District",,DEM,Jim Coronado,116,59,57
Travis,268,"District Judge, 427th Judicial District",,DEM,Jim Coronado,78,30,48
Travis,273,"District Judge, 427th Judicial District",,DEM,Jim Coronado,330,162,168
Travis,274,"District Judge, 427th Judicial District",,DEM,Jim Coronado,237,95,142
Travis,275,"District Judge, 427th Judicial District",,DEM,Jim Coronado,297,117,180
Travis,277,"District Judge, 427th Judicial District",,DEM,Jim Coronado,385,168,217
Travis,301,"District Judge, 427th Judicial District",,DEM,Jim Coronado,91,38,53
Travis,302,"District Judge, 427th Judicial District",,DEM,Jim Coronado,218,116,102
Travis,303,"District Judge, 427th Judicial District",,DEM,Jim Coronado,197,114,83
Travis,304,"District Judge, 427th Judicial District",,DEM,Jim Coronado,239,101,138
Travis,305,"District Judge, 427th Judicial District",,DEM,Jim Coronado,2,1,1
Travis,306,"District Judge, 427th Judicial District",,DEM,Jim Coronado,105,64,41
Travis,307,"District Judge, 427th Judicial District",,DEM,Jim Coronado,132,66,66
Travis,308,"District Judge, 427th Judicial District",,DEM,Jim Coronado,188,75,113
Travis,309,"District Judge, 427th Judicial District",,DEM,Jim Coronado,170,96,74
Travis,310,"District Judge, 427th Judicial District",,DEM,Jim Coronado,340,167,173
Travis,311,"District Judge, 427th Judicial District",,DEM,Jim Coronado,387,200,187
Travis,312,"District Judge, 427th Judicial District",,DEM,Jim Coronado,98,53,45
Travis,313,"District Judge, 427th Judicial District",,DEM,Jim Coronado,33,15,18
Travis,314,"District Judge, 427th Judicial District",,DEM,Jim Coronado,199,96,103
Travis,315,"District Judge, 427th Judicial District",,DEM,Jim Coronado,322,149,173
Travis,316,"District Judge, 427th Judicial District",,DEM,Jim Coronado,77,33,44
Travis,317,"District Judge, 427th Judicial District",,DEM,Jim Coronado,145,74,71
Travis,318,"District Judge, 427th Judicial District",,DEM,Jim Coronado,30,16,14
Travis,319,"District Judge, 427th Judicial District",,DEM,Jim Coronado,82,41,41
Travis,320,"District Judge, 427th Judicial District",,DEM,Jim Coronado,64,41,23
Travis,321,"District Judge, 427th Judicial District",,DEM,Jim Coronado,52,28,24
Travis,323,"District Judge, 427th Judicial District",,DEM,Jim Coronado,131,67,64
Travis,324,"District Judge, 427th Judicial District",,DEM,Jim Coronado,121,70,51
Travis,325,"District Judge, 427th Judicial District",,DEM,Jim Coronado,5,1,4
Travis,326,"District Judge, 427th Judicial District",,DEM,Jim Coronado,135,63,72
Travis,327,"District Judge, 427th Judicial District",,DEM,Jim Coronado,216,100,116
Travis,328,"District Judge, 427th Judicial District",,DEM,Jim Coronado,260,133,127
Travis,329,"District Judge, 427th Judicial District",,DEM,Jim Coronado,160,74,86
Travis,330,"District Judge, 427th Judicial District",,DEM,Jim Coronado,113,59,54
Travis,331,"District Judge, 427th Judicial District",,DEM,Jim Coronado,217,67,150
Travis,332,"District Judge, 427th Judicial District",,DEM,Jim Coronado,330,135,195
Travis,333,"District Judge, 427th Judicial District",,DEM,Jim Coronado,174,46,128
Travis,334,"District Judge, 427th Judicial District",,DEM,Jim Coronado,131,54,77
Travis,335,"District Judge, 427th Judicial District",,DEM,Jim Coronado,156,71,85
Travis,336,"District Judge, 427th Judicial District",,DEM,Jim Coronado,156,70,86
Travis,337,"District Judge, 427th Judicial District",,DEM,Jim Coronado,253,104,149
Travis,338,"District Judge, 427th Judicial District",,DEM,Jim Coronado,257,109,148
Travis,339,"District Judge, 427th Judicial District",,DEM,Jim Coronado,138,74,64
Travis,340,"District Judge, 427th Judicial District",,DEM,Jim Coronado,180,69,111
Travis,341,"District Judge, 427th Judicial District",,DEM,Jim Coronado,4,0,4
Travis,342,"District Judge, 427th Judicial District",,DEM,Jim Coronado,528,246,282
Travis,343,"District Judge, 427th Judicial District",,DEM,Jim Coronado,72,28,44
Travis,344,"District Judge, 427th Judicial District",,DEM,Jim Coronado,182,89,93
Travis,345,"District Judge, 427th Judicial District",,DEM,Jim Coronado,0,0,0
Travis,346,"District Judge, 427th Judicial District",,DEM,Jim Coronado,83,47,36
Travis,347,"District Judge, 427th Judicial District",,DEM,Jim Coronado,185,107,78
Travis,349,"District Judge, 427th Judicial District",,DEM,Jim Coronado,330,150,180
Travis,350,"District Judge, 427th Judicial District",,DEM,Jim Coronado,327,169,158
Travis,351,"District Judge, 427th Judicial District",,DEM,Jim Coronado,112,54,58
Travis,352,"District Judge, 427th Judicial District",,DEM,Jim Coronado,302,170,132
Travis,354,"District Judge, 427th Judicial District",,DEM,Jim Coronado,336,201,135
Travis,356,"District Judge, 427th Judicial District",,DEM,Jim Coronado,89,49,40
Travis,357,"District Judge, 427th Judicial District",,DEM,Jim Coronado,35,16,19
Travis,358,"District Judge, 427th Judicial District",,DEM,Jim Coronado,435,219,216
Travis,359,"District Judge, 427th Judicial District",,DEM,Jim Coronado,186,90,96
Travis,360,"District Judge, 427th Judicial District",,DEM,Jim Coronado,290,133,157
Travis,361,"District Judge, 427th Judicial District",,DEM,Jim Coronado,85,37,48
Travis,362,"District Judge, 427th Judicial District",,DEM,Jim Coronado,259,150,109
Travis,363,"District Judge, 427th Judicial District",,DEM,Jim Coronado,117,57,60
Travis,364,"District Judge, 427th Judicial District",,DEM,Jim Coronado,282,188,94
Travis,365,"District Judge, 427th Judicial District",,DEM,Jim Coronado,126,50,76
Travis,366,"District Judge, 427th Judicial District",,DEM,Jim Coronado,338,170,168
Travis,367,"District Judge, 427th Judicial District",,DEM,Jim Coronado,305,155,150
Travis,368,"District Judge, 427th Judicial District",,DEM,Jim Coronado,6,4,2
Travis,369,"District Judge, 427th Judicial District",,DEM,Jim Coronado,75,24,51
Travis,370,"District Judge, 427th Judicial District",,DEM,Jim Coronado,42,7,35
Travis,371,"District Judge, 427th Judicial District",,DEM,Jim Coronado,86,37,49
Travis,372,"District Judge, 427th Judicial District",,DEM,Jim Coronado,69,24,45
Travis,373,"District Judge, 427th Judicial District",,DEM,Jim Coronado,138,63,75
Travis,374,"District Judge, 427th Judicial District",,DEM,Jim Coronado,167,71,96
Travis,375,"District Judge, 427th Judicial District",,DEM,Jim Coronado,38,14,24
Travis,401,"District Judge, 427th Judicial District",,DEM,Jim Coronado,168,78,90
Travis,402,"District Judge, 427th Judicial District",,DEM,Jim Coronado,252,111,141
Travis,403,"District Judge, 427th Judicial District",,DEM,Jim Coronado,102,38,64
Travis,404,"District Judge, 427th Judicial District",,DEM,Jim Coronado,210,88,122
Travis,405,"District Judge, 427th Judicial District",,DEM,Jim Coronado,52,24,28
Travis,406,"District Judge, 427th Judicial District",,DEM,Jim Coronado,212,126,86
Travis,407,"District Judge, 427th Judicial District",,DEM,Jim Coronado,151,68,83
Travis,408,"District Judge, 427th Judicial District",,DEM,Jim Coronado,218,88,130
Travis,409,"District Judge, 427th Judicial District",,DEM,Jim Coronado,208,92,116
Travis,410,"District Judge, 427th Judicial District",,DEM,Jim Coronado,221,107,114
Travis,411,"District Judge, 427th Judicial District",,DEM,Jim Coronado,135,58,77
Travis,412,"District Judge, 427th Judicial District",,DEM,Jim Coronado,10,7,3
Travis,413,"District Judge, 427th Judicial District",,DEM,Jim Coronado,67,27,40
Travis,414,"District Judge, 427th Judicial District",,DEM,Jim Coronado,261,105,156
Travis,415,"District Judge, 427th Judicial District",,DEM,Jim Coronado,108,41,67
Travis,416,"District Judge, 427th Judicial District",,DEM,Jim Coronado,13,7,6
Travis,417,"District Judge, 427th Judicial District",,DEM,Jim Coronado,138,69,69
Travis,418,"District Judge, 427th Judicial District",,DEM,Jim Coronado,0,0,0
Travis,419,"District Judge, 427th Judicial District",,DEM,Jim Coronado,40,22,18
Travis,420,"District Judge, 427th Judicial District",,DEM,Jim Coronado,241,115,126
Travis,421,"District Judge, 427th Judicial District",,DEM,Jim Coronado,235,99,136
Travis,422,"District Judge, 427th Judicial District",,DEM,Jim Coronado,212,95,117
Travis,423,"District Judge, 427th Judicial District",,DEM,Jim Coronado,321,136,185
Travis,424,"District Judge, 427th Judicial District",,DEM,Jim Coronado,241,106,135
Travis,425,"District Judge, 427th Judicial District",,DEM,Jim Coronado,83,32,51
Travis,426,"District Judge, 427th Judicial District",,DEM,Jim Coronado,318,160,158
Travis,427,"District Judge, 427th Judicial District",,DEM,Jim Coronado,213,110,103
Travis,428,"District Judge, 427th Judicial District",,DEM,Jim Coronado,100,54,46
Travis,429,"District Judge, 427th Judicial District",,DEM,Jim Coronado,453,208,245
Travis,430,"District Judge, 427th Judicial District",,DEM,Jim Coronado,99,35,64
Travis,431,"District Judge, 427th Judicial District",,DEM,Jim Coronado,412,169,243
Travis,432,"District Judge, 427th Judicial District",,DEM,Jim Coronado,0,0,0
Travis,433,"District Judge, 427th Judicial District",,DEM,Jim Coronado,243,127,116
Travis,434,"District Judge, 427th Judicial District",,DEM,Jim Coronado,0,0,0
Travis,435,"District Judge, 427th Judicial District",,DEM,Jim Coronado,432,197,235
Travis,436,"District Judge, 427th Judicial District",,DEM,Jim Coronado,33,13,20
Travis,437,"District Judge, 427th Judicial District",,DEM,Jim Coronado,204,89,115
Travis,438,"District Judge, 427th Judicial District",,DEM,Jim Coronado,168,73,95
Travis,439,"District Judge, 427th Judicial District",,DEM,Jim Coronado,281,127,154
Travis,440,"District Judge, 427th Judicial District",,DEM,Jim Coronado,80,39,41
Travis,441,"District Judge, 427th Judicial District",,DEM,Jim Coronado,316,156,160
Travis,442,"District Judge, 427th Judicial District",,DEM,Jim Coronado,113,51,62
Travis,443,"District Judge, 427th Judicial District",,DEM,Jim Coronado,270,122,148
Travis,444,"District Judge, 427th Judicial District",,DEM,Jim Coronado,10,4,6
Travis,446,"District Judge, 427th Judicial District",,DEM,Jim Coronado,133,56,77
Travis,447,"District Judge, 427th Judicial District",,DEM,Jim Coronado,326,130,196
Travis,448,"District Judge, 427th Judicial District",,DEM,Jim Coronado,207,87,120
Travis,450,"District Judge, 427th Judicial District",,DEM,Jim Coronado,393,168,225
Travis,451,"District Judge, 427th Judicial District",,DEM,Jim Coronado,280,131,149
Travis,452,"District Judge, 427th Judicial District",,DEM,Jim Coronado,192,76,116
Travis,454,"District Judge, 427th Judicial District",,DEM,Jim Coronado,208,119,89
Travis,458,"District Judge, 427th Judicial District",,DEM,Jim Coronado,315,160,155
Travis,460,"District Judge, 427th Judicial District",,DEM,Jim Coronado,322,182,140
Travis,461,"District Judge, 427th Judicial District",,DEM,Jim Coronado,292,136,156
Travis,463,"District Judge, 427th Judicial District",,DEM,Jim Coronado,304,133,171
Travis,101,Sheriff,,DEM,John Sisson,85,32,53
Travis,102,Sheriff,,DEM,John Sisson,17,9,8
Travis,103,Sheriff,,DEM,John Sisson,28,13,15
Travis,104,Sheriff,,DEM,John Sisson,29,20,9
Travis,105,Sheriff,,DEM,John Sisson,112,54,58
Travis,106,Sheriff,,DEM,John Sisson,46,24,22
Travis,107,Sheriff,,DEM,John Sisson,6,3,3
Travis,108,Sheriff,,DEM,John Sisson,30,14,16
Travis,109,Sheriff,,DEM,John Sisson,34,16,18
Travis,110,Sheriff,,DEM,John Sisson,78,32,46
Travis,111,Sheriff,,DEM,John Sisson,54,21,33
Travis,112,Sheriff,,DEM,John Sisson,20,8,12
Travis,113,Sheriff,,DEM,John Sisson,90,31,59
Travis,114,Sheriff,,DEM,John Sisson,6,3,3
Travis,115,Sheriff,,DEM,John Sisson,0,0,0
Travis,116,Sheriff,,DEM,John Sisson,0,0,0
Travis,117,Sheriff,,DEM,John Sisson,65,36,29
Travis,118,Sheriff,,DEM,John Sisson,15,8,7
Travis,119,Sheriff,,DEM,John Sisson,0,0,0
Travis,120,Sheriff,,DEM,John Sisson,3,1,2
Travis,121,Sheriff,,DEM,John Sisson,17,11,6
Travis,122,Sheriff,,DEM,John Sisson,112,69,43
Travis,123,Sheriff,,DEM,John Sisson,50,23,27
Travis,124,Sheriff,,DEM,John Sisson,115,59,56
Travis,125,Sheriff,,DEM,John Sisson,0,0,0
Travis,126,Sheriff,,DEM,John Sisson,128,69,59
Travis,127,Sheriff,,DEM,John Sisson,0,0,0
Travis,128,Sheriff,,DEM,John Sisson,0,0,0
Travis,129,Sheriff,,DEM,John Sisson,70,45,25
Travis,130,Sheriff,,DEM,John Sisson,58,21,37
Travis,131,Sheriff,,DEM,John Sisson,0,0,0
Travis,132,Sheriff,,DEM,John Sisson,68,37,31
Travis,133,Sheriff,,DEM,John Sisson,64,21,43
Travis,134,Sheriff,,DEM,John Sisson,0,0,0
Travis,135,Sheriff,,DEM,John Sisson,154,73,81
Travis,136,Sheriff,,DEM,John Sisson,52,24,28
Travis,137,Sheriff,,DEM,John Sisson,67,27,40
Travis,138,Sheriff,,DEM,John Sisson,0,0,0
Travis,139,Sheriff,,DEM,John Sisson,64,26,38
Travis,140,Sheriff,,DEM,John Sisson,26,17,9
Travis,141,Sheriff,,DEM,John Sisson,9,3,6
Travis,142,Sheriff,,DEM,John Sisson,18,9,9
Travis,145,Sheriff,,DEM,John Sisson,38,13,25
Travis,146,Sheriff,,DEM,John Sisson,40,19,21
Travis,148,Sheriff,,DEM,John Sisson,45,17,28
Travis,149,Sheriff,,DEM,John Sisson,28,9,19
Travis,150,Sheriff,,DEM,John Sisson,29,19,10
Travis,151,Sheriff,,DEM,John Sisson,87,45,42
Travis,152,Sheriff,,DEM,John Sisson,103,48,55
Travis,153,Sheriff,,DEM,John Sisson,80,41,39
Travis,154,Sheriff,,DEM,John Sisson,52,16,36
Travis,156,Sheriff,,DEM,John Sisson,96,44,52
Travis,160,Sheriff,,DEM,John Sisson,18,8,10
Travis,161,Sheriff,,DEM,John Sisson,13,4,9
Travis,163,Sheriff,,DEM,John Sisson,6,2,4
Travis,164,Sheriff,,DEM,John Sisson,23,15,8
Travis,200,Sheriff,,DEM,John Sisson,105,52,53
Travis,202,Sheriff,,DEM,John Sisson,80,31,49
Travis,203,Sheriff,,DEM,John Sisson,10,5,5
Travis,205,Sheriff,,DEM,John Sisson,40,12,28
Travis,206,Sheriff,,DEM,John Sisson,17,12,5
Travis,207,Sheriff,,DEM,John Sisson,72,30,42
Travis,208,Sheriff,,DEM,John Sisson,106,48,58
Travis,209,Sheriff,,DEM,John Sisson,9,5,4
Travis,210,Sheriff,,DEM,John Sisson,36,20,16
Travis,211,Sheriff,,DEM,John Sisson,38,13,25
Travis,212,Sheriff,,DEM,John Sisson,40,19,21
Travis,213,Sheriff,,DEM,John Sisson,0,0,0
Travis,214,Sheriff,,DEM,John Sisson,53,16,37
Travis,215,Sheriff,,DEM,John Sisson,37,17,20
Travis,216,Sheriff,,DEM,John Sisson,28,9,19
Travis,217,Sheriff,,DEM,John Sisson,58,27,31
Travis,218,Sheriff,,DEM,John Sisson,66,23,43
Travis,219,Sheriff,,DEM,John Sisson,49,25,24
Travis,220,Sheriff,,DEM,John Sisson,36,20,16
Travis,221,Sheriff,,DEM,John Sisson,7,4,3
Travis,222,Sheriff,,DEM,John Sisson,49,17,32
Travis,223,Sheriff,,DEM,John Sisson,21,10,11
Travis,224,Sheriff,,DEM,John Sisson,5,3,2
Travis,225,Sheriff,,DEM,John Sisson,45,15,30
Travis,226,Sheriff,,DEM,John Sisson,30,14,16
Travis,227,Sheriff,,DEM,John Sisson,11,6,5
Travis,228,Sheriff,,DEM,John Sisson,35,13,22
Travis,229,Sheriff,,DEM,John Sisson,25,13,12
Travis,231,Sheriff,,DEM,John Sisson,42,17,25
Travis,232,Sheriff,,DEM,John Sisson,38,21,17
Travis,233,Sheriff,,DEM,John Sisson,28,7,21
Travis,234,Sheriff,,DEM,John Sisson,14,3,11
Travis,235,Sheriff,,DEM,John Sisson,65,25,40
Travis,236,Sheriff,,DEM,John Sisson,88,31,57
Travis,237,Sheriff,,DEM,John Sisson,45,19,26
Travis,238,Sheriff,,DEM,John Sisson,48,21,27
Travis,239,Sheriff,,DEM,John Sisson,72,35,37
Travis,240,Sheriff,,DEM,John Sisson,30,9,21
Travis,241,Sheriff,,DEM,John Sisson,40,13,27
Travis,242,Sheriff,,DEM,John Sisson,113,67,46
Travis,243,Sheriff,,DEM,John Sisson,52,30,22
Travis,244,Sheriff,,DEM,John Sisson,24,9,15
Travis,245,Sheriff,,DEM,John Sisson,22,11,11
Travis,246,Sheriff,,DEM,John Sisson,36,17,19
Travis,247,Sheriff,,DEM,John Sisson,14,7,7
Travis,248,Sheriff,,DEM,John Sisson,50,31,19
Travis,249,Sheriff,,DEM,John Sisson,75,36,39
Travis,250,Sheriff,,DEM,John Sisson,85,36,49
Travis,251,Sheriff,,DEM,John Sisson,66,36,30
Travis,252,Sheriff,,DEM,John Sisson,65,36,29
Travis,253,Sheriff,,DEM,John Sisson,55,22,33
Travis,254,Sheriff,,DEM,John Sisson,55,22,33
Travis,256,Sheriff,,DEM,John Sisson,32,17,15
Travis,258,Sheriff,,DEM,John Sisson,47,25,22
Travis,259,Sheriff,,DEM,John Sisson,40,13,27
Travis,260,Sheriff,,DEM,John Sisson,25,8,17
Travis,262,Sheriff,,DEM,John Sisson,92,43,49
Travis,263,Sheriff,,DEM,John Sisson,53,19,34
Travis,266,Sheriff,,DEM,John Sisson,15,9,6
Travis,267,Sheriff,,DEM,John Sisson,38,25,13
Travis,268,Sheriff,,DEM,John Sisson,25,10,15
Travis,273,Sheriff,,DEM,John Sisson,92,40,52
Travis,274,Sheriff,,DEM,John Sisson,54,27,27
Travis,275,Sheriff,,DEM,John Sisson,94,36,58
Travis,277,Sheriff,,DEM,John Sisson,68,23,45
Travis,301,Sheriff,,DEM,John Sisson,23,8,15
Travis,302,Sheriff,,DEM,John Sisson,66,33,33
Travis,303,Sheriff,,DEM,John Sisson,49,23,26
Travis,304,Sheriff,,DEM,John Sisson,63,30,33
Travis,305,Sheriff,,DEM,John Sisson,0,0,0
Travis,306,Sheriff,,DEM,John Sisson,28,25,3
Travis,307,Sheriff,,DEM,John Sisson,28,11,17
Travis,308,Sheriff,,DEM,John Sisson,35,15,20
Travis,309,Sheriff,,DEM,John Sisson,51,29,22
Travis,310,Sheriff,,DEM,John Sisson,74,38,36
Travis,311,Sheriff,,DEM,John Sisson,79,47,32
Travis,312,Sheriff,,DEM,John Sisson,16,11,5
Travis,313,Sheriff,,DEM,John Sisson,9,4,5
Travis,314,Sheriff,,DEM,John Sisson,23,12,11
Travis,315,Sheriff,,DEM,John Sisson,89,49,40
Travis,316,Sheriff,,DEM,John Sisson,13,4,9
Travis,317,Sheriff,,DEM,John Sisson,34,14,20
Travis,318,Sheriff,,DEM,John Sisson,9,3,6
Travis,319,Sheriff,,DEM,John Sisson,12,8,4
Travis,320,Sheriff,,DEM,John Sisson,11,10,1
Travis,321,Sheriff,,DEM,John Sisson,10,4,6
Travis,323,Sheriff,,DEM,John Sisson,32,15,17
Travis,324,Sheriff,,DEM,John Sisson,33,20,13
Travis,325,Sheriff,,DEM,John Sisson,4,4,0
Travis,326,Sheriff,,DEM,John Sisson,26,11,15
Travis,327,Sheriff,,DEM,John Sisson,50,20,30
Travis,328,Sheriff,,DEM,John Sisson,75,36,39
Travis,329,Sheriff,,DEM,John Sisson,47,20,27
Travis,330,Sheriff,,DEM,John Sisson,24,12,12
Travis,331,Sheriff,,DEM,John Sisson,43,12,31
Travis,332,Sheriff,,DEM,John Sisson,79,39,40
Travis,333,Sheriff,,DEM,John Sisson,36,7,29
Travis,334,Sheriff,,DEM,John Sisson,35,13,22
Travis,335,Sheriff,,DEM,John Sisson,31,16,15
Travis,336,Sheriff,,DEM,John Sisson,30,9,21
Travis,337,Sheriff,,DEM,John Sisson,55,24,31
Travis,338,Sheriff,,DEM,John Sisson,68,26,42
Travis,339,Sheriff,,DEM,John Sisson,40,21,19
Travis,340,Sheriff,,DEM,John Sisson,67,31,36
Travis,341,Sheriff,,DEM,John Sisson,0,0,0
Travis,342,Sheriff,,DEM,John Sisson,109,49,60
Travis,343,Sheriff,,DEM,John Sisson,20,12,8
Travis,344,Sheriff,,DEM,John Sisson,45,22,23
Travis,345,Sheriff,,DEM,John Sisson,0,0,0
Travis,346,Sheriff,,DEM,John Sisson,13,8,5
Travis,347,Sheriff,,DEM,John Sisson,30,18,12
Travis,349,Sheriff,,DEM,John Sisson,97,47,50
Travis,350,Sheriff,,DEM,John Sisson,77,34,43
Travis,351,Sheriff,,DEM,John Sisson,32,12,20
Travis,352,Sheriff,,DEM,John Sisson,55,36,19
Travis,354,Sheriff,,DEM,John Sisson,66,38,28
Travis,356,Sheriff,,DEM,John Sisson,21,13,8
Travis,357,Sheriff,,DEM,John Sisson,8,4,4
Travis,358,Sheriff,,DEM,John Sisson,85,41,44
Travis,359,Sheriff,,DEM,John Sisson,44,22,22
Travis,360,Sheriff,,DEM,John Sisson,54,25,29
Travis,361,Sheriff,,DEM,John Sisson,19,6,13
Travis,362,Sheriff,,DEM,John Sisson,66,29,37
Travis,363,Sheriff,,DEM,John Sisson,30,15,15
Travis,364,Sheriff,,DEM,John Sisson,69,42,27
Travis,365,Sheriff,,DEM,John Sisson,23,10,13
Travis,366,Sheriff,,DEM,John Sisson,75,33,42
Travis,367,Sheriff,,DEM,John Sisson,77,42,35
Travis,368,Sheriff,,DEM,John Sisson,2,1,1
Travis,369,Sheriff,,DEM,John Sisson,21,3,18
Travis,370,Sheriff,,DEM,John Sisson,24,3,21
Travis,371,Sheriff,,DEM,John Sisson,33,17,16
Travis,372,Sheriff,,DEM,John Sisson,22,8,14
Travis,373,Sheriff,,DEM,John Sisson,54,24,30
Travis,374,Sheriff,,DEM,John Sisson,51,16,35
Travis,375,Sheriff,,DEM,John Sisson,10,2,8
Travis,401,Sheriff,,DEM,John Sisson,24,11,13
Travis,402,Sheriff,,DEM,John Sisson,48,21,27
Travis,403,Sheriff,,DEM,John Sisson,14,5,9
Travis,404,Sheriff,,DEM,John Sisson,23,12,11
Travis,405,Sheriff,,DEM,John Sisson,5,0,5
Travis,406,Sheriff,,DEM,John Sisson,63,36,27
Travis,407,Sheriff,,DEM,John Sisson,30,14,16
Travis,408,Sheriff,,DEM,John Sisson,50,23,27
Travis,409,Sheriff,,DEM,John Sisson,38,16,22
Travis,410,Sheriff,,DEM,John Sisson,60,32,28
Travis,411,Sheriff,,DEM,John Sisson,19,9,10
Travis,412,Sheriff,,DEM,John Sisson,2,0,2
Travis,413,Sheriff,,DEM,John Sisson,11,5,6
Travis,414,Sheriff,,DEM,John Sisson,56,29,27
Travis,415,Sheriff,,DEM,John Sisson,33,10,23
Travis,416,Sheriff,,DEM,John Sisson,2,0,2
Travis,417,Sheriff,,DEM,John Sisson,36,17,19
Travis,418,Sheriff,,DEM,John Sisson,0,0,0
Travis,419,Sheriff,,DEM,John Sisson,14,11,3
Travis,420,Sheriff,,DEM,John Sisson,47,25,22
Travis,421,Sheriff,,DEM,John Sisson,74,33,41
Travis,422,Sheriff,,DEM,John Sisson,61,26,35
Travis,423,Sheriff,,DEM,John Sisson,52,26,26
Travis,424,Sheriff,,DEM,John Sisson,58,25,33
Travis,425,Sheriff,,DEM,John Sisson,27,12,15
Travis,426,Sheriff,,DEM,John Sisson,47,19,28
Travis,427,Sheriff,,DEM,John Sisson,27,19,8
Travis,428,Sheriff,,DEM,John Sisson,22,13,9
Travis,429,Sheriff,,DEM,John Sisson,94,28,66
Travis,430,Sheriff,,DEM,John Sisson,25,12,13
Travis,431,Sheriff,,DEM,John Sisson,108,48,60
Travis,432,Sheriff,,DEM,John Sisson,1,1,0
Travis,433,Sheriff,,DEM,John Sisson,53,28,25
Travis,434,Sheriff,,DEM,John Sisson,0,0,0
Travis,435,Sheriff,,DEM,John Sisson,98,41,57
Travis,436,Sheriff,,DEM,John Sisson,7,4,3
Travis,437,Sheriff,,DEM,John Sisson,74,35,39
Travis,438,Sheriff,,DEM,John Sisson,21,12,9
Travis,439,Sheriff,,DEM,John Sisson,46,21,25
Travis,440,Sheriff,,DEM,John Sisson,23,15,8
Travis,441,Sheriff,,DEM,John Sisson,88,40,48
Travis,442,Sheriff,,DEM,John Sisson,22,6,16
Travis,443,Sheriff,,DEM,John Sisson,38,21,17
Travis,444,Sheriff,,DEM,John Sisson,1,0,1
Travis,446,Sheriff,,DEM,John Sisson,21,7,14
Travis,447,Sheriff,,DEM,John Sisson,81,43,38
Travis,448,Sheriff,,DEM,John Sisson,42,21,21
Travis,450,Sheriff,,DEM,John Sisson,56,23,33
Travis,451,Sheriff,,DEM,John Sisson,59,28,31
Travis,452,Sheriff,,DEM,John Sisson,26,10,16
Travis,454,Sheriff,,DEM,John Sisson,55,29,26
Travis,458,Sheriff,,DEM,John Sisson,89,49,40
Travis,460,Sheriff,,DEM,John Sisson,87,47,40
Travis,461,Sheriff,,DEM,John Sisson,81,39,42
Travis,463,Sheriff,,DEM,John Sisson,67,37,30
Travis,433,"Precinct 433, Precinct Chairman",,DEM,Jovita Pardo,405,190,215
Travis,138,State Senator,21,DEM,Judith Zaffirini,0,0,0
Travis,401,State Senator,21,DEM,Judith Zaffirini,322,152,170
Travis,402,State Senator,21,DEM,Judith Zaffirini,417,177,240
Travis,403,State Senator,21,DEM,Judith Zaffirini,160,57,103
Travis,404,State Senator,21,DEM,Judith Zaffirini,411,156,255
Travis,405,State Senator,21,DEM,Judith Zaffirini,86,35,51
Travis,410,State Senator,21,DEM,Judith Zaffirini,583,279,304
Travis,413,State Senator,21,DEM,Judith Zaffirini,173,71,102
Travis,418,State Senator,21,DEM,Judith Zaffirini,0,0,0
Travis,419,State Senator,21,DEM,Judith Zaffirini,90,54,36
Travis,420,State Senator,21,DEM,Judith Zaffirini,547,236,311
Travis,423,State Senator,21,DEM,Judith Zaffirini,581,239,342
Travis,425,State Senator,21,DEM,Judith Zaffirini,188,84,104
Travis,429,State Senator,21,DEM,Judith Zaffirini,1216,541,675
Travis,431,State Senator,21,DEM,Judith Zaffirini,1105,455,650
Travis,440,State Senator,21,DEM,Judith Zaffirini,213,103,110
Travis,441,State Senator,21,DEM,Judith Zaffirini,827,399,428
Travis,443,State Senator,21,DEM,Judith Zaffirini,460,202,258
Travis,446,State Senator,21,DEM,Judith Zaffirini,267,108,159
Travis,447,State Senator,21,DEM,Judith Zaffirini,763,315,448
Travis,448,State Senator,21,DEM,Judith Zaffirini,389,164,225
Travis,450,State Senator,21,DEM,Judith Zaffirini,636,271,365
Travis,451,State Senator,21,DEM,Judith Zaffirini,637,267,370
Travis,452,State Senator,21,DEM,Judith Zaffirini,305,127,178
Travis,463,State Senator,21,DEM,Judith Zaffirini,680,275,405
Travis,102,"District 10, Member, State Board Of Education",,DEM,Judy Jennings,173,58,115
Travis,103,"District 10, Member, State Board Of Education",,DEM,Judy Jennings,265,105,160
Travis,104,"District 10, Member, State Board Of Education",,DEM,Judy Jennings,205,91,114
Travis,105,"District 10, Member, State Board Of Education",,DEM,Judy Jennings,889,396,493
Travis,106,"District 10, Member, State Board Of Education",,DEM,Judy Jennings,321,134,187
Travis,107,"District 10, Member, State Board Of Education",,DEM,Judy Jennings,34,12,22
Travis,108,"District 10, Member, State Board Of Education",,DEM,Judy Jennings,293,89,204
Travis,109,"District 10, Member, State Board Of Education",,DEM,Judy Jennings,352,124,228
Travis,110,"District 10, Member, State Board Of Education",,DEM,Judy Jennings,663,248,415
Travis,111,"District 10, Member, State Board Of Education",,DEM,Judy Jennings,634,240,394
Travis,112,"District 10, Member, State Board Of Education",,DEM,Judy Jennings,197,68,129
Travis,113,"District 10, Member, State Board Of Education",,DEM,Judy Jennings,821,287,534
Travis,120,"District 10, Member, State Board Of Education",,DEM,Judy Jennings,26,16,10
Travis,123,"District 10, Member, State Board Of Education",,DEM,Judy Jennings,486,174,312
Travis,125,"District 10, Member, State Board Of Education",,DEM,Judy Jennings,0,0,0
Travis,128,"District 10, Member, State Board Of Education",,DEM,Judy Jennings,0,0,0
Travis,131,"District 10, Member, State Board Of Education",,DEM,Judy Jennings,0,0,0
Travis,134,"District 10, Member, State Board Of Education",,DEM,Judy Jennings,0,0,0
Travis,136,"District 10, Member, State Board Of Education",,DEM,Judy Jennings,393,170,223
Travis,137,"District 10, Member, State Board Of Education",,DEM,Judy Jennings,887,327,560
Travis,139,"District 10, Member, State Board Of Education",,DEM,Judy Jennings,578,249,329
Travis,140,"District 10, Member, State Board Of Education",,DEM,Judy Jennings,303,128,175
Travis,141,"District 10, Member, State Board Of Education",,DEM,Judy Jennings,65,21,44
Travis,145,"District 10, Member, State Board Of Education",,DEM,Judy Jennings,394,142,252
Travis,146,"District 10, Member, State Board Of Education",,DEM,Judy Jennings,371,181,190
Travis,148,"District 10, Member, State Board Of Education",,DEM,Judy Jennings,498,203,295
Travis,149,"District 10, Member, State Board Of Education",,DEM,Judy Jennings,419,162,257
Travis,150,"District 10, Member, State Board Of Education",,DEM,Judy Jennings,238,98,140
Travis,153,"District 10, Member, State Board Of Education",,DEM,Judy Jennings,778,289,489
Travis,154,"District 10, Member, State Board Of Education",,DEM,Judy Jennings,473,144,329
Travis,156,"District 10, Member, State Board Of Education",,DEM,Judy Jennings,1050,477,573
Travis,160,"District 10, Member, State Board Of Education",,DEM,Judy Jennings,262,95,167
Travis,161,"District 10, Member, State Board Of Education",,DEM,Judy Jennings,188,74,114
Travis,163,"District 10, Member, State Board Of Education",,DEM,Judy Jennings,23,10,13
Travis,164,"District 10, Member, State Board Of Education",,DEM,Judy Jennings,273,101,172
Travis,203,"District 10, Member, State Board Of Education",,DEM,Judy Jennings,98,30,68
Travis,205,"District 10, Member, State Board Of Education",,DEM,Judy Jennings,401,153,248
Travis,207,"District 10, Member, State Board Of Education",,DEM,Judy Jennings,682,274,408
Travis,209,"District 10, Member, State Board Of Education",,DEM,Judy Jennings,171,81,90
Travis,211,"District 10, Member, State Board Of Education",,DEM,Judy Jennings,341,134,207
Travis,215,"District 10, Member, State Board Of Education",,DEM,Judy Jennings,332,118,214
Travis,216,"District 10, Member, State Board Of Education",,DEM,Judy Jennings,255,81,174
Travis,217,"District 10, Member, State Board Of Education",,DEM,Judy Jennings,366,143,223
Travis,218,"District 10, Member, State Board Of Education",,DEM,Judy Jennings,758,308,450
Travis,219,"District 10, Member, State Board Of Education",,DEM,Judy Jennings,400,145,255
Travis,220,"District 10, Member, State Board Of Education",,DEM,Judy Jennings,331,155,176
Travis,222,"District 10, Member, State Board Of Education",,DEM,Judy Jennings,490,182,308
Travis,223,"District 10, Member, State Board Of Education",,DEM,Judy Jennings,108,42,66
Travis,224,"District 10, Member, State Board Of Education",,DEM,Judy Jennings,19,9,10
Travis,225,"District 10, Member, State Board Of Education",,DEM,Judy Jennings,480,170,310
Travis,226,"District 10, Member, State Board Of Education",,DEM,Judy Jennings,285,101,184
Travis,227,"District 10, Member, State Board Of Education",,DEM,Judy Jennings,77,32,45
Travis,228,"District 10, Member, State Board Of Education",,DEM,Judy Jennings,310,161,149
Travis,229,"District 10, Member, State Board Of Education",,DEM,Judy Jennings,392,149,243
Travis,231,"District 10, Member, State Board Of Education",,DEM,Judy Jennings,540,238,302
Travis,232,"District 10, Member, State Board Of Education",,DEM,Judy Jennings,497,237,260
Travis,233,"District 10, Member, State Board Of Education",,DEM,Judy Jennings,394,148,246
Travis,234,"District 10, Member, State Board Of Education",,DEM,Judy Jennings,219,99,120
Travis,237,"District 10, Member, State Board Of Education",,DEM,Judy Jennings,396,174,222
Travis,238,"District 10, Member, State Board Of Education",,DEM,Judy Jennings,628,262,366
Travis,239,"District 10, Member, State Board Of Education",,DEM,Judy Jennings,645,270,375
Travis,240,"District 10, Member, State Board Of Education",,DEM,Judy Jennings,266,85,181
Travis,241,"District 10, Member, State Board Of Education",,DEM,Judy Jennings,442,164,278
Travis,242,"District 10, Member, State Board Of Education",,DEM,Judy Jennings,1334,588,746
Travis,243,"District 10, Member, State Board Of Education",,DEM,Judy Jennings,467,236,231
Travis,244,"District 10, Member, State Board Of Education",,DEM,Judy Jennings,377,195,182
Travis,245,"District 10, Member, State Board Of Education",,DEM,Judy Jennings,146,52,94
Travis,246,"District 10, Member, State Board Of Education",,DEM,Judy Jennings,364,145,219
Travis,247,"District 10, Member, State Board Of Education",,DEM,Judy Jennings,145,56,89
Travis,248,"District 10, Member, State Board Of Education",,DEM,Judy Jennings,558,239,319
Travis,249,"District 10, Member, State Board Of Education",,DEM,Judy Jennings,558,244,314
Travis,252,"District 10, Member, State Board Of Education",,DEM,Judy Jennings,594,281,313
Travis,253,"District 10, Member, State Board Of Education",,DEM,Judy Jennings,477,233,244
Travis,254,"District 10, Member, State Board Of Education",,DEM,Judy Jennings,509,231,278
Travis,258,"District 10, Member, State Board Of Education",,DEM,Judy Jennings,454,206,248
Travis,259,"District 10, Member, State Board Of Education",,DEM,Judy Jennings,521,202,319
Travis,260,"District 10, Member, State Board Of Education",,DEM,Judy Jennings,158,52,106
Travis,262,"District 10, Member, State Board Of Education",,DEM,Judy Jennings,861,417,444
Travis,263,"District 10, Member, State Board Of Education",,DEM,Judy Jennings,571,213,358
Travis,267,"District 10, Member, State Board Of Education",,DEM,Judy Jennings,275,148,127
Travis,268,"District 10, Member, State Board Of Education",,DEM,Judy Jennings,187,68,119
Travis,305,"District 10, Member, State Board Of Education",,DEM,Judy Jennings,3,2,1
Travis,306,"District 10, Member, State Board Of Education",,DEM,Judy Jennings,272,152,120
Travis,308,"District 10, Member, State Board Of Education",,DEM,Judy Jennings,488,210,278
Travis,312,"District 10, Member, State Board Of Education",,DEM,Judy Jennings,238,113,125
Travis,316,"District 10, Member, State Board Of Education",,DEM,Judy Jennings,244,102,142
Travis,319,"District 10, Member, State Board Of Education",,DEM,Judy Jennings,192,100,92
Travis,320,"District 10, Member, State Board Of Education",,DEM,Judy Jennings,156,99,57
Travis,321,"District 10, Member, State Board Of Education",,DEM,Judy Jennings,129,58,71
Travis,323,"District 10, Member, State Board Of Education",,DEM,Judy Jennings,371,164,207
Travis,324,"District 10, Member, State Board Of Education",,DEM,Judy Jennings,398,201,197
Travis,326,"District 10, Member, State Board Of Education",,DEM,Judy Jennings,311,132,179
Travis,327,"District 10, Member, State Board Of Education",,DEM,Judy Jennings,475,213,262
Travis,328,"District 10, Member, State Board Of Education",,DEM,Judy Jennings,705,329,376
Travis,331,"District 10, Member, State Board Of Education",,DEM,Judy Jennings,474,155,319
Travis,333,"District 10, Member, State Board Of Education",,DEM,Judy Jennings,396,104,292
Travis,334,"District 10, Member, State Board Of Education",,DEM,Judy Jennings,304,120,184
Travis,335,"District 10, Member, State Board Of Education",,DEM,Judy Jennings,355,156,199
Travis,336,"District 10, Member, State Board Of Education",,DEM,Judy Jennings,322,125,197
Travis,337,"District 10, Member, State Board Of Education",,DEM,Judy Jennings,577,214,363
Travis,343,"District 10, Member, State Board Of Education",,DEM,Judy Jennings,239,85,154
Travis,345,"District 10, Member, State Board Of Education",,DEM,Judy Jennings,1,1,0
Travis,346,"District 10, Member, State Board Of Education",,DEM,Judy Jennings,237,143,94
Travis,359,"District 10, Member, State Board Of Education",,DEM,Judy Jennings,492,228,264
Travis,368,"District 10, Member, State Board Of Education",,DEM,Judy Jennings,24,14,10
Travis,369,"District 10, Member, State Board Of Education",,DEM,Judy Jennings,173,54,119
Travis,370,"District 10, Member, State Board Of Education",,DEM,Judy Jennings,131,19,112
Travis,371,"District 10, Member, State Board Of Education",,DEM,Judy Jennings,215,89,126
Travis,372,"District 10, Member, State Board Of Education",,DEM,Judy Jennings,156,51,105
Travis,373,"District 10, Member, State Board Of Education",,DEM,Judy Jennings,348,136,212
Travis,374,"District 10, Member, State Board Of Education",,DEM,Judy Jennings,433,156,277
Travis,375,"District 10, Member, State Board Of Education",,DEM,Judy Jennings,79,26,53
Travis,101,"District Judge, 390th Judicial District",,DEM,Julie Kocurek,788,276,512
Travis,102,"District Judge, 390th Judicial District",,DEM,Julie Kocurek,171,58,113
Travis,103,"District Judge, 390th Judicial District",,DEM,Julie Kocurek,275,110,165
Travis,104,"District Judge, 390th Judicial District",,DEM,Julie Kocurek,216,98,118
Travis,105,"District Judge, 390th Judicial District",,DEM,Julie Kocurek,897,399,498
Travis,106,"District Judge, 390th Judicial District",,DEM,Julie Kocurek,328,139,189
Travis,107,"District Judge, 390th Judicial District",,DEM,Julie Kocurek,35,13,22
Travis,108,"District Judge, 390th Judicial District",,DEM,Julie Kocurek,298,90,208
Travis,109,"District Judge, 390th Judicial District",,DEM,Julie Kocurek,344,121,223
Travis,110,"District Judge, 390th Judicial District",,DEM,Julie Kocurek,665,245,420
Travis,111,"District Judge, 390th Judicial District",,DEM,Julie Kocurek,628,233,395
Travis,112,"District Judge, 390th Judicial District",,DEM,Julie Kocurek,189,66,123
Travis,113,"District Judge, 390th Judicial District",,DEM,Julie Kocurek,822,290,532
Travis,114,"District Judge, 390th Judicial District",,DEM,Julie Kocurek,50,21,29
Travis,115,"District Judge, 390th Judicial District",,DEM,Julie Kocurek,1,0,1
Travis,116,"District Judge, 390th Judicial District",,DEM,Julie Kocurek,1,0,1
Travis,117,"District Judge, 390th Judicial District",,DEM,Julie Kocurek,463,204,259
Travis,118,"District Judge, 390th Judicial District",,DEM,Julie Kocurek,85,41,44
Travis,119,"District Judge, 390th Judicial District",,DEM,Julie Kocurek,0,0,0
Travis,120,"District Judge, 390th Judicial District",,DEM,Julie Kocurek,26,16,10
Travis,121,"District Judge, 390th Judicial District",,DEM,Julie Kocurek,157,80,77
Travis,122,"District Judge, 390th Judicial District",,DEM,Julie Kocurek,647,338,309
Travis,123,"District Judge, 390th Judicial District",,DEM,Julie Kocurek,480,173,307
Travis,124,"District Judge, 390th Judicial District",,DEM,Julie Kocurek,1094,530,564
Travis,125,"District Judge, 390th Judicial District",,DEM,Julie Kocurek,0,0,0
Travis,126,"District Judge, 390th Judicial District",,DEM,Julie Kocurek,1210,552,658
Travis,127,"District Judge, 390th Judicial District",,DEM,Julie Kocurek,0,0,0
Travis,128,"District Judge, 390th Judicial District",,DEM,Julie Kocurek,0,0,0
Travis,129,"District Judge, 390th Judicial District",,DEM,Julie Kocurek,571,289,282
Travis,130,"District Judge, 390th Judicial District",,DEM,Julie Kocurek,514,199,315
Travis,131,"District Judge, 390th Judicial District",,DEM,Julie Kocurek,0,0,0
Travis,132,"District Judge, 390th Judicial District",,DEM,Julie Kocurek,627,277,350
Travis,133,"District Judge, 390th Judicial District",,DEM,Julie Kocurek,628,227,401
Travis,134,"District Judge, 390th Judicial District",,DEM,Julie Kocurek,0,0,0
Travis,135,"District Judge, 390th Judicial District",,DEM,Julie Kocurek,1695,728,967
Travis,136,"District Judge, 390th Judicial District",,DEM,Julie Kocurek,398,173,225
Travis,137,"District Judge, 390th Judicial District",,DEM,Julie Kocurek,892,328,564
Travis,138,"District Judge, 390th Judicial District",,DEM,Julie Kocurek,0,0,0
Travis,139,"District Judge, 390th Judicial District",,DEM,Julie Kocurek,581,258,323
Travis,140,"District Judge, 390th Judicial District",,DEM,Julie Kocurek,303,129,174
Travis,141,"District Judge, 390th Judicial District",,DEM,Julie Kocurek,67,22,45
Travis,142,"District Judge, 390th Judicial District",,DEM,Julie Kocurek,210,96,114
Travis,145,"District Judge, 390th Judicial District",,DEM,Julie Kocurek,387,141,246
Travis,146,"District Judge, 390th Judicial District",,DEM,Julie Kocurek,382,185,197
Travis,148,"District Judge, 390th Judicial District",,DEM,Julie Kocurek,489,200,289
Travis,149,"District Judge, 390th Judicial District",,DEM,Julie Kocurek,418,164,254
Travis,150,"District Judge, 390th Judicial District",,DEM,Julie Kocurek,242,97,145
Travis,151,"District Judge, 390th Judicial District",,DEM,Julie Kocurek,593,253,340
Travis,152,"District Judge, 390th Judicial District",,DEM,Julie Kocurek,1137,507,630
Travis,153,"District Judge, 390th Judicial District",,DEM,Julie Kocurek,791,292,499
Travis,154,"District Judge, 390th Judicial District",,DEM,Julie Kocurek,457,140,317
Travis,156,"District Judge, 390th Judicial District",,DEM,Julie Kocurek,1060,487,573
Travis,160,"District Judge, 390th Judicial District",,DEM,Julie Kocurek,258,98,160
Travis,161,"District Judge, 390th Judicial District",,DEM,Julie Kocurek,183,72,111
Travis,163,"District Judge, 390th Judicial District",,DEM,Julie Kocurek,21,9,12
Travis,164,"District Judge, 390th Judicial District",,DEM,Julie Kocurek,265,96,169
Travis,200,"District Judge, 390th Judicial District",,DEM,Julie Kocurek,1197,547,650
Travis,202,"District Judge, 390th Judicial District",,DEM,Julie Kocurek,905,404,501
Travis,203,"District Judge, 390th Judicial District",,DEM,Julie Kocurek,100,31,69
Travis,205,"District Judge, 390th Judicial District",,DEM,Julie Kocurek,403,152,251
Travis,206,"District Judge, 390th Judicial District",,DEM,Julie Kocurek,270,130,140
Travis,207,"District Judge, 390th Judicial District",,DEM,Julie Kocurek,699,283,416
Travis,208,"District Judge, 390th Judicial District",,DEM,Julie Kocurek,1437,797,640
Travis,209,"District Judge, 390th Judicial District",,DEM,Julie Kocurek,166,79,87
Travis,210,"District Judge, 390th Judicial District",,DEM,Julie Kocurek,336,171,165
Travis,211,"District Judge, 390th Judicial District",,DEM,Julie Kocurek,340,133,207
Travis,212,"District Judge, 390th Judicial District",,DEM,Julie Kocurek,403,205,198
Travis,213,"District Judge, 390th Judicial District",,DEM,Julie Kocurek,0,0,0
Travis,214,"District Judge, 390th Judicial District",,DEM,Julie Kocurek,530,226,304
Travis,215,"District Judge, 390th Judicial District",,DEM,Julie Kocurek,330,117,213
Travis,216,"District Judge, 390th Judicial District",,DEM,Julie Kocurek,252,82,170
Travis,217,"District Judge, 390th Judicial District",,DEM,Julie Kocurek,370,147,223
Travis,218,"District Judge, 390th Judicial District",,DEM,Julie Kocurek,761,308,453
Travis,219,"District Judge, 390th Judicial District",,DEM,Julie Kocurek,403,148,255
Travis,220,"District Judge, 390th Judicial District",,DEM,Julie Kocurek,348,165,183
Travis,221,"District Judge, 390th Judicial District",,DEM,Julie Kocurek,90,36,54
Travis,222,"District Judge, 390th Judicial District",,DEM,Julie Kocurek,498,181,317
Travis,223,"District Judge, 390th Judicial District",,DEM,Julie Kocurek,108,41,67
Travis,224,"District Judge, 390th Judicial District",,DEM,Julie Kocurek,19,9,10
Travis,225,"District Judge, 390th Judicial District",,DEM,Julie Kocurek,485,167,318
Travis,226,"District Judge, 390th Judicial District",,DEM,Julie Kocurek,283,97,186
Travis,227,"District Judge, 390th Judicial District",,DEM,Julie Kocurek,75,31,44
Travis,228,"District Judge, 390th Judicial District",,DEM,Julie Kocurek,317,164,153
Travis,229,"District Judge, 390th Judicial District",,DEM,Julie Kocurek,386,146,240
Travis,231,"District Judge, 390th Judicial District",,DEM,Julie Kocurek,578,257,321
Travis,232,"District Judge, 390th Judicial District",,DEM,Julie Kocurek,488,234,254
Travis,233,"District Judge, 390th Judicial District",,DEM,Julie Kocurek,400,147,253
Travis,234,"District Judge, 390th Judicial District",,DEM,Julie Kocurek,227,100,127
Travis,235,"District Judge, 390th Judicial District",,DEM,Julie Kocurek,719,293,426
Travis,236,"District Judge, 390th Judicial District",,DEM,Julie Kocurek,874,298,576
Travis,237,"District Judge, 390th Judicial District",,DEM,Julie Kocurek,463,197,266
Travis,238,"District Judge, 390th Judicial District",,DEM,Julie Kocurek,633,263,370
Travis,239,"District Judge, 390th Judicial District",,DEM,Julie Kocurek,670,278,392
Travis,240,"District Judge, 390th Judicial District",,DEM,Julie Kocurek,276,88,188
Travis,241,"District Judge, 390th Judicial District",,DEM,Julie Kocurek,443,161,282
Travis,242,"District Judge, 390th Judicial District",,DEM,Julie Kocurek,1363,601,762
Travis,243,"District Judge, 390th Judicial District",,DEM,Julie Kocurek,474,236,238
Travis,244,"District Judge, 390th Judicial District",,DEM,Julie Kocurek,383,193,190
Travis,245,"District Judge, 390th Judicial District",,DEM,Julie Kocurek,144,54,90
Travis,246,"District Judge, 390th Judicial District",,DEM,Julie Kocurek,378,151,227
Travis,247,"District Judge, 390th Judicial District",,DEM,Julie Kocurek,156,62,94
Travis,248,"District Judge, 390th Judicial District",,DEM,Julie Kocurek,547,241,306
Travis,249,"District Judge, 390th Judicial District",,DEM,Julie Kocurek,583,251,332
Travis,250,"District Judge, 390th Judicial District",,DEM,Julie Kocurek,1055,449,606
Travis,251,"District Judge, 390th Judicial District",,DEM,Julie Kocurek,633,285,348
Travis,252,"District Judge, 390th Judicial District",,DEM,Julie Kocurek,597,280,317
Travis,253,"District Judge, 390th Judicial District",,DEM,Julie Kocurek,527,258,269
Travis,254,"District Judge, 390th Judicial District",,DEM,Julie Kocurek,532,238,294
Travis,256,"District Judge, 390th Judicial District",,DEM,Julie Kocurek,339,170,169
Travis,258,"District Judge, 390th Judicial District",,DEM,Julie Kocurek,458,207,251
Travis,259,"District Judge, 390th Judicial District",,DEM,Julie Kocurek,537,205,332
Travis,260,"District Judge, 390th Judicial District",,DEM,Julie Kocurek,154,49,105
Travis,262,"District Judge, 390th Judicial District",,DEM,Julie Kocurek,876,422,454
Travis,263,"District Judge, 390th Judicial District",,DEM,Julie Kocurek,575,210,365
Travis,266,"District Judge, 390th Judicial District",,DEM,Julie Kocurek,96,53,43
Travis,267,"District Judge, 390th Judicial District",,DEM,Julie Kocurek,277,151,126
Travis,268,"District Judge, 390th Judicial District",,DEM,Julie Kocurek,185,67,118
Travis,273,"District Judge, 390th Judicial District",,DEM,Julie Kocurek,758,314,444
Travis,274,"District Judge, 390th Judicial District",,DEM,Julie Kocurek,702,312,390
Travis,275,"District Judge, 390th Judicial District",,DEM,Julie Kocurek,922,376,546
Travis,277,"District Judge, 390th Judicial District",,DEM,Julie Kocurek,860,462,398
Travis,301,"District Judge, 390th Judicial District",,DEM,Julie Kocurek,245,92,153
Travis,302,"District Judge, 390th Judicial District",,DEM,Julie Kocurek,502,262,240
Travis,303,"District Judge, 390th Judicial District",,DEM,Julie Kocurek,420,210,210
Travis,304,"District Judge, 390th Judicial District",,DEM,Julie Kocurek,665,283,382
Travis,305,"District Judge, 390th Judicial District",,DEM,Julie Kocurek,3,2,1
Travis,306,"District Judge, 390th Judicial District",,DEM,Julie Kocurek,272,149,123
Travis,307,"District Judge, 390th Judicial District",,DEM,Julie Kocurek,260,119,141
Travis,308,"District Judge, 390th Judicial District",,DEM,Julie Kocurek,498,212,286
Travis,309,"District Judge, 390th Judicial District",,DEM,Julie Kocurek,447,232,215
Travis,310,"District Judge, 390th Judicial District",,DEM,Julie Kocurek,746,348,398
Travis,311,"District Judge, 390th Judicial District",,DEM,Julie Kocurek,891,519,372
Travis,312,"District Judge, 390th Judicial District",,DEM,Julie Kocurek,235,114,121
Travis,313,"District Judge, 390th Judicial District",,DEM,Julie Kocurek,93,36,57
Travis,314,"District Judge, 390th Judicial District",,DEM,Julie Kocurek,429,216,213
Travis,315,"District Judge, 390th Judicial District",,DEM,Julie Kocurek,682,308,374
Travis,316,"District Judge, 390th Judicial District",,DEM,Julie Kocurek,242,101,141
Travis,317,"District Judge, 390th Judicial District",,DEM,Julie Kocurek,386,191,195
Travis,318,"District Judge, 390th Judicial District",,DEM,Julie Kocurek,92,33,59
Travis,319,"District Judge, 390th Judicial District",,DEM,Julie Kocurek,197,100,97
Travis,320,"District Judge, 390th Judicial District",,DEM,Julie Kocurek,157,98,59
Travis,321,"District Judge, 390th Judicial District",,DEM,Julie Kocurek,133,64,69
Travis,323,"District Judge, 390th Judicial District",,DEM,Julie Kocurek,373,166,207
Travis,324,"District Judge, 390th Judicial District",,DEM,Julie Kocurek,398,206,192
Travis,325,"District Judge, 390th Judicial District",,DEM,Julie Kocurek,14,7,7
Travis,326,"District Judge, 390th Judicial District",,DEM,Julie Kocurek,310,131,179
Travis,327,"District Judge, 390th Judicial District",,DEM,Julie Kocurek,507,221,286
Travis,328,"District Judge, 390th Judicial District",,DEM,Julie Kocurek,703,326,377
Travis,329,"District Judge, 390th Judicial District",,DEM,Julie Kocurek,401,208,193
Travis,330,"District Judge, 390th Judicial District",,DEM,Julie Kocurek,359,151,208
Travis,331,"District Judge, 390th Judicial District",,DEM,Julie Kocurek,489,154,335
Travis,332,"District Judge, 390th Judicial District",,DEM,Julie Kocurek,784,282,502
Travis,333,"District Judge, 390th Judicial District",,DEM,Julie Kocurek,396,104,292
Travis,334,"District Judge, 390th Judicial District",,DEM,Julie Kocurek,304,120,184
Travis,335,"District Judge, 390th Judicial District",,DEM,Julie Kocurek,356,155,201
Travis,336,"District Judge, 390th Judicial District",,DEM,Julie Kocurek,324,125,199
Travis,337,"District Judge, 390th Judicial District",,DEM,Julie Kocurek,603,218,385
Travis,338,"District Judge, 390th Judicial District",,DEM,Julie Kocurek,772,293,479
Travis,339,"District Judge, 390th Judicial District",,DEM,Julie Kocurek,326,158,168
Travis,340,"District Judge, 390th Judicial District",,DEM,Julie Kocurek,518,203,315
Travis,341,"District Judge, 390th Judicial District",,DEM,Julie Kocurek,7,0,7
Travis,342,"District Judge, 390th Judicial District",,DEM,Julie Kocurek,1220,531,689
Travis,343,"District Judge, 390th Judicial District",,DEM,Julie Kocurek,238,84,154
Travis,344,"District Judge, 390th Judicial District",,DEM,Julie Kocurek,405,178,227
Travis,345,"District Judge, 390th Judicial District",,DEM,Julie Kocurek,1,1,0
Travis,346,"District Judge, 390th Judicial District",,DEM,Julie Kocurek,239,145,94
Travis,347,"District Judge, 390th Judicial District",,DEM,Julie Kocurek,418,208,210
Travis,349,"District Judge, 390th Judicial District",,DEM,Julie Kocurek,776,338,438
Travis,350,"District Judge, 390th Judicial District",,DEM,Julie Kocurek,808,371,437
Travis,351,"District Judge, 390th Judicial District",,DEM,Julie Kocurek,281,131,150
Travis,352,"District Judge, 390th Judicial District",,DEM,Julie Kocurek,711,372,339
Travis,354,"District Judge, 390th Judicial District",,DEM,Julie Kocurek,780,446,334
Travis,356,"District Judge, 390th Judicial District",,DEM,Julie Kocurek,279,131,148
Travis,357,"District Judge, 390th Judicial District",,DEM,Julie Kocurek,95,39,56
Travis,358,"District Judge, 390th Judicial District",,DEM,Julie Kocurek,1005,466,539
Travis,359,"District Judge, 390th Judicial District",,DEM,Julie Kocurek,494,230,264
Travis,360,"District Judge, 390th Judicial District",,DEM,Julie Kocurek,720,308,412
Travis,361,"District Judge, 390th Judicial District",,DEM,Julie Kocurek,205,89,116
Travis,362,"District Judge, 390th Judicial District",,DEM,Julie Kocurek,637,322,315
Travis,363,"District Judge, 390th Judicial District",,DEM,Julie Kocurek,303,147,156
Travis,364,"District Judge, 390th Judicial District",,DEM,Julie Kocurek,583,332,251
Travis,365,"District Judge, 390th Judicial District",,DEM,Julie Kocurek,294,119,175
Travis,366,"District Judge, 390th Judicial District",,DEM,Julie Kocurek,876,401,475
Travis,367,"District Judge, 390th Judicial District",,DEM,Julie Kocurek,813,368,445
Travis,368,"District Judge, 390th Judicial District",,DEM,Julie Kocurek,23,13,10
Travis,369,"District Judge, 390th Judicial District",,DEM,Julie Kocurek,173,55,118
Travis,370,"District Judge, 390th Judicial District",,DEM,Julie Kocurek,135,19,116
Travis,371,"District Judge, 390th Judicial District",,DEM,Julie Kocurek,215,85,130
Travis,372,"District Judge, 390th Judicial District",,DEM,Julie Kocurek,151,48,103
Travis,373,"District Judge, 390th Judicial District",,DEM,Julie Kocurek,332,130,202
Travis,374,"District Judge, 390th Judicial District",,DEM,Julie Kocurek,440,154,286
Travis,375,"District Judge, 390th Judicial District",,DEM,Julie Kocurek,80,28,52
Travis,401,"District Judge, 390th Judicial District",,DEM,Julie Kocurek,317,149,168
Travis,402,"District Judge, 390th Judicial District",,DEM,Julie Kocurek,410,176,234
Travis,403,"District Judge, 390th Judicial District",,DEM,Julie Kocurek,168,56,112
Travis,404,"District Judge, 390th Judicial District",,DEM,Julie Kocurek,411,155,256
Travis,405,"District Judge, 390th Judicial District",,DEM,Julie Kocurek,86,35,51
Travis,406,"District Judge, 390th Judicial District",,DEM,Julie Kocurek,414,246,168
Travis,407,"District Judge, 390th Judicial District",,DEM,Julie Kocurek,289,123,166
Travis,408,"District Judge, 390th Judicial District",,DEM,Julie Kocurek,531,205,326
Travis,409,"District Judge, 390th Judicial District",,DEM,Julie Kocurek,515,220,295
Travis,410,"District Judge, 390th Judicial District",,DEM,Julie Kocurek,574,280,294
Travis,411,"District Judge, 390th Judicial District",,DEM,Julie Kocurek,304,128,176
Travis,412,"District Judge, 390th Judicial District",,DEM,Julie Kocurek,27,16,11
Travis,413,"District Judge, 390th Judicial District",,DEM,Julie Kocurek,168,69,99
Travis,414,"District Judge, 390th Judicial District",,DEM,Julie Kocurek,613,259,354
Travis,415,"District Judge, 390th Judicial District",,DEM,Julie Kocurek,238,88,150
Travis,416,"District Judge, 390th Judicial District",,DEM,Julie Kocurek,22,10,12
Travis,417,"District Judge, 390th Judicial District",,DEM,Julie Kocurek,266,132,134
Travis,418,"District Judge, 390th Judicial District",,DEM,Julie Kocurek,0,0,0
Travis,419,"District Judge, 390th Judicial District",,DEM,Julie Kocurek,87,52,35
Travis,420,"District Judge, 390th Judicial District",,DEM,Julie Kocurek,542,232,310
Travis,421,"District Judge, 390th Judicial District",,DEM,Julie Kocurek,603,242,361
Travis,422,"District Judge, 390th Judicial District",,DEM,Julie Kocurek,580,254,326
Travis,423,"District Judge, 390th Judicial District",,DEM,Julie Kocurek,579,233,346
Travis,424,"District Judge, 390th Judicial District",,DEM,Julie Kocurek,566,225,341
Travis,425,"District Judge, 390th Judicial District",,DEM,Julie Kocurek,188,83,105
Travis,426,"District Judge, 390th Judicial District",,DEM,Julie Kocurek,591,264,327
Travis,427,"District Judge, 390th Judicial District",,DEM,Julie Kocurek,439,209,230
Travis,428,"District Judge, 390th Judicial District",,DEM,Julie Kocurek,224,104,120
Travis,429,"District Judge, 390th Judicial District",,DEM,Julie Kocurek,1168,519,649
Travis,430,"District Judge, 390th Judicial District",,DEM,Julie Kocurek,295,114,181
Travis,431,"District Judge, 390th Judicial District",,DEM,Julie Kocurek,1071,430,641
Travis,432,"District Judge, 390th Judicial District",,DEM,Julie Kocurek,2,2,0
Travis,433,"District Judge, 390th Judicial District",,DEM,Julie Kocurek,620,293,327
Travis,434,"District Judge, 390th Judicial District",,DEM,Julie Kocurek,2,1,1
Travis,435,"District Judge, 390th Judicial District",,DEM,Julie Kocurek,1027,449,578
Travis,436,"District Judge, 390th Judicial District",,DEM,Julie Kocurek,67,28,39
Travis,437,"District Judge, 390th Judicial District",,DEM,Julie Kocurek,560,213,347
Travis,438,"District Judge, 390th Judicial District",,DEM,Julie Kocurek,318,142,176
Travis,439,"District Judge, 390th Judicial District",,DEM,Julie Kocurek,602,250,352
Travis,440,"District Judge, 390th Judicial District",,DEM,Julie Kocurek,201,96,105
Travis,441,"District Judge, 390th Judicial District",,DEM,Julie Kocurek,814,396,418
Travis,442,"District Judge, 390th Judicial District",,DEM,Julie Kocurek,302,119,183
Travis,443,"District Judge, 390th Judicial District",,DEM,Julie Kocurek,463,207,256
Travis,444,"District Judge, 390th Judicial District",,DEM,Julie Kocurek,24,11,13
Travis,446,"District Judge, 390th Judicial District",,DEM,Julie Kocurek,264,107,157
Travis,447,"District Judge, 390th Judicial District",,DEM,Julie Kocurek,758,311,447
Travis,448,"District Judge, 390th Judicial District",,DEM,Julie Kocurek,389,167,222
Travis,450,"District Judge, 390th Judicial District",,DEM,Julie Kocurek,627,263,364
Travis,451,"District Judge, 390th Judicial District",,DEM,Julie Kocurek,628,262,366
Travis,452,"District Judge, 390th Judicial District",,DEM,Julie Kocurek,310,131,179
Travis,454,"District Judge, 390th Judicial District",,DEM,Julie Kocurek,466,238,228
Travis,458,"District Judge, 390th Judicial District",,DEM,Julie Kocurek,684,352,332
Travis,460,"District Judge, 390th Judicial District",,DEM,Julie Kocurek,804,403,401
Travis,461,"District Judge, 390th Judicial District",,DEM,Julie Kocurek,873,386,487
Travis,463,"District Judge, 390th Judicial District",,DEM,Julie Kocurek,660,270,390
Travis,122,U.S. House,25,DEM,Kathi Thomas,685,346,339
Travis,124,U.S. House,25,DEM,Kathi Thomas,1201,561,640
Travis,126,U.S. House,25,DEM,Kathi Thomas,1342,601,741
Travis,129,U.S. House,25,DEM,Kathi Thomas,612,295,317
Travis,130,U.S. House,25,DEM,Kathi Thomas,559,209,350
Travis,132,U.S. House,25,DEM,Kathi Thomas,673,296,377
Travis,133,U.S. House,25,DEM,Kathi Thomas,665,237,428
Travis,135,U.S. House,25,DEM,Kathi Thomas,1841,785,1056
Travis,151,U.S. House,25,DEM,Kathi Thomas,620,255,365
Travis,152,U.S. House,25,DEM,Kathi Thomas,1268,571,697
Travis,202,U.S. House,25,DEM,Kathi Thomas,987,441,546
Travis,206,U.S. House,25,DEM,Kathi Thomas,311,149,162
Travis,208,U.S. House,25,DEM,Kathi Thomas,1689,937,752
Travis,210,U.S. House,25,DEM,Kathi Thomas,335,177,158
Travis,213,U.S. House,25,DEM,Kathi Thomas,0,0,0
Travis,214,U.S. House,25,DEM,Kathi Thomas,561,239,322
Travis,220,U.S. House,25,DEM,Kathi Thomas,363,169,194
Travis,221,U.S. House,25,DEM,Kathi Thomas,98,41,57
Travis,231,U.S. House,25,DEM,Kathi Thomas,591,253,338
Travis,232,U.S. House,25,DEM,Kathi Thomas,535,254,281
Travis,233,U.S. House,25,DEM,Kathi Thomas,431,160,271
Travis,234,U.S. House,25,DEM,Kathi Thomas,239,104,135
Travis,238,U.S. House,25,DEM,Kathi Thomas,687,276,411
Travis,244,U.S. House,25,DEM,Kathi Thomas,418,213,205
Travis,247,U.S. House,25,DEM,Kathi Thomas,152,57,95
Travis,251,U.S. House,25,DEM,Kathi Thomas,667,291,376
Travis,256,U.S. House,25,DEM,Kathi Thomas,336,167,169
Travis,274,U.S. House,25,DEM,Kathi Thomas,790,351,439
Travis,275,U.S. House,25,DEM,Kathi Thomas,1033,420,613
Travis,302,U.S. House,25,DEM,Kathi Thomas,514,266,248
Travis,303,U.S. House,25,DEM,Kathi Thomas,470,225,245
Travis,304,U.S. House,25,DEM,Kathi Thomas,716,301,415
Travis,306,U.S. House,25,DEM,Kathi Thomas,288,157,131
Travis,307,U.S. House,25,DEM,Kathi Thomas,265,120,145
Travis,308,U.S. House,25,DEM,Kathi Thomas,514,223,291
Travis,312,U.S. House,25,DEM,Kathi Thomas,256,121,135
Travis,313,U.S. House,25,DEM,Kathi Thomas,101,38,63
Travis,316,U.S. House,25,DEM,Kathi Thomas,266,108,158
Travis,317,U.S. House,25,DEM,Kathi Thomas,403,197,206
Travis,318,U.S. House,25,DEM,Kathi Thomas,95,34,61
Travis,319,U.S. House,25,DEM,Kathi Thomas,214,109,105
Travis,320,U.S. House,25,DEM,Kathi Thomas,172,112,60
Travis,324,U.S. House,25,DEM,Kathi Thomas,427,219,208
Travis,325,U.S. House,25,DEM,Kathi Thomas,14,7,7
Travis,338,U.S. House,25,DEM,Kathi Thomas,821,319,502
Travis,346,U.S. House,25,DEM,Kathi Thomas,255,153,102
Travis,347,U.S. House,25,DEM,Kathi Thomas,417,203,214
Travis,358,U.S. House,25,DEM,Kathi Thomas,1056,492,564
Travis,359,U.S. House,25,DEM,Kathi Thomas,526,247,279
Travis,360,U.S. House,25,DEM,Kathi Thomas,788,339,449
Travis,361,U.S. House,25,DEM,Kathi Thomas,231,101,130
Travis,362,U.S. House,25,DEM,Kathi Thomas,665,328,337
Travis,364,U.S. House,25,DEM,Kathi Thomas,592,338,254
Travis,366,U.S. House,25,DEM,Kathi Thomas,933,420,513
Travis,367,U.S. House,25,DEM,Kathi Thomas,898,387,511
Travis,369,U.S. House,25,DEM,Kathi Thomas,182,56,126
Travis,370,U.S. House,25,DEM,Kathi Thomas,136,18,118
Travis,371,U.S. House,25,DEM,Kathi Thomas,225,89,136
Travis,372,U.S. House,25,DEM,Kathi Thomas,160,52,108
Travis,373,U.S. House,25,DEM,Kathi Thomas,348,138,210
Travis,432,U.S. House,25,DEM,Kathi Thomas,2,2,0
Travis,434,U.S. House,25,DEM,Kathi Thomas,3,2,1
Travis,101,President,,DEM,Keith Judd,0,0,0
Travis,102,President,,DEM,Keith Judd,0,0,0
Travis,103,President,,DEM,Keith Judd,0,0,0
Travis,104,President,,DEM,Keith Judd,0,0,0
Travis,105,President,,DEM,Keith Judd,1,0,1
Travis,106,President,,DEM,Keith Judd,1,0,1
Travis,107,President,,DEM,Keith Judd,0,0,0
Travis,108,President,,DEM,Keith Judd,0,0,0
Travis,109,President,,DEM,Keith Judd,0,0,0
Travis,110,President,,DEM,Keith Judd,0,0,0
Travis,111,President,,DEM,Keith Judd,0,0,0
Travis,112,President,,DEM,Keith Judd,1,0,1
Travis,113,President,,DEM,Keith Judd,3,1,2
Travis,114,President,,DEM,Keith Judd,0,0,0
Travis,115,President,,DEM,Keith Judd,0,0,0
Travis,116,President,,DEM,Keith Judd,0,0,0
Travis,117,President,,DEM,Keith Judd,0,0,0
Travis,118,President,,DEM,Keith Judd,0,0,0
Travis,119,President,,DEM,Keith Judd,0,0,0
Travis,120,President,,DEM,Keith Judd,0,0,0
Travis,121,President,,DEM,Keith Judd,1,1,0
Travis,122,President,,DEM,Keith Judd,0,0,0
Travis,123,President,,DEM,Keith Judd,0,0,0
Travis,124,President,,DEM,Keith Judd,0,0,0
Travis,125,President,,DEM,Keith Judd,0,0,0
Travis,126,President,,DEM,Keith Judd,0,0,0
Travis,127,President,,DEM,Keith Judd,0,0,0
Travis,128,President,,DEM,Keith Judd,0,0,0
Travis,129,President,,DEM,Keith Judd,0,0,0
Travis,130,President,,DEM,Keith Judd,0,0,0
Travis,131,President,,DEM,Keith Judd,0,0,0
Travis,132,President,,DEM,Keith Judd,0,0,0
Travis,133,President,,DEM,Keith Judd,1,0,1
Travis,134,President,,DEM,Keith Judd,0,0,0
Travis,135,President,,DEM,Keith Judd,2,1,1
Travis,136,President,,DEM,Keith Judd,0,0,0
Travis,137,President,,DEM,Keith Judd,0,0,0
Travis,138,President,,DEM,Keith Judd,0,0,0
Travis,139,President,,DEM,Keith Judd,0,0,0
Travis,140,President,,DEM,Keith Judd,0,0,0
Travis,141,President,,DEM,Keith Judd,0,0,0
Travis,142,President,,DEM,Keith Judd,0,0,0
Travis,145,President,,DEM,Keith Judd,0,0,0
Travis,146,President,,DEM,Keith Judd,1,1,0
Travis,148,President,,DEM,Keith Judd,1,0,1
Travis,149,President,,DEM,Keith Judd,0,0,0
Travis,150,President,,DEM,Keith Judd,1,0,1
Travis,151,President,,DEM,Keith Judd,0,0,0
Travis,152,President,,DEM,Keith Judd,0,0,0
Travis,153,President,,DEM,Keith Judd,0,0,0
Travis,154,President,,DEM,Keith Judd,0,0,0
Travis,156,President,,DEM,Keith Judd,1,0,1
Travis,160,President,,DEM,Keith Judd,0,0,0
Travis,161,President,,DEM,Keith Judd,0,0,0
Travis,163,President,,DEM,Keith Judd,0,0,0
Travis,164,President,,DEM,Keith Judd,0,0,0
Travis,200,President,,DEM,Keith Judd,0,0,0
Travis,202,President,,DEM,Keith Judd,0,0,0
Travis,203,President,,DEM,Keith Judd,0,0,0
Travis,205,President,,DEM,Keith Judd,0,0,0
Travis,206,President,,DEM,Keith Judd,0,0,0
Travis,207,President,,DEM,Keith Judd,0,0,0
Travis,208,President,,DEM,Keith Judd,0,0,0
Travis,209,President,,DEM,Keith Judd,0,0,0
Travis,210,President,,DEM,Keith Judd,0,0,0
Travis,211,President,,DEM,Keith Judd,1,0,1
Travis,212,President,,DEM,Keith Judd,0,0,0
Travis,213,President,,DEM,Keith Judd,0,0,0
Travis,214,President,,DEM,Keith Judd,0,0,0
Travis,215,President,,DEM,Keith Judd,0,0,0
Travis,216,President,,DEM,Keith Judd,0,0,0
Travis,217,President,,DEM,Keith Judd,1,0,1
Travis,218,President,,DEM,Keith Judd,0,0,0
Travis,219,President,,DEM,Keith Judd,0,0,0
Travis,220,President,,DEM,Keith Judd,0,0,0
Travis,221,President,,DEM,Keith Judd,0,0,0
Travis,222,President,,DEM,Keith Judd,0,0,0
Travis,223,President,,DEM,Keith Judd,0,0,0
Travis,224,President,,DEM,Keith Judd,0,0,0
Travis,225,President,,DEM,Keith Judd,0,0,0
Travis,226,President,,DEM,Keith Judd,0,0,0
Travis,227,President,,DEM,Keith Judd,0,0,0
Travis,228,President,,DEM,Keith Judd,0,0,0
Travis,229,President,,DEM,Keith Judd,0,0,0
Travis,231,President,,DEM,Keith Judd,0,0,0
Travis,232,President,,DEM,Keith Judd,0,0,0
Travis,233,President,,DEM,Keith Judd,0,0,0
Travis,234,President,,DEM,Keith Judd,1,0,1
Travis,235,President,,DEM,Keith Judd,0,0,0
Travis,236,President,,DEM,Keith Judd,0,0,0
Travis,237,President,,DEM,Keith Judd,0,0,0
Travis,238,President,,DEM,Keith Judd,0,0,0
Travis,239,President,,DEM,Keith Judd,0,0,0
Travis,240,President,,DEM,Keith Judd,0,0,0
Travis,241,President,,DEM,Keith Judd,0,0,0
Travis,242,President,,DEM,Keith Judd,0,0,0
Travis,243,President,,DEM,Keith Judd,0,0,0
Travis,244,President,,DEM,Keith Judd,1,0,1
Travis,245,President,,DEM,Keith Judd,0,0,0
Travis,246,President,,DEM,Keith Judd,0,0,0
Travis,247,President,,DEM,Keith Judd,0,0,0
Travis,248,President,,DEM,Keith Judd,0,0,0
Travis,249,President,,DEM,Keith Judd,0,0,0
Travis,250,President,,DEM,Keith Judd,0,0,0
Travis,251,President,,DEM,Keith Judd,0,0,0
Travis,252,President,,DEM,Keith Judd,0,0,0
Travis,253,President,,DEM,Keith Judd,1,1,0
Travis,254,President,,DEM,Keith Judd,0,0,0
Travis,256,President,,DEM,Keith Judd,0,0,0
Travis,258,President,,DEM,Keith Judd,0,0,0
Travis,259,President,,DEM,Keith Judd,0,0,0
Travis,260,President,,DEM,Keith Judd,0,0,0
Travis,262,President,,DEM,Keith Judd,1,0,1
Travis,263,President,,DEM,Keith Judd,1,1,0
Travis,266,President,,DEM,Keith Judd,0,0,0
Travis,267,President,,DEM,Keith Judd,0,0,0
Travis,268,President,,DEM,Keith Judd,0,0,0
Travis,273,President,,DEM,Keith Judd,0,0,0
Travis,274,President,,DEM,Keith Judd,0,0,0
Travis,275,President,,DEM,Keith Judd,0,0,0
Travis,277,President,,DEM,Keith Judd,0,0,0
Travis,301,President,,DEM,Keith Judd,0,0,0
Travis,302,President,,DEM,Keith Judd,0,0,0
Travis,303,President,,DEM,Keith Judd,0,0,0
Travis,304,President,,DEM,Keith Judd,1,0,1
Travis,305,President,,DEM,Keith Judd,0,0,0
Travis,306,President,,DEM,Keith Judd,0,0,0
Travis,307,President,,DEM,Keith Judd,0,0,0
Travis,308,President,,DEM,Keith Judd,0,0,0
Travis,309,President,,DEM,Keith Judd,0,0,0
Travis,310,President,,DEM,Keith Judd,1,1,0
Travis,311,President,,DEM,Keith Judd,0,0,0
Travis,312,President,,DEM,Keith Judd,1,1,0
Travis,313,President,,DEM,Keith Judd,0,0,0
Travis,314,President,,DEM,Keith Judd,0,0,0
Travis,315,President,,DEM,Keith Judd,0,0,0
Travis,316,President,,DEM,Keith Judd,0,0,0
Travis,317,President,,DEM,Keith Judd,1,0,1
Travis,318,President,,DEM,Keith Judd,0,0,0
Travis,319,President,,DEM,Keith Judd,0,0,0
Travis,320,President,,DEM,Keith Judd,0,0,0
Travis,321,President,,DEM,Keith Judd,0,0,0
Travis,323,President,,DEM,Keith Judd,0,0,0
Travis,324,President,,DEM,Keith Judd,0,0,0
Travis,325,President,,DEM,Keith Judd,0,0,0
Travis,326,President,,DEM,Keith Judd,0,0,0
Travis,327,President,,DEM,Keith Judd,0,0,0
Travis,328,President,,DEM,Keith Judd,0,0,0
Travis,329,President,,DEM,Keith Judd,0,0,0
Travis,330,President,,DEM,Keith Judd,0,0,0
Travis,331,President,,DEM,Keith Judd,0,0,0
Travis,332,President,,DEM,Keith Judd,0,0,0
Travis,333,President,,DEM,Keith Judd,0,0,0
Travis,334,President,,DEM,Keith Judd,0,0,0
Travis,335,President,,DEM,Keith Judd,0,0,0
Travis,336,President,,DEM,Keith Judd,1,1,0
Travis,337,President,,DEM,Keith Judd,0,0,0
Travis,338,President,,DEM,Keith Judd,0,0,0
Travis,339,President,,DEM,Keith Judd,0,0,0
Travis,340,President,,DEM,Keith Judd,1,0,1
Travis,341,President,,DEM,Keith Judd,0,0,0
Travis,342,President,,DEM,Keith Judd,1,0,1
Travis,343,President,,DEM,Keith Judd,0,0,0
Travis,344,President,,DEM,Keith Judd,0,0,0
Travis,345,President,,DEM,Keith Judd,0,0,0
Travis,346,President,,DEM,Keith Judd,1,1,0
Travis,347,President,,DEM,Keith Judd,0,0,0
Travis,349,President,,DEM,Keith Judd,0,0,0
Travis,350,President,,DEM,Keith Judd,0,0,0
Travis,351,President,,DEM,Keith Judd,1,0,1
Travis,352,President,,DEM,Keith Judd,0,0,0
Travis,354,President,,DEM,Keith Judd,0,0,0
Travis,356,President,,DEM,Keith Judd,0,0,0
Travis,357,President,,DEM,Keith Judd,0,0,0
Travis,358,President,,DEM,Keith Judd,1,1,0
Travis,359,President,,DEM,Keith Judd,1,1,0
Travis,360,President,,DEM,Keith Judd,0,0,0
Travis,361,President,,DEM,Keith Judd,0,0,0
Travis,362,President,,DEM,Keith Judd,0,0,0
Travis,363,President,,DEM,Keith Judd,0,0,0
Travis,364,President,,DEM,Keith Judd,0,0,0
Travis,365,President,,DEM,Keith Judd,0,0,0
Travis,366,President,,DEM,Keith Judd,0,0,0
Travis,367,President,,DEM,Keith Judd,0,0,0
Travis,368,President,,DEM,Keith Judd,0,0,0
Travis,369,President,,DEM,Keith Judd,0,0,0
Travis,370,President,,DEM,Keith Judd,0,0,0
Travis,371,President,,DEM,Keith Judd,0,0,0
Travis,372,President,,DEM,Keith Judd,0,0,0
Travis,373,President,,DEM,Keith Judd,0,0,0
Travis,374,President,,DEM,Keith Judd,0,0,0
Travis,375,President,,DEM,Keith Judd,0,0,0
Travis,401,President,,DEM,Keith Judd,0,0,0
Travis,402,President,,DEM,Keith Judd,0,0,0
Travis,403,President,,DEM,Keith Judd,0,0,0
Travis,404,President,,DEM,Keith Judd,1,1,0
Travis,405,President,,DEM,Keith Judd,0,0,0
Travis,406,President,,DEM,Keith Judd,0,0,0
Travis,407,President,,DEM,Keith Judd,0,0,0
Travis,408,President,,DEM,Keith Judd,0,0,0
Travis,409,President,,DEM,Keith Judd,0,0,0
Travis,410,President,,DEM,Keith Judd,0,0,0
Travis,411,President,,DEM,Keith Judd,1,1,0
Travis,412,President,,DEM,Keith Judd,0,0,0
Travis,413,President,,DEM,Keith Judd,0,0,0
Travis,414,President,,DEM,Keith Judd,0,0,0
Travis,415,President,,DEM,Keith Judd,0,0,0
Travis,416,President,,DEM,Keith Judd,0,0,0
Travis,417,President,,DEM,Keith Judd,0,0,0
Travis,418,President,,DEM,Keith Judd,0,0,0
Travis,419,President,,DEM,Keith Judd,0,0,0
Travis,420,President,,DEM,Keith Judd,0,0,0
Travis,421,President,,DEM,Keith Judd,0,0,0
Travis,422,President,,DEM,Keith Judd,0,0,0
Travis,423,President,,DEM,Keith Judd,0,0,0
Travis,424,President,,DEM,Keith Judd,0,0,0
Travis,425,President,,DEM,Keith Judd,0,0,0
Travis,426,President,,DEM,Keith Judd,0,0,0
Travis,427,President,,DEM,Keith Judd,0,0,0
Travis,428,President,,DEM,Keith Judd,0,0,0
Travis,429,President,,DEM,Keith Judd,0,0,0
Travis,430,President,,DEM,Keith Judd,0,0,0
Travis,431,President,,DEM,Keith Judd,1,1,0
Travis,432,President,,DEM,Keith Judd,0,0,0
Travis,433,President,,DEM,Keith Judd,0,0,0
Travis,434,President,,DEM,Keith Judd,0,0,0
Travis,435,President,,DEM,Keith Judd,1,1,0
Travis,436,President,,DEM,Keith Judd,0,0,0
Travis,437,President,,DEM,Keith Judd,0,0,0
Travis,438,President,,DEM,Keith Judd,0,0,0
Travis,439,President,,DEM,Keith Judd,1,1,0
Travis,440,President,,DEM,Keith Judd,0,0,0
Travis,441,President,,DEM,Keith Judd,1,1,0
Travis,442,President,,DEM,Keith Judd,0,0,0
Travis,443,President,,DEM,Keith Judd,1,1,0
Travis,444,President,,DEM,Keith Judd,0,0,0
Travis,446,President,,DEM,Keith Judd,0,0,0
Travis,447,President,,DEM,Keith Judd,0,0,0
Travis,448,President,,DEM,Keith Judd,0,0,0
Travis,450,President,,DEM,Keith Judd,1,1,0
Travis,451,President,,DEM,Keith Judd,0,0,0
Travis,452,President,,DEM,Keith Judd,0,0,0
Travis,454,President,,DEM,Keith Judd,1,1,0
Travis,458,President,,DEM,Keith Judd,1,0,1
Travis,460,President,,DEM,Keith Judd,0,0,0
Travis,461,President,,DEM,Keith Judd,0,0,0
Travis,463,President,,DEM,Keith Judd,0,0,0
Travis,149,State Representative,49,DEM,Kenton D. Johnson,9,2,7
Travis,200,State Representative,49,DEM,Kenton D. Johnson,20,8,12
Travis,202,State Representative,49,DEM,Kenton D. Johnson,6,4,2
Travis,206,State Representative,49,DEM,Kenton D. Johnson,9,4,5
Travis,208,State Representative,49,DEM,Kenton D. Johnson,22,16,6
Travis,209,State Representative,49,DEM,Kenton D. Johnson,2,1,1
Travis,214,State Representative,49,DEM,Kenton D. Johnson,7,2,5
Travis,218,State Representative,49,DEM,Kenton D. Johnson,42,12,30
Travis,222,State Representative,49,DEM,Kenton D. Johnson,19,8,11
Travis,228,State Representative,49,DEM,Kenton D. Johnson,15,7,8
Travis,235,State Representative,49,DEM,Kenton D. Johnson,13,8,5
Travis,236,State Representative,49,DEM,Kenton D. Johnson,14,4,10
Travis,239,State Representative,49,DEM,Kenton D. Johnson,9,4,5
Travis,240,State Representative,49,DEM,Kenton D. Johnson,4,0,4
Travis,241,State Representative,49,DEM,Kenton D. Johnson,6,4,2
Travis,242,State Representative,49,DEM,Kenton D. Johnson,22,13,9
Travis,243,State Representative,49,DEM,Kenton D. Johnson,17,6,11
Travis,248,State Representative,49,DEM,Kenton D. Johnson,7,5,2
Travis,250,State Representative,49,DEM,Kenton D. Johnson,17,7,10
Travis,252,State Representative,49,DEM,Kenton D. Johnson,14,7,7
Travis,258,State Representative,49,DEM,Kenton D. Johnson,16,5,11
Travis,260,State Representative,49,DEM,Kenton D. Johnson,10,6,4
Travis,267,State Representative,49,DEM,Kenton D. Johnson,7,2,5
Travis,268,State Representative,49,DEM,Kenton D. Johnson,10,2,8
Travis,273,State Representative,49,DEM,Kenton D. Johnson,32,4,28
Travis,274,State Representative,49,DEM,Kenton D. Johnson,16,8,8
Travis,275,State Representative,49,DEM,Kenton D. Johnson,13,4,9
Travis,277,State Representative,49,DEM,Kenton D. Johnson,24,17,7
Travis,305,State Representative,49,DEM,Kenton D. Johnson,0,0,0
Travis,311,State Representative,49,DEM,Kenton D. Johnson,17,9,8
Travis,313,State Representative,49,DEM,Kenton D. Johnson,1,0,1
Travis,323,State Representative,49,DEM,Kenton D. Johnson,17,7,10
Travis,325,State Representative,49,DEM,Kenton D. Johnson,0,0,0
Travis,329,State Representative,49,DEM,Kenton D. Johnson,13,6,7
Travis,332,State Representative,49,DEM,Kenton D. Johnson,5,2,3
Travis,340,State Representative,49,DEM,Kenton D. Johnson,7,4,3
Travis,342,State Representative,49,DEM,Kenton D. Johnson,18,9,9
Travis,345,State Representative,49,DEM,Kenton D. Johnson,0,0,0
Travis,409,State Representative,49,DEM,Kenton D. Johnson,9,3,6
Travis,425,State Representative,49,DEM,Kenton D. Johnson,7,2,5
Travis,430,State Representative,49,DEM,Kenton D. Johnson,12,7,5
Travis,446,State Representative,49,DEM,Kenton D. Johnson,5,2,3
Travis,454,State Representative,49,DEM,Kenton D. Johnson,11,1,10
Travis,460,State Representative,49,DEM,Kenton D. Johnson,21,3,18
Travis,461,State Representative,49,DEM,Kenton D. Johnson,24,12,12
Travis,101,"Judge, County Criminal Court No. 9",,DEM,Kim Williams,788,279,509
Travis,102,"Judge, County Criminal Court No. 9",,DEM,Kim Williams,169,59,110
Travis,103,"Judge, County Criminal Court No. 9",,DEM,Kim Williams,259,105,154
Travis,104,"Judge, County Criminal Court No. 9",,DEM,Kim Williams,200,90,110
Travis,105,"Judge, County Criminal Court No. 9",,DEM,Kim Williams,870,388,482
Travis,106,"Judge, County Criminal Court No. 9",,DEM,Kim Williams,313,132,181
Travis,107,"Judge, County Criminal Court No. 9",,DEM,Kim Williams,34,12,22
Travis,108,"Judge, County Criminal Court No. 9",,DEM,Kim Williams,282,87,195
Travis,109,"Judge, County Criminal Court No. 9",,DEM,Kim Williams,344,119,225
Travis,110,"Judge, County Criminal Court No. 9",,DEM,Kim Williams,654,246,408
Travis,111,"Judge, County Criminal Court No. 9",,DEM,Kim Williams,622,237,385
Travis,112,"Judge, County Criminal Court No. 9",,DEM,Kim Williams,193,66,127
Travis,113,"Judge, County Criminal Court No. 9",,DEM,Kim Williams,809,285,524
Travis,114,"Judge, County Criminal Court No. 9",,DEM,Kim Williams,48,20,28
Travis,115,"Judge, County Criminal Court No. 9",,DEM,Kim Williams,1,0,1
Travis,116,"Judge, County Criminal Court No. 9",,DEM,Kim Williams,1,0,1
Travis,117,"Judge, County Criminal Court No. 9",,DEM,Kim Williams,460,203,257
Travis,118,"Judge, County Criminal Court No. 9",,DEM,Kim Williams,85,40,45
Travis,119,"Judge, County Criminal Court No. 9",,DEM,Kim Williams,0,0,0
Travis,120,"Judge, County Criminal Court No. 9",,DEM,Kim Williams,26,16,10
Travis,121,"Judge, County Criminal Court No. 9",,DEM,Kim Williams,154,77,77
Travis,122,"Judge, County Criminal Court No. 9",,DEM,Kim Williams,637,326,311
Travis,123,"Judge, County Criminal Court No. 9",,DEM,Kim Williams,468,168,300
Travis,124,"Judge, County Criminal Court No. 9",,DEM,Kim Williams,1075,521,554
Travis,125,"Judge, County Criminal Court No. 9",,DEM,Kim Williams,0,0,0
Travis,126,"Judge, County Criminal Court No. 9",,DEM,Kim Williams,1194,541,653
Travis,127,"Judge, County Criminal Court No. 9",,DEM,Kim Williams,0,0,0
Travis,128,"Judge, County Criminal Court No. 9",,DEM,Kim Williams,0,0,0
Travis,129,"Judge, County Criminal Court No. 9",,DEM,Kim Williams,568,286,282
Travis,130,"Judge, County Criminal Court No. 9",,DEM,Kim Williams,501,193,308
Travis,131,"Judge, County Criminal Court No. 9",,DEM,Kim Williams,0,0,0
Travis,132,"Judge, County Criminal Court No. 9",,DEM,Kim Williams,618,280,338
Travis,133,"Judge, County Criminal Court No. 9",,DEM,Kim Williams,610,225,385
Travis,134,"Judge, County Criminal Court No. 9",,DEM,Kim Williams,0,0,0
Travis,135,"Judge, County Criminal Court No. 9",,DEM,Kim Williams,1647,715,932
Travis,136,"Judge, County Criminal Court No. 9",,DEM,Kim Williams,382,164,218
Travis,137,"Judge, County Criminal Court No. 9",,DEM,Kim Williams,881,325,556
Travis,138,"Judge, County Criminal Court No. 9",,DEM,Kim Williams,0,0,0
Travis,139,"Judge, County Criminal Court No. 9",,DEM,Kim Williams,577,253,324
Travis,140,"Judge, County Criminal Court No. 9",,DEM,Kim Williams,298,126,172
Travis,141,"Judge, County Criminal Court No. 9",,DEM,Kim Williams,66,21,45
Travis,142,"Judge, County Criminal Court No. 9",,DEM,Kim Williams,202,94,108
Travis,145,"Judge, County Criminal Court No. 9",,DEM,Kim Williams,381,138,243
Travis,146,"Judge, County Criminal Court No. 9",,DEM,Kim Williams,372,183,189
Travis,148,"Judge, County Criminal Court No. 9",,DEM,Kim Williams,490,199,291
Travis,149,"Judge, County Criminal Court No. 9",,DEM,Kim Williams,405,160,245
Travis,150,"Judge, County Criminal Court No. 9",,DEM,Kim Williams,232,95,137
Travis,151,"Judge, County Criminal Court No. 9",,DEM,Kim Williams,573,242,331
Travis,152,"Judge, County Criminal Court No. 9",,DEM,Kim Williams,1105,489,616
Travis,153,"Judge, County Criminal Court No. 9",,DEM,Kim Williams,772,287,485
Travis,154,"Judge, County Criminal Court No. 9",,DEM,Kim Williams,454,140,314
Travis,156,"Judge, County Criminal Court No. 9",,DEM,Kim Williams,1020,467,553
Travis,160,"Judge, County Criminal Court No. 9",,DEM,Kim Williams,259,94,165
Travis,161,"Judge, County Criminal Court No. 9",,DEM,Kim Williams,181,72,109
Travis,163,"Judge, County Criminal Court No. 9",,DEM,Kim Williams,23,10,13
Travis,164,"Judge, County Criminal Court No. 9",,DEM,Kim Williams,261,96,165
Travis,200,"Judge, County Criminal Court No. 9",,DEM,Kim Williams,1186,543,643
Travis,202,"Judge, County Criminal Court No. 9",,DEM,Kim Williams,861,390,471
Travis,203,"Judge, County Criminal Court No. 9",,DEM,Kim Williams,100,31,69
Travis,205,"Judge, County Criminal Court No. 9",,DEM,Kim Williams,396,151,245
Travis,206,"Judge, County Criminal Court No. 9",,DEM,Kim Williams,259,128,131
Travis,207,"Judge, County Criminal Court No. 9",,DEM,Kim Williams,666,265,401
Travis,208,"Judge, County Criminal Court No. 9",,DEM,Kim Williams,1424,788,636
Travis,209,"Judge, County Criminal Court No. 9",,DEM,Kim Williams,161,78,83
Travis,210,"Judge, County Criminal Court No. 9",,DEM,Kim Williams,293,150,143
Travis,211,"Judge, County Criminal Court No. 9",,DEM,Kim Williams,331,128,203
Travis,212,"Judge, County Criminal Court No. 9",,DEM,Kim Williams,367,190,177
Travis,213,"Judge, County Criminal Court No. 9",,DEM,Kim Williams,0,0,0
Travis,214,"Judge, County Criminal Court No. 9",,DEM,Kim Williams,484,206,278
Travis,215,"Judge, County Criminal Court No. 9",,DEM,Kim Williams,327,113,214
Travis,216,"Judge, County Criminal Court No. 9",,DEM,Kim Williams,250,79,171
Travis,217,"Judge, County Criminal Court No. 9",,DEM,Kim Williams,352,141,211
Travis,218,"Judge, County Criminal Court No. 9",,DEM,Kim Williams,743,298,445
Travis,219,"Judge, County Criminal Court No. 9",,DEM,Kim Williams,399,143,256
Travis,220,"Judge, County Criminal Court No. 9",,DEM,Kim Williams,314,151,163
Travis,221,"Judge, County Criminal Court No. 9",,DEM,Kim Williams,89,39,50
Travis,222,"Judge, County Criminal Court No. 9",,DEM,Kim Williams,482,180,302
Travis,223,"Judge, County Criminal Court No. 9",,DEM,Kim Williams,104,41,63
Travis,224,"Judge, County Criminal Court No. 9",,DEM,Kim Williams,18,9,9
Travis,225,"Judge, County Criminal Court No. 9",,DEM,Kim Williams,475,165,310
Travis,226,"Judge, County Criminal Court No. 9",,DEM,Kim Williams,287,100,187
Travis,227,"Judge, County Criminal Court No. 9",,DEM,Kim Williams,78,31,47
Travis,228,"Judge, County Criminal Court No. 9",,DEM,Kim Williams,300,157,143
Travis,229,"Judge, County Criminal Court No. 9",,DEM,Kim Williams,379,143,236
Travis,231,"Judge, County Criminal Court No. 9",,DEM,Kim Williams,531,236,295
Travis,232,"Judge, County Criminal Court No. 9",,DEM,Kim Williams,490,239,251
Travis,233,"Judge, County Criminal Court No. 9",,DEM,Kim Williams,389,145,244
Travis,234,"Judge, County Criminal Court No. 9",,DEM,Kim Williams,208,92,116
Travis,235,"Judge, County Criminal Court No. 9",,DEM,Kim Williams,693,279,414
Travis,236,"Judge, County Criminal Court No. 9",,DEM,Kim Williams,840,288,552
Travis,237,"Judge, County Criminal Court No. 9",,DEM,Kim Williams,392,173,219
Travis,238,"Judge, County Criminal Court No. 9",,DEM,Kim Williams,602,255,347
Travis,239,"Judge, County Criminal Court No. 9",,DEM,Kim Williams,633,269,364
Travis,240,"Judge, County Criminal Court No. 9",,DEM,Kim Williams,259,84,175
Travis,241,"Judge, County Criminal Court No. 9",,DEM,Kim Williams,425,157,268
Travis,242,"Judge, County Criminal Court No. 9",,DEM,Kim Williams,1305,580,725
Travis,243,"Judge, County Criminal Court No. 9",,DEM,Kim Williams,450,228,222
Travis,244,"Judge, County Criminal Court No. 9",,DEM,Kim Williams,374,191,183
Travis,245,"Judge, County Criminal Court No. 9",,DEM,Kim Williams,139,52,87
Travis,246,"Judge, County Criminal Court No. 9",,DEM,Kim Williams,348,136,212
Travis,247,"Judge, County Criminal Court No. 9",,DEM,Kim Williams,136,56,80
Travis,248,"Judge, County Criminal Court No. 9",,DEM,Kim Williams,537,235,302
Travis,249,"Judge, County Criminal Court No. 9",,DEM,Kim Williams,541,239,302
Travis,250,"Judge, County Criminal Court No. 9",,DEM,Kim Williams,995,429,566
Travis,251,"Judge, County Criminal Court No. 9",,DEM,Kim Williams,588,273,315
Travis,252,"Judge, County Criminal Court No. 9",,DEM,Kim Williams,570,273,297
Travis,253,"Judge, County Criminal Court No. 9",,DEM,Kim Williams,468,233,235
Travis,254,"Judge, County Criminal Court No. 9",,DEM,Kim Williams,501,226,275
Travis,256,"Judge, County Criminal Court No. 9",,DEM,Kim Williams,284,147,137
Travis,258,"Judge, County Criminal Court No. 9",,DEM,Kim Williams,443,200,243
Travis,259,"Judge, County Criminal Court No. 9",,DEM,Kim Williams,516,201,315
Travis,260,"Judge, County Criminal Court No. 9",,DEM,Kim Williams,151,52,99
Travis,262,"Judge, County Criminal Court No. 9",,DEM,Kim Williams,836,407,429
Travis,263,"Judge, County Criminal Court No. 9",,DEM,Kim Williams,556,207,349
Travis,266,"Judge, County Criminal Court No. 9",,DEM,Kim Williams,78,46,32
Travis,267,"Judge, County Criminal Court No. 9",,DEM,Kim Williams,269,146,123
Travis,268,"Judge, County Criminal Court No. 9",,DEM,Kim Williams,176,66,110
Travis,273,"Judge, County Criminal Court No. 9",,DEM,Kim Williams,704,292,412
Travis,274,"Judge, County Criminal Court No. 9",,DEM,Kim Williams,672,302,370
Travis,275,"Judge, County Criminal Court No. 9",,DEM,Kim Williams,896,368,528
Travis,277,"Judge, County Criminal Court No. 9",,DEM,Kim Williams,848,457,391
Travis,301,"Judge, County Criminal Court No. 9",,DEM,Kim Williams,230,90,140
Travis,302,"Judge, County Criminal Court No. 9",,DEM,Kim Williams,469,248,221
Travis,303,"Judge, County Criminal Court No. 9",,DEM,Kim Williams,396,202,194
Travis,304,"Judge, County Criminal Court No. 9",,DEM,Kim Williams,627,272,355
Travis,305,"Judge, County Criminal Court No. 9",,DEM,Kim Williams,3,2,1
Travis,306,"Judge, County Criminal Court No. 9",,DEM,Kim Williams,263,148,115
Travis,307,"Judge, County Criminal Court No. 9",,DEM,Kim Williams,233,112,121
Travis,308,"Judge, County Criminal Court No. 9",,DEM,Kim Williams,478,208,270
Travis,309,"Judge, County Criminal Court No. 9",,DEM,Kim Williams,423,223,200
Travis,310,"Judge, County Criminal Court No. 9",,DEM,Kim Williams,717,336,381
Travis,311,"Judge, County Criminal Court No. 9",,DEM,Kim Williams,869,503,366
Travis,312,"Judge, County Criminal Court No. 9",,DEM,Kim Williams,225,109,116
Travis,313,"Judge, County Criminal Court No. 9",,DEM,Kim Williams,87,35,52
Travis,314,"Judge, County Criminal Court No. 9",,DEM,Kim Williams,406,207,199
Travis,315,"Judge, County Criminal Court No. 9",,DEM,Kim Williams,642,296,346
Travis,316,"Judge, County Criminal Court No. 9",,DEM,Kim Williams,241,102,139
Travis,317,"Judge, County Criminal Court No. 9",,DEM,Kim Williams,357,182,175
Travis,318,"Judge, County Criminal Court No. 9",,DEM,Kim Williams,88,34,54
Travis,319,"Judge, County Criminal Court No. 9",,DEM,Kim Williams,182,94,88
Travis,320,"Judge, County Criminal Court No. 9",,DEM,Kim Williams,149,96,53
Travis,321,"Judge, County Criminal Court No. 9",,DEM,Kim Williams,121,55,66
Travis,323,"Judge, County Criminal Court No. 9",,DEM,Kim Williams,363,163,200
Travis,324,"Judge, County Criminal Court No. 9",,DEM,Kim Williams,384,196,188
Travis,325,"Judge, County Criminal Court No. 9",,DEM,Kim Williams,13,7,6
Travis,326,"Judge, County Criminal Court No. 9",,DEM,Kim Williams,295,126,169
Travis,327,"Judge, County Criminal Court No. 9",,DEM,Kim Williams,455,202,253
Travis,328,"Judge, County Criminal Court No. 9",,DEM,Kim Williams,683,320,363
Travis,329,"Judge, County Criminal Court No. 9",,DEM,Kim Williams,381,200,181
Travis,330,"Judge, County Criminal Court No. 9",,DEM,Kim Williams,331,140,191
Travis,331,"Judge, County Criminal Court No. 9",,DEM,Kim Williams,464,154,310
Travis,332,"Judge, County Criminal Court No. 9",,DEM,Kim Williams,747,270,477
Travis,333,"Judge, County Criminal Court No. 9",,DEM,Kim Williams,381,97,284
Travis,334,"Judge, County Criminal Court No. 9",,DEM,Kim Williams,292,118,174
Travis,335,"Judge, County Criminal Court No. 9",,DEM,Kim Williams,345,149,196
Travis,336,"Judge, County Criminal Court No. 9",,DEM,Kim Williams,308,121,187
Travis,337,"Judge, County Criminal Court No. 9",,DEM,Kim Williams,556,202,354
Travis,338,"Judge, County Criminal Court No. 9",,DEM,Kim Williams,737,286,451
Travis,339,"Judge, County Criminal Court No. 9",,DEM,Kim Williams,301,147,154
Travis,340,"Judge, County Criminal Court No. 9",,DEM,Kim Williams,505,202,303
Travis,341,"Judge, County Criminal Court No. 9",,DEM,Kim Williams,5,0,5
Travis,342,"Judge, County Criminal Court No. 9",,DEM,Kim Williams,1168,513,655
Travis,343,"Judge, County Criminal Court No. 9",,DEM,Kim Williams,236,83,153
Travis,344,"Judge, County Criminal Court No. 9",,DEM,Kim Williams,388,173,215
Travis,345,"Judge, County Criminal Court No. 9",,DEM,Kim Williams,1,1,0
Travis,346,"Judge, County Criminal Court No. 9",,DEM,Kim Williams,231,141,90
Travis,347,"Judge, County Criminal Court No. 9",,DEM,Kim Williams,374,190,184
Travis,349,"Judge, County Criminal Court No. 9",,DEM,Kim Williams,747,324,423
Travis,350,"Judge, County Criminal Court No. 9",,DEM,Kim Williams,777,365,412
Travis,351,"Judge, County Criminal Court No. 9",,DEM,Kim Williams,265,126,139
Travis,352,"Judge, County Criminal Court No. 9",,DEM,Kim Williams,669,350,319
Travis,354,"Judge, County Criminal Court No. 9",,DEM,Kim Williams,730,430,300
Travis,356,"Judge, County Criminal Court No. 9",,DEM,Kim Williams,263,122,141
Travis,357,"Judge, County Criminal Court No. 9",,DEM,Kim Williams,88,36,52
Travis,358,"Judge, County Criminal Court No. 9",,DEM,Kim Williams,972,461,511
Travis,359,"Judge, County Criminal Court No. 9",,DEM,Kim Williams,475,219,256
Travis,360,"Judge, County Criminal Court No. 9",,DEM,Kim Williams,687,299,388
Travis,361,"Judge, County Criminal Court No. 9",,DEM,Kim Williams,194,86,108
Travis,362,"Judge, County Criminal Court No. 9",,DEM,Kim Williams,614,318,296
Travis,363,"Judge, County Criminal Court No. 9",,DEM,Kim Williams,279,135,144
Travis,364,"Judge, County Criminal Court No. 9",,DEM,Kim Williams,531,311,220
Travis,365,"Judge, County Criminal Court No. 9",,DEM,Kim Williams,288,116,172
Travis,366,"Judge, County Criminal Court No. 9",,DEM,Kim Williams,839,392,447
Travis,367,"Judge, County Criminal Court No. 9",,DEM,Kim Williams,780,350,430
Travis,368,"Judge, County Criminal Court No. 9",,DEM,Kim Williams,22,13,9
Travis,369,"Judge, County Criminal Court No. 9",,DEM,Kim Williams,168,52,116
Travis,370,"Judge, County Criminal Court No. 9",,DEM,Kim Williams,129,18,111
Travis,371,"Judge, County Criminal Court No. 9",,DEM,Kim Williams,208,84,124
Travis,372,"Judge, County Criminal Court No. 9",,DEM,Kim Williams,148,51,97
Travis,373,"Judge, County Criminal Court No. 9",,DEM,Kim Williams,339,134,205
Travis,374,"Judge, County Criminal Court No. 9",,DEM,Kim Williams,421,153,268
Travis,375,"Judge, County Criminal Court No. 9",,DEM,Kim Williams,79,26,53
Travis,401,"Judge, County Criminal Court No. 9",,DEM,Kim Williams,314,145,169
Travis,402,"Judge, County Criminal Court No. 9",,DEM,Kim Williams,411,176,235
Travis,403,"Judge, County Criminal Court No. 9",,DEM,Kim Williams,161,55,106
Travis,404,"Judge, County Criminal Court No. 9",,DEM,Kim Williams,398,150,248
Travis,405,"Judge, County Criminal Court No. 9",,DEM,Kim Williams,79,31,48
Travis,406,"Judge, County Criminal Court No. 9",,DEM,Kim Williams,389,228,161
Travis,407,"Judge, County Criminal Court No. 9",,DEM,Kim Williams,288,122,166
Travis,408,"Judge, County Criminal Court No. 9",,DEM,Kim Williams,514,200,314
Travis,409,"Judge, County Criminal Court No. 9",,DEM,Kim Williams,498,209,289
Travis,410,"Judge, County Criminal Court No. 9",,DEM,Kim Williams,553,269,284
Travis,411,"Judge, County Criminal Court No. 9",,DEM,Kim Williams,294,129,165
Travis,412,"Judge, County Criminal Court No. 9",,DEM,Kim Williams,26,15,11
Travis,413,"Judge, County Criminal Court No. 9",,DEM,Kim Williams,162,66,96
Travis,414,"Judge, County Criminal Court No. 9",,DEM,Kim Williams,596,258,338
Travis,415,"Judge, County Criminal Court No. 9",,DEM,Kim Williams,226,81,145
Travis,416,"Judge, County Criminal Court No. 9",,DEM,Kim Williams,22,10,12
Travis,417,"Judge, County Criminal Court No. 9",,DEM,Kim Williams,266,134,132
Travis,418,"Judge, County Criminal Court No. 9",,DEM,Kim Williams,0,0,0
Travis,419,"Judge, County Criminal Court No. 9",,DEM,Kim Williams,81,48,33
Travis,420,"Judge, County Criminal Court No. 9",,DEM,Kim Williams,524,227,297
Travis,421,"Judge, County Criminal Court No. 9",,DEM,Kim Williams,564,232,332
Travis,422,"Judge, County Criminal Court No. 9",,DEM,Kim Williams,546,238,308
Travis,423,"Judge, County Criminal Court No. 9",,DEM,Kim Williams,547,222,325
Travis,424,"Judge, County Criminal Court No. 9",,DEM,Kim Williams,538,216,322
Travis,425,"Judge, County Criminal Court No. 9",,DEM,Kim Williams,179,77,102
Travis,426,"Judge, County Criminal Court No. 9",,DEM,Kim Williams,583,259,324
Travis,427,"Judge, County Criminal Court No. 9",,DEM,Kim Williams,432,212,220
Travis,428,"Judge, County Criminal Court No. 9",,DEM,Kim Williams,210,97,113
Travis,429,"Judge, County Criminal Court No. 9",,DEM,Kim Williams,1151,513,638
Travis,430,"Judge, County Criminal Court No. 9",,DEM,Kim Williams,292,114,178
Travis,431,"Judge, County Criminal Court No. 9",,DEM,Kim Williams,1060,430,630
Travis,432,"Judge, County Criminal Court No. 9",,DEM,Kim Williams,1,1,0
Travis,433,"Judge, County Criminal Court No. 9",,DEM,Kim Williams,591,284,307
Travis,434,"Judge, County Criminal Court No. 9",,DEM,Kim Williams,2,1,1
Travis,435,"Judge, County Criminal Court No. 9",,DEM,Kim Williams,979,437,542
Travis,436,"Judge, County Criminal Court No. 9",,DEM,Kim Williams,65,27,38
Travis,437,"Judge, County Criminal Court No. 9",,DEM,Kim Williams,533,205,328
Travis,438,"Judge, County Criminal Court No. 9",,DEM,Kim Williams,310,140,170
Travis,439,"Judge, County Criminal Court No. 9",,DEM,Kim Williams,602,252,350
Travis,440,"Judge, County Criminal Court No. 9",,DEM,Kim Williams,199,97,102
Travis,441,"Judge, County Criminal Court No. 9",,DEM,Kim Williams,783,378,405
Travis,442,"Judge, County Criminal Court No. 9",,DEM,Kim Williams,300,119,181
Travis,443,"Judge, County Criminal Court No. 9",,DEM,Kim Williams,445,200,245
Travis,444,"Judge, County Criminal Court No. 9",,DEM,Kim Williams,26,12,14
Travis,446,"Judge, County Criminal Court No. 9",,DEM,Kim Williams,254,105,149
Travis,447,"Judge, County Criminal Court No. 9",,DEM,Kim Williams,725,300,425
Travis,448,"Judge, County Criminal Court No. 9",,DEM,Kim Williams,382,162,220
Travis,450,"Judge, County Criminal Court No. 9",,DEM,Kim Williams,615,257,358
Travis,451,"Judge, County Criminal Court No. 9",,DEM,Kim Williams,610,254,356
Travis,452,"Judge, County Criminal Court No. 9",,DEM,Kim Williams,301,127,174
Travis,454,"Judge, County Criminal Court No. 9",,DEM,Kim Williams,455,233,222
Travis,458,"Judge, County Criminal Court No. 9",,DEM,Kim Williams,659,339,320
Travis,460,"Judge, County Criminal Court No. 9",,DEM,Kim Williams,768,380,388
Travis,461,"Judge, County Criminal Court No. 9",,DEM,Kim Williams,845,372,473
Travis,463,"Judge, County Criminal Court No. 9",,DEM,Kim Williams,648,260,388
Travis,101,"Place 2, Judge, Court Of Criminal Appeals",,DEM,"Lawrence ""Larry"" Meyers",789,277,512
Travis,102,"Place 2, Judge, Court Of Criminal Appeals",,DEM,"Lawrence ""Larry"" Meyers",170,57,113
Travis,103,"Place 2, Judge, Court Of Criminal Appeals",,DEM,"Lawrence ""Larry"" Meyers",262,105,157
Travis,104,"Place 2, Judge, Court Of Criminal Appeals",,DEM,"Lawrence ""Larry"" Meyers",200,88,112
Travis,105,"Place 2, Judge, Court Of Criminal Appeals",,DEM,"Lawrence ""Larry"" Meyers",870,387,483
Travis,106,"Place 2, Judge, Court Of Criminal Appeals",,DEM,"Lawrence ""Larry"" Meyers",318,132,186
Travis,107,"Place 2, Judge, Court Of Criminal Appeals",,DEM,"Lawrence ""Larry"" Meyers",33,12,21
Travis,108,"Place 2, Judge, Court Of Criminal Appeals",,DEM,"Lawrence ""Larry"" Meyers",285,87,198
Travis,109,"Place 2, Judge, Court Of Criminal Appeals",,DEM,"Lawrence ""Larry"" Meyers",342,120,222
Travis,110,"Place 2, Judge, Court Of Criminal Appeals",,DEM,"Lawrence ""Larry"" Meyers",655,244,411
Travis,111,"Place 2, Judge, Court Of Criminal Appeals",,DEM,"Lawrence ""Larry"" Meyers",628,240,388
Travis,112,"Place 2, Judge, Court Of Criminal Appeals",,DEM,"Lawrence ""Larry"" Meyers",198,69,129
Travis,113,"Place 2, Judge, Court Of Criminal Appeals",,DEM,"Lawrence ""Larry"" Meyers",823,287,536
Travis,114,"Place 2, Judge, Court Of Criminal Appeals",,DEM,"Lawrence ""Larry"" Meyers",49,21,28
Travis,115,"Place 2, Judge, Court Of Criminal Appeals",,DEM,"Lawrence ""Larry"" Meyers",1,0,1
Travis,116,"Place 2, Judge, Court Of Criminal Appeals",,DEM,"Lawrence ""Larry"" Meyers",1,0,1
Travis,117,"Place 2, Judge, Court Of Criminal Appeals",,DEM,"Lawrence ""Larry"" Meyers",450,206,244
Travis,118,"Place 2, Judge, Court Of Criminal Appeals",,DEM,"Lawrence ""Larry"" Meyers",83,39,44
Travis,119,"Place 2, Judge, Court Of Criminal Appeals",,DEM,"Lawrence ""Larry"" Meyers",0,0,0
Travis,120,"Place 2, Judge, Court Of Criminal Appeals",,DEM,"Lawrence ""Larry"" Meyers",26,16,10
Travis,121,"Place 2, Judge, Court Of Criminal Appeals",,DEM,"Lawrence ""Larry"" Meyers",152,79,73
Travis,122,"Place 2, Judge, Court Of Criminal Appeals",,DEM,"Lawrence ""Larry"" Meyers",644,325,319
Travis,123,"Place 2, Judge, Court Of Criminal Appeals",,DEM,"Lawrence ""Larry"" Meyers",477,173,304
Travis,124,"Place 2, Judge, Court Of Criminal Appeals",,DEM,"Lawrence ""Larry"" Meyers",1084,521,563
Travis,125,"Place 2, Judge, Court Of Criminal Appeals",,DEM,"Lawrence ""Larry"" Meyers",0,0,0
Travis,126,"Place 2, Judge, Court Of Criminal Appeals",,DEM,"Lawrence ""Larry"" Meyers",1199,547,652
Travis,127,"Place 2, Judge, Court Of Criminal Appeals",,DEM,"Lawrence ""Larry"" Meyers",0,0,0
Travis,128,"Place 2, Judge, Court Of Criminal Appeals",,DEM,"Lawrence ""Larry"" Meyers",0,0,0
Travis,129,"Place 2, Judge, Court Of Criminal Appeals",,DEM,"Lawrence ""Larry"" Meyers",561,282,279
Travis,130,"Place 2, Judge, Court Of Criminal Appeals",,DEM,"Lawrence ""Larry"" Meyers",510,196,314
Travis,131,"Place 2, Judge, Court Of Criminal Appeals",,DEM,"Lawrence ""Larry"" Meyers",0,0,0
Travis,132,"Place 2, Judge, Court Of Criminal Appeals",,DEM,"Lawrence ""Larry"" Meyers",616,277,339
Travis,133,"Place 2, Judge, Court Of Criminal Appeals",,DEM,"Lawrence ""Larry"" Meyers",621,227,394
Travis,134,"Place 2, Judge, Court Of Criminal Appeals",,DEM,"Lawrence ""Larry"" Meyers",0,0,0
Travis,135,"Place 2, Judge, Court Of Criminal Appeals",,DEM,"Lawrence ""Larry"" Meyers",1678,727,951
Travis,136,"Place 2, Judge, Court Of Criminal Appeals",,DEM,"Lawrence ""Larry"" Meyers",389,169,220
Travis,137,"Place 2, Judge, Court Of Criminal Appeals",,DEM,"Lawrence ""Larry"" Meyers",881,325,556
Travis,138,"Place 2, Judge, Court Of Criminal Appeals",,DEM,"Lawrence ""Larry"" Meyers",0,0,0
Travis,139,"Place 2, Judge, Court Of Criminal Appeals",,DEM,"Lawrence ""Larry"" Meyers",580,251,329
Travis,140,"Place 2, Judge, Court Of Criminal Appeals",,DEM,"Lawrence ""Larry"" Meyers",297,122,175
Travis,141,"Place 2, Judge, Court Of Criminal Appeals",,DEM,"Lawrence ""Larry"" Meyers",64,21,43
Travis,142,"Place 2, Judge, Court Of Criminal Appeals",,DEM,"Lawrence ""Larry"" Meyers",211,95,116
Travis,145,"Place 2, Judge, Court Of Criminal Appeals",,DEM,"Lawrence ""Larry"" Meyers",382,138,244
Travis,146,"Place 2, Judge, Court Of Criminal Appeals",,DEM,"Lawrence ""Larry"" Meyers",376,188,188
Travis,148,"Place 2, Judge, Court Of Criminal Appeals",,DEM,"Lawrence ""Larry"" Meyers",484,198,286
Travis,149,"Place 2, Judge, Court Of Criminal Appeals",,DEM,"Lawrence ""Larry"" Meyers",421,161,260
Travis,150,"Place 2, Judge, Court Of Criminal Appeals",,DEM,"Lawrence ""Larry"" Meyers",231,94,137
Travis,151,"Place 2, Judge, Court Of Criminal Appeals",,DEM,"Lawrence ""Larry"" Meyers",567,232,335
Travis,152,"Place 2, Judge, Court Of Criminal Appeals",,DEM,"Lawrence ""Larry"" Meyers",1142,505,637
Travis,153,"Place 2, Judge, Court Of Criminal Appeals",,DEM,"Lawrence ""Larry"" Meyers",775,286,489
Travis,154,"Place 2, Judge, Court Of Criminal Appeals",,DEM,"Lawrence ""Larry"" Meyers",463,145,318
Travis,156,"Place 2, Judge, Court Of Criminal Appeals",,DEM,"Lawrence ""Larry"" Meyers",1043,474,569
Travis,160,"Place 2, Judge, Court Of Criminal Appeals",,DEM,"Lawrence ""Larry"" Meyers",267,98,169
Travis,161,"Place 2, Judge, Court Of Criminal Appeals",,DEM,"Lawrence ""Larry"" Meyers",186,74,112
Travis,163,"Place 2, Judge, Court Of Criminal Appeals",,DEM,"Lawrence ""Larry"" Meyers",22,9,13
Travis,164,"Place 2, Judge, Court Of Criminal Appeals",,DEM,"Lawrence ""Larry"" Meyers",266,100,166
Travis,200,"Place 2, Judge, Court Of Criminal Appeals",,DEM,"Lawrence ""Larry"" Meyers",1226,556,670
Travis,202,"Place 2, Judge, Court Of Criminal Appeals",,DEM,"Lawrence ""Larry"" Meyers",906,408,498
Travis,203,"Place 2, Judge, Court Of Criminal Appeals",,DEM,"Lawrence ""Larry"" Meyers",93,29,64
Travis,205,"Place 2, Judge, Court Of Criminal Appeals",,DEM,"Lawrence ""Larry"" Meyers",401,153,248
Travis,206,"Place 2, Judge, Court Of Criminal Appeals",,DEM,"Lawrence ""Larry"" Meyers",278,137,141
Travis,207,"Place 2, Judge, Court Of Criminal Appeals",,DEM,"Lawrence ""Larry"" Meyers",686,275,411
Travis,208,"Place 2, Judge, Court Of Criminal Appeals",,DEM,"Lawrence ""Larry"" Meyers",1500,830,670
Travis,209,"Place 2, Judge, Court Of Criminal Appeals",,DEM,"Lawrence ""Larry"" Meyers",168,81,87
Travis,210,"Place 2, Judge, Court Of Criminal Appeals",,DEM,"Lawrence ""Larry"" Meyers",301,158,143
Travis,211,"Place 2, Judge, Court Of Criminal Appeals",,DEM,"Lawrence ""Larry"" Meyers",337,132,205
Travis,212,"Place 2, Judge, Court Of Criminal Appeals",,DEM,"Lawrence ""Larry"" Meyers",377,197,180
Travis,213,"Place 2, Judge, Court Of Criminal Appeals",,DEM,"Lawrence ""Larry"" Meyers",0,0,0
Travis,214,"Place 2, Judge, Court Of Criminal Appeals",,DEM,"Lawrence ""Larry"" Meyers",506,215,291
Travis,215,"Place 2, Judge, Court Of Criminal Appeals",,DEM,"Lawrence ""Larry"" Meyers",330,117,213
Travis,216,"Place 2, Judge, Court Of Criminal Appeals",,DEM,"Lawrence ""Larry"" Meyers",248,81,167
Travis,217,"Place 2, Judge, Court Of Criminal Appeals",,DEM,"Lawrence ""Larry"" Meyers",362,143,219
Travis,218,"Place 2, Judge, Court Of Criminal Appeals",,DEM,"Lawrence ""Larry"" Meyers",760,304,456
Travis,219,"Place 2, Judge, Court Of Criminal Appeals",,DEM,"Lawrence ""Larry"" Meyers",398,143,255
Travis,220,"Place 2, Judge, Court Of Criminal Appeals",,DEM,"Lawrence ""Larry"" Meyers",324,151,173
Travis,221,"Place 2, Judge, Court Of Criminal Appeals",,DEM,"Lawrence ""Larry"" Meyers",93,41,52
Travis,222,"Place 2, Judge, Court Of Criminal Appeals",,DEM,"Lawrence ""Larry"" Meyers",488,183,305
Travis,223,"Place 2, Judge, Court Of Criminal Appeals",,DEM,"Lawrence ""Larry"" Meyers",106,42,64
Travis,224,"Place 2, Judge, Court Of Criminal Appeals",,DEM,"Lawrence ""Larry"" Meyers",16,7,9
Travis,225,"Place 2, Judge, Court Of Criminal Appeals",,DEM,"Lawrence ""Larry"" Meyers",478,167,311
Travis,226,"Place 2, Judge, Court Of Criminal Appeals",,DEM,"Lawrence ""Larry"" Meyers",281,100,181
Travis,227,"Place 2, Judge, Court Of Criminal Appeals",,DEM,"Lawrence ""Larry"" Meyers",77,32,45
Travis,228,"Place 2, Judge, Court Of Criminal Appeals",,DEM,"Lawrence ""Larry"" Meyers",310,163,147
Travis,229,"Place 2, Judge, Court Of Criminal Appeals",,DEM,"Lawrence ""Larry"" Meyers",382,145,237
Travis,231,"Place 2, Judge, Court Of Criminal Appeals",,DEM,"Lawrence ""Larry"" Meyers",539,238,301
Travis,232,"Place 2, Judge, Court Of Criminal Appeals",,DEM,"Lawrence ""Larry"" Meyers",492,235,257
Travis,233,"Place 2, Judge, Court Of Criminal Appeals",,DEM,"Lawrence ""Larry"" Meyers",392,147,245
Travis,234,"Place 2, Judge, Court Of Criminal Appeals",,DEM,"Lawrence ""Larry"" Meyers",223,99,124
Travis,235,"Place 2, Judge, Court Of Criminal Appeals",,DEM,"Lawrence ""Larry"" Meyers",713,281,432
Travis,236,"Place 2, Judge, Court Of Criminal Appeals",,DEM,"Lawrence ""Larry"" Meyers",853,298,555
Travis,237,"Place 2, Judge, Court Of Criminal Appeals",,DEM,"Lawrence ""Larry"" Meyers",398,174,224
Travis,238,"Place 2, Judge, Court Of Criminal Appeals",,DEM,"Lawrence ""Larry"" Meyers",625,263,362
Travis,239,"Place 2, Judge, Court Of Criminal Appeals",,DEM,"Lawrence ""Larry"" Meyers",645,273,372
Travis,240,"Place 2, Judge, Court Of Criminal Appeals",,DEM,"Lawrence ""Larry"" Meyers",263,83,180
Travis,241,"Place 2, Judge, Court Of Criminal Appeals",,DEM,"Lawrence ""Larry"" Meyers",438,159,279
Travis,242,"Place 2, Judge, Court Of Criminal Appeals",,DEM,"Lawrence ""Larry"" Meyers",1323,585,738
Travis,243,"Place 2, Judge, Court Of Criminal Appeals",,DEM,"Lawrence ""Larry"" Meyers",466,234,232
Travis,244,"Place 2, Judge, Court Of Criminal Appeals",,DEM,"Lawrence ""Larry"" Meyers",374,193,181
Travis,245,"Place 2, Judge, Court Of Criminal Appeals",,DEM,"Lawrence ""Larry"" Meyers",147,52,95
Travis,246,"Place 2, Judge, Court Of Criminal Appeals",,DEM,"Lawrence ""Larry"" Meyers",370,148,222
Travis,247,"Place 2, Judge, Court Of Criminal Appeals",,DEM,"Lawrence ""Larry"" Meyers",147,56,91
Travis,248,"Place 2, Judge, Court Of Criminal Appeals",,DEM,"Lawrence ""Larry"" Meyers",556,239,317
Travis,249,"Place 2, Judge, Court Of Criminal Appeals",,DEM,"Lawrence ""Larry"" Meyers",552,242,310
Travis,250,"Place 2, Judge, Court Of Criminal Appeals",,DEM,"Lawrence ""Larry"" Meyers",1015,434,581
Travis,251,"Place 2, Judge, Court Of Criminal Appeals",,DEM,"Lawrence ""Larry"" Meyers",602,277,325
Travis,252,"Place 2, Judge, Court Of Criminal Appeals",,DEM,"Lawrence ""Larry"" Meyers",588,277,311
Travis,253,"Place 2, Judge, Court Of Criminal Appeals",,DEM,"Lawrence ""Larry"" Meyers",476,229,247
Travis,254,"Place 2, Judge, Court Of Criminal Appeals",,DEM,"Lawrence ""Larry"" Meyers",513,232,281
Travis,256,"Place 2, Judge, Court Of Criminal Appeals",,DEM,"Lawrence ""Larry"" Meyers",297,150,147
Travis,258,"Place 2, Judge, Court Of Criminal Appeals",,DEM,"Lawrence ""Larry"" Meyers",454,205,249
Travis,259,"Place 2, Judge, Court Of Criminal Appeals",,DEM,"Lawrence ""Larry"" Meyers",518,197,321
Travis,260,"Place 2, Judge, Court Of Criminal Appeals",,DEM,"Lawrence ""Larry"" Meyers",155,51,104
Travis,262,"Place 2, Judge, Court Of Criminal Appeals",,DEM,"Lawrence ""Larry"" Meyers",858,416,442
Travis,263,"Place 2, Judge, Court Of Criminal Appeals",,DEM,"Lawrence ""Larry"" Meyers",568,211,357
Travis,266,"Place 2, Judge, Court Of Criminal Appeals",,DEM,"Lawrence ""Larry"" Meyers",76,44,32
Travis,267,"Place 2, Judge, Court Of Criminal Appeals",,DEM,"Lawrence ""Larry"" Meyers",274,144,130
Travis,268,"Place 2, Judge, Court Of Criminal Appeals",,DEM,"Lawrence ""Larry"" Meyers",185,71,114
Travis,273,"Place 2, Judge, Court Of Criminal Appeals",,DEM,"Lawrence ""Larry"" Meyers",722,302,420
Travis,274,"Place 2, Judge, Court Of Criminal Appeals",,DEM,"Lawrence ""Larry"" Meyers",712,319,393
Travis,275,"Place 2, Judge, Court Of Criminal Appeals",,DEM,"Lawrence ""Larry"" Meyers",922,382,540
Travis,277,"Place 2, Judge, Court Of Criminal Appeals",,DEM,"Lawrence ""Larry"" Meyers",904,494,410
Travis,301,"Place 2, Judge, Court Of Criminal Appeals",,DEM,"Lawrence ""Larry"" Meyers",233,92,141
Travis,302,"Place 2, Judge, Court Of Criminal Appeals",,DEM,"Lawrence ""Larry"" Meyers",477,256,221
Travis,303,"Place 2, Judge, Court Of Criminal Appeals",,DEM,"Lawrence ""Larry"" Meyers",405,203,202
Travis,304,"Place 2, Judge, Court Of Criminal Appeals",,DEM,"Lawrence ""Larry"" Meyers",648,284,364
Travis,305,"Place 2, Judge, Court Of Criminal Appeals",,DEM,"Lawrence ""Larry"" Meyers",3,2,1
Travis,306,"Place 2, Judge, Court Of Criminal Appeals",,DEM,"Lawrence ""Larry"" Meyers",265,146,119
Travis,307,"Place 2, Judge, Court Of Criminal Appeals",,DEM,"Lawrence ""Larry"" Meyers",233,112,121
Travis,308,"Place 2, Judge, Court Of Criminal Appeals",,DEM,"Lawrence ""Larry"" Meyers",480,207,273
Travis,309,"Place 2, Judge, Court Of Criminal Appeals",,DEM,"Lawrence ""Larry"" Meyers",429,220,209
Travis,310,"Place 2, Judge, Court Of Criminal Appeals",,DEM,"Lawrence ""Larry"" Meyers",714,333,381
Travis,311,"Place 2, Judge, Court Of Criminal Appeals",,DEM,"Lawrence ""Larry"" Meyers",908,525,383
Travis,312,"Place 2, Judge, Court Of Criminal Appeals",,DEM,"Lawrence ""Larry"" Meyers",233,112,121
Travis,313,"Place 2, Judge, Court Of Criminal Appeals",,DEM,"Lawrence ""Larry"" Meyers",92,34,58
Travis,314,"Place 2, Judge, Court Of Criminal Appeals",,DEM,"Lawrence ""Larry"" Meyers",416,212,204
Travis,315,"Place 2, Judge, Court Of Criminal Appeals",,DEM,"Lawrence ""Larry"" Meyers",656,297,359
Travis,316,"Place 2, Judge, Court Of Criminal Appeals",,DEM,"Lawrence ""Larry"" Meyers",240,101,139
Travis,317,"Place 2, Judge, Court Of Criminal Appeals",,DEM,"Lawrence ""Larry"" Meyers",359,184,175
Travis,318,"Place 2, Judge, Court Of Criminal Appeals",,DEM,"Lawrence ""Larry"" Meyers",93,34,59
Travis,319,"Place 2, Judge, Court Of Criminal Appeals",,DEM,"Lawrence ""Larry"" Meyers",183,95,88
Travis,320,"Place 2, Judge, Court Of Criminal Appeals",,DEM,"Lawrence ""Larry"" Meyers",149,97,52
Travis,321,"Place 2, Judge, Court Of Criminal Appeals",,DEM,"Lawrence ""Larry"" Meyers",125,57,68
Travis,323,"Place 2, Judge, Court Of Criminal Appeals",,DEM,"Lawrence ""Larry"" Meyers",371,165,206
Travis,324,"Place 2, Judge, Court Of Criminal Appeals",,DEM,"Lawrence ""Larry"" Meyers",395,202,193
Travis,325,"Place 2, Judge, Court Of Criminal Appeals",,DEM,"Lawrence ""Larry"" Meyers",13,7,6
Travis,326,"Place 2, Judge, Court Of Criminal Appeals",,DEM,"Lawrence ""Larry"" Meyers",301,126,175
Travis,327,"Place 2, Judge, Court Of Criminal Appeals",,DEM,"Lawrence ""Larry"" Meyers",470,206,264
Travis,328,"Place 2, Judge, Court Of Criminal Appeals",,DEM,"Lawrence ""Larry"" Meyers",693,328,365
Travis,329,"Place 2, Judge, Court Of Criminal Appeals",,DEM,"Lawrence ""Larry"" Meyers",391,202,189
Travis,330,"Place 2, Judge, Court Of Criminal Appeals",,DEM,"Lawrence ""Larry"" Meyers",335,145,190
Travis,331,"Place 2, Judge, Court Of Criminal Appeals",,DEM,"Lawrence ""Larry"" Meyers",476,158,318
Travis,332,"Place 2, Judge, Court Of Criminal Appeals",,DEM,"Lawrence ""Larry"" Meyers",757,272,485
Travis,333,"Place 2, Judge, Court Of Criminal Appeals",,DEM,"Lawrence ""Larry"" Meyers",391,103,288
Travis,334,"Place 2, Judge, Court Of Criminal Appeals",,DEM,"Lawrence ""Larry"" Meyers",299,120,179
Travis,335,"Place 2, Judge, Court Of Criminal Appeals",,DEM,"Lawrence ""Larry"" Meyers",354,157,197
Travis,336,"Place 2, Judge, Court Of Criminal Appeals",,DEM,"Lawrence ""Larry"" Meyers",316,122,194
Travis,337,"Place 2, Judge, Court Of Criminal Appeals",,DEM,"Lawrence ""Larry"" Meyers",565,209,356
Travis,338,"Place 2, Judge, Court Of Criminal Appeals",,DEM,"Lawrence ""Larry"" Meyers",748,290,458
Travis,339,"Place 2, Judge, Court Of Criminal Appeals",,DEM,"Lawrence ""Larry"" Meyers",315,153,162
Travis,340,"Place 2, Judge, Court Of Criminal Appeals",,DEM,"Lawrence ""Larry"" Meyers",524,212,312
Travis,341,"Place 2, Judge, Court Of Criminal Appeals",,DEM,"Lawrence ""Larry"" Meyers",5,0,5
Travis,342,"Place 2, Judge, Court Of Criminal Appeals",,DEM,"Lawrence ""Larry"" Meyers",1186,519,667
Travis,343,"Place 2, Judge, Court Of Criminal Appeals",,DEM,"Lawrence ""Larry"" Meyers",235,84,151
Travis,344,"Place 2, Judge, Court Of Criminal Appeals",,DEM,"Lawrence ""Larry"" Meyers",389,175,214
Travis,345,"Place 2, Judge, Court Of Criminal Appeals",,DEM,"Lawrence ""Larry"" Meyers",1,1,0
Travis,346,"Place 2, Judge, Court Of Criminal Appeals",,DEM,"Lawrence ""Larry"" Meyers",230,141,89
Travis,347,"Place 2, Judge, Court Of Criminal Appeals",,DEM,"Lawrence ""Larry"" Meyers",379,194,185
Travis,349,"Place 2, Judge, Court Of Criminal Appeals",,DEM,"Lawrence ""Larry"" Meyers",759,330,429
Travis,350,"Place 2, Judge, Court Of Criminal Appeals",,DEM,"Lawrence ""Larry"" Meyers",792,370,422
Travis,351,"Place 2, Judge, Court Of Criminal Appeals",,DEM,"Lawrence ""Larry"" Meyers",266,126,140
Travis,352,"Place 2, Judge, Court Of Criminal Appeals",,DEM,"Lawrence ""Larry"" Meyers",693,365,328
Travis,354,"Place 2, Judge, Court Of Criminal Appeals",,DEM,"Lawrence ""Larry"" Meyers",744,430,314
Travis,356,"Place 2, Judge, Court Of Criminal Appeals",,DEM,"Lawrence ""Larry"" Meyers",269,124,145
Travis,357,"Place 2, Judge, Court Of Criminal Appeals",,DEM,"Lawrence ""Larry"" Meyers",91,37,54
Travis,358,"Place 2, Judge, Court Of Criminal Appeals",,DEM,"Lawrence ""Larry"" Meyers",990,463,527
Travis,359,"Place 2, Judge, Court Of Criminal Appeals",,DEM,"Lawrence ""Larry"" Meyers",481,221,260
Travis,360,"Place 2, Judge, Court Of Criminal Appeals",,DEM,"Lawrence ""Larry"" Meyers",708,306,402
Travis,361,"Place 2, Judge, Court Of Criminal Appeals",,DEM,"Lawrence ""Larry"" Meyers",208,94,114
Travis,362,"Place 2, Judge, Court Of Criminal Appeals",,DEM,"Lawrence ""Larry"" Meyers",612,312,300
Travis,363,"Place 2, Judge, Court Of Criminal Appeals",,DEM,"Lawrence ""Larry"" Meyers",281,137,144
Travis,364,"Place 2, Judge, Court Of Criminal Appeals",,DEM,"Lawrence ""Larry"" Meyers",537,310,227
Travis,365,"Place 2, Judge, Court Of Criminal Appeals",,DEM,"Lawrence ""Larry"" Meyers",291,118,173
Travis,366,"Place 2, Judge, Court Of Criminal Appeals",,DEM,"Lawrence ""Larry"" Meyers",858,398,460
Travis,367,"Place 2, Judge, Court Of Criminal Appeals",,DEM,"Lawrence ""Larry"" Meyers",801,356,445
Travis,368,"Place 2, Judge, Court Of Criminal Appeals",,DEM,"Lawrence ""Larry"" Meyers",22,12,10
Travis,369,"Place 2, Judge, Court Of Criminal Appeals",,DEM,"Lawrence ""Larry"" Meyers",173,52,121
Travis,370,"Place 2, Judge, Court Of Criminal Appeals",,DEM,"Lawrence ""Larry"" Meyers",127,18,109
Travis,371,"Place 2, Judge, Court Of Criminal Appeals",,DEM,"Lawrence ""Larry"" Meyers",208,87,121
Travis,372,"Place 2, Judge, Court Of Criminal Appeals",,DEM,"Lawrence ""Larry"" Meyers",152,49,103
Travis,373,"Place 2, Judge, Court Of Criminal Appeals",,DEM,"Lawrence ""Larry"" Meyers",341,133,208
Travis,374,"Place 2, Judge, Court Of Criminal Appeals",,DEM,"Lawrence ""Larry"" Meyers",432,156,276
Travis,375,"Place 2, Judge, Court Of Criminal Appeals",,DEM,"Lawrence ""Larry"" Meyers",79,27,52
Travis,401,"Place 2, Judge, Court Of Criminal Appeals",,DEM,"Lawrence ""Larry"" Meyers",322,148,174
Travis,402,"Place 2, Judge, Court Of Criminal Appeals",,DEM,"Lawrence ""Larry"" Meyers",413,176,237
Travis,403,"Place 2, Judge, Court Of Criminal Appeals",,DEM,"Lawrence ""Larry"" Meyers",162,56,106
Travis,404,"Place 2, Judge, Court Of Criminal Appeals",,DEM,"Lawrence ""Larry"" Meyers",406,153,253
Travis,405,"Place 2, Judge, Court Of Criminal Appeals",,DEM,"Lawrence ""Larry"" Meyers",83,33,50
Travis,406,"Place 2, Judge, Court Of Criminal Appeals",,DEM,"Lawrence ""Larry"" Meyers",395,229,166
Travis,407,"Place 2, Judge, Court Of Criminal Appeals",,DEM,"Lawrence ""Larry"" Meyers",286,123,163
Travis,408,"Place 2, Judge, Court Of Criminal Appeals",,DEM,"Lawrence ""Larry"" Meyers",525,205,320
Travis,409,"Place 2, Judge, Court Of Criminal Appeals",,DEM,"Lawrence ""Larry"" Meyers",521,221,300
Travis,410,"Place 2, Judge, Court Of Criminal Appeals",,DEM,"Lawrence ""Larry"" Meyers",568,275,293
Travis,411,"Place 2, Judge, Court Of Criminal Appeals",,DEM,"Lawrence ""Larry"" Meyers",301,130,171
Travis,412,"Place 2, Judge, Court Of Criminal Appeals",,DEM,"Lawrence ""Larry"" Meyers",26,15,11
Travis,413,"Place 2, Judge, Court Of Criminal Appeals",,DEM,"Lawrence ""Larry"" Meyers",167,69,98
Travis,414,"Place 2, Judge, Court Of Criminal Appeals",,DEM,"Lawrence ""Larry"" Meyers",608,265,343
Travis,415,"Place 2, Judge, Court Of Criminal Appeals",,DEM,"Lawrence ""Larry"" Meyers",229,85,144
Travis,416,"Place 2, Judge, Court Of Criminal Appeals",,DEM,"Lawrence ""Larry"" Meyers",22,10,12
Travis,417,"Place 2, Judge, Court Of Criminal Appeals",,DEM,"Lawrence ""Larry"" Meyers",264,134,130
Travis,418,"Place 2, Judge, Court Of Criminal Appeals",,DEM,"Lawrence ""Larry"" Meyers",0,0,0
Travis,419,"Place 2, Judge, Court Of Criminal Appeals",,DEM,"Lawrence ""Larry"" Meyers",89,54,35
Travis,420,"Place 2, Judge, Court Of Criminal Appeals",,DEM,"Lawrence ""Larry"" Meyers",538,229,309
Travis,421,"Place 2, Judge, Court Of Criminal Appeals",,DEM,"Lawrence ""Larry"" Meyers",575,229,346
Travis,422,"Place 2, Judge, Court Of Criminal Appeals",,DEM,"Lawrence ""Larry"" Meyers",565,248,317
Travis,423,"Place 2, Judge, Court Of Criminal Appeals",,DEM,"Lawrence ""Larry"" Meyers",567,228,339
Travis,424,"Place 2, Judge, Court Of Criminal Appeals",,DEM,"Lawrence ""Larry"" Meyers",538,213,325
Travis,425,"Place 2, Judge, Court Of Criminal Appeals",,DEM,"Lawrence ""Larry"" Meyers",184,82,102
Travis,426,"Place 2, Judge, Court Of Criminal Appeals",,DEM,"Lawrence ""Larry"" Meyers",596,267,329
Travis,427,"Place 2, Judge, Court Of Criminal Appeals",,DEM,"Lawrence ""Larry"" Meyers",436,210,226
Travis,428,"Place 2, Judge, Court Of Criminal Appeals",,DEM,"Lawrence ""Larry"" Meyers",211,95,116
Travis,429,"Place 2, Judge, Court Of Criminal Appeals",,DEM,"Lawrence ""Larry"" Meyers",1207,535,672
Travis,430,"Place 2, Judge, Court Of Criminal Appeals",,DEM,"Lawrence ""Larry"" Meyers",298,117,181
Travis,431,"Place 2, Judge, Court Of Criminal Appeals",,DEM,"Lawrence ""Larry"" Meyers",1076,440,636
Travis,432,"Place 2, Judge, Court Of Criminal Appeals",,DEM,"Lawrence ""Larry"" Meyers",1,1,0
Travis,433,"Place 2, Judge, Court Of Criminal Appeals",,DEM,"Lawrence ""Larry"" Meyers",611,294,317
Travis,434,"Place 2, Judge, Court Of Criminal Appeals",,DEM,"Lawrence ""Larry"" Meyers",2,1,1
Travis,435,"Place 2, Judge, Court Of Criminal Appeals",,DEM,"Lawrence ""Larry"" Meyers",993,435,558
Travis,436,"Place 2, Judge, Court Of Criminal Appeals",,DEM,"Lawrence ""Larry"" Meyers",65,28,37
Travis,437,"Place 2, Judge, Court Of Criminal Appeals",,DEM,"Lawrence ""Larry"" Meyers",535,204,331
Travis,438,"Place 2, Judge, Court Of Criminal Appeals",,DEM,"Lawrence ""Larry"" Meyers",317,143,174
Travis,439,"Place 2, Judge, Court Of Criminal Appeals",,DEM,"Lawrence ""Larry"" Meyers",607,252,355
Travis,440,"Place 2, Judge, Court Of Criminal Appeals",,DEM,"Lawrence ""Larry"" Meyers",205,99,106
Travis,441,"Place 2, Judge, Court Of Criminal Appeals",,DEM,"Lawrence ""Larry"" Meyers",806,383,423
Travis,442,"Place 2, Judge, Court Of Criminal Appeals",,DEM,"Lawrence ""Larry"" Meyers",306,123,183
Travis,443,"Place 2, Judge, Court Of Criminal Appeals",,DEM,"Lawrence ""Larry"" Meyers",457,198,259
Travis,444,"Place 2, Judge, Court Of Criminal Appeals",,DEM,"Lawrence ""Larry"" Meyers",26,12,14
Travis,446,"Place 2, Judge, Court Of Criminal Appeals",,DEM,"Lawrence ""Larry"" Meyers",256,107,149
Travis,447,"Place 2, Judge, Court Of Criminal Appeals",,DEM,"Lawrence ""Larry"" Meyers",746,310,436
Travis,448,"Place 2, Judge, Court Of Criminal Appeals",,DEM,"Lawrence ""Larry"" Meyers",389,165,224
Travis,450,"Place 2, Judge, Court Of Criminal Appeals",,DEM,"Lawrence ""Larry"" Meyers",632,268,364
Travis,451,"Place 2, Judge, Court Of Criminal Appeals",,DEM,"Lawrence ""Larry"" Meyers",631,264,367
Travis,452,"Place 2, Judge, Court Of Criminal Appeals",,DEM,"Lawrence ""Larry"" Meyers",307,126,181
Travis,454,"Place 2, Judge, Court Of Criminal Appeals",,DEM,"Lawrence ""Larry"" Meyers",462,237,225
Travis,458,"Place 2, Judge, Court Of Criminal Appeals",,DEM,"Lawrence ""Larry"" Meyers",659,339,320
Travis,460,"Place 2, Judge, Court Of Criminal Appeals",,DEM,"Lawrence ""Larry"" Meyers",792,394,398
Travis,461,"Place 2, Judge, Court Of Criminal Appeals",,DEM,"Lawrence ""Larry"" Meyers",863,376,487
Travis,463,"Place 2, Judge, Court Of Criminal Appeals",,DEM,"Lawrence ""Larry"" Meyers",652,265,387
Travis,101,U.S. House,35,DEM,Lloyd Doggett,914,328,586
Travis,115,U.S. House,35,DEM,Lloyd Doggett,1,0,1
Travis,116,U.S. House,35,DEM,Lloyd Doggett,1,0,1
Travis,117,U.S. House,35,DEM,Lloyd Doggett,538,237,301
Travis,119,U.S. House,35,DEM,Lloyd Doggett,0,0,0
Travis,120,U.S. House,35,DEM,Lloyd Doggett,31,19,12
Travis,121,U.S. House,35,DEM,Lloyd Doggett,178,85,93
Travis,128,U.S. House,35,DEM,Lloyd Doggett,0,0,0
Travis,134,U.S. House,35,DEM,Lloyd Doggett,0,0,0
Travis,139,U.S. House,35,DEM,Lloyd Doggett,659,291,368
Travis,164,U.S. House,35,DEM,Lloyd Doggett,305,113,192
Travis,209,U.S. House,35,DEM,Lloyd Doggett,189,89,100
Travis,223,U.S. House,35,DEM,Lloyd Doggett,126,49,77
Travis,224,U.S. House,35,DEM,Lloyd Doggett,20,10,10
Travis,401,U.S. House,35,DEM,Lloyd Doggett,376,163,213
Travis,402,U.S. House,35,DEM,Lloyd Doggett,476,204,272
Travis,403,U.S. House,35,DEM,Lloyd Doggett,187,68,119
Travis,404,U.S. House,35,DEM,Lloyd Doggett,484,185,299
Travis,405,U.S. House,35,DEM,Lloyd Doggett,94,39,55
Travis,407,U.S. House,35,DEM,Lloyd Doggett,331,136,195
Travis,410,U.S. House,35,DEM,Lloyd Doggett,666,313,353
Travis,411,U.S. House,35,DEM,Lloyd Doggett,360,152,208
Travis,413,U.S. House,35,DEM,Lloyd Doggett,190,80,110
Travis,414,U.S. House,35,DEM,Lloyd Doggett,708,303,405
Travis,415,U.S. House,35,DEM,Lloyd Doggett,279,100,179
Travis,417,U.S. House,35,DEM,Lloyd Doggett,303,152,151
Travis,423,U.S. House,35,DEM,Lloyd Doggett,671,273,398
Travis,425,U.S. House,35,DEM,Lloyd Doggett,219,98,121
Travis,426,U.S. House,35,DEM,Lloyd Doggett,733,318,415
Travis,427,U.S. House,35,DEM,Lloyd Doggett,547,259,288
Travis,429,U.S. House,35,DEM,Lloyd Doggett,1398,615,783
Travis,436,U.S. House,35,DEM,Lloyd Doggett,82,36,46
Travis,438,U.S. House,35,DEM,Lloyd Doggett,398,175,223
Travis,439,U.S. House,35,DEM,Lloyd Doggett,752,318,434
Travis,440,U.S. House,35,DEM,Lloyd Doggett,265,120,145
Travis,441,U.S. House,35,DEM,Lloyd Doggett,949,448,501
Travis,442,U.S. House,35,DEM,Lloyd Doggett,367,143,224
Travis,443,U.S. House,35,DEM,Lloyd Doggett,543,239,304
Travis,444,U.S. House,35,DEM,Lloyd Doggett,33,14,19
Travis,447,U.S. House,35,DEM,Lloyd Doggett,899,360,539
Travis,448,U.S. House,35,DEM,Lloyd Doggett,444,181,263
Travis,450,U.S. House,35,DEM,Lloyd Doggett,724,300,424
Travis,451,U.S. House,35,DEM,Lloyd Doggett,728,300,428
Travis,452,U.S. House,35,DEM,Lloyd Doggett,349,144,205
Travis,463,U.S. House,35,DEM,Lloyd Doggett,762,317,445
Travis,101,Railroad Commissioner,,DEM,Lon Burnam,161,57,104
Travis,102,Railroad Commissioner,,DEM,Lon Burnam,40,11,29
Travis,103,Railroad Commissioner,,DEM,Lon Burnam,93,39,54
Travis,104,Railroad Commissioner,,DEM,Lon Burnam,78,26,52
Travis,105,Railroad Commissioner,,DEM,Lon Burnam,183,83,100
Travis,106,Railroad Commissioner,,DEM,Lon Burnam,71,31,40
Travis,107,Railroad Commissioner,,DEM,Lon Burnam,11,5,6
Travis,108,Railroad Commissioner,,DEM,Lon Burnam,71,28,43
Travis,109,Railroad Commissioner,,DEM,Lon Burnam,90,35,55
Travis,110,Railroad Commissioner,,DEM,Lon Burnam,131,59,72
Travis,111,Railroad Commissioner,,DEM,Lon Burnam,186,77,109
Travis,112,Railroad Commissioner,,DEM,Lon Burnam,39,17,22
Travis,113,Railroad Commissioner,,DEM,Lon Burnam,158,64,94
Travis,114,Railroad Commissioner,,DEM,Lon Burnam,16,10,6
Travis,115,Railroad Commissioner,,DEM,Lon Burnam,1,0,1
Travis,116,Railroad Commissioner,,DEM,Lon Burnam,1,0,1
Travis,117,Railroad Commissioner,,DEM,Lon Burnam,96,43,53
Travis,118,Railroad Commissioner,,DEM,Lon Burnam,20,8,12
Travis,119,Railroad Commissioner,,DEM,Lon Burnam,0,0,0
Travis,120,Railroad Commissioner,,DEM,Lon Burnam,5,3,2
Travis,121,Railroad Commissioner,,DEM,Lon Burnam,25,18,7
Travis,122,Railroad Commissioner,,DEM,Lon Burnam,164,82,82
Travis,123,Railroad Commissioner,,DEM,Lon Burnam,106,43,63
Travis,124,Railroad Commissioner,,DEM,Lon Burnam,522,261,261
Travis,125,Railroad Commissioner,,DEM,Lon Burnam,0,0,0
Travis,126,Railroad Commissioner,,DEM,Lon Burnam,515,242,273
Travis,127,Railroad Commissioner,,DEM,Lon Burnam,0,0,0
Travis,128,Railroad Commissioner,,DEM,Lon Burnam,0,0,0
Travis,129,Railroad Commissioner,,DEM,Lon Burnam,185,84,101
Travis,130,Railroad Commissioner,,DEM,Lon Burnam,227,89,138
Travis,131,Railroad Commissioner,,DEM,Lon Burnam,0,0,0
Travis,132,Railroad Commissioner,,DEM,Lon Burnam,243,114,129
Travis,133,Railroad Commissioner,,DEM,Lon Burnam,309,104,205
Travis,134,Railroad Commissioner,,DEM,Lon Burnam,0,0,0
Travis,135,Railroad Commissioner,,DEM,Lon Burnam,944,384,560
Travis,136,Railroad Commissioner,,DEM,Lon Burnam,88,47,41
Travis,137,Railroad Commissioner,,DEM,Lon Burnam,186,91,95
Travis,138,Railroad Commissioner,,DEM,Lon Burnam,0,0,0
Travis,139,Railroad Commissioner,,DEM,Lon Burnam,159,66,93
Travis,140,Railroad Commissioner,,DEM,Lon Burnam,91,44,47
Travis,141,Railroad Commissioner,,DEM,Lon Burnam,15,5,10
Travis,142,Railroad Commissioner,,DEM,Lon Burnam,107,59,48
Travis,145,Railroad Commissioner,,DEM,Lon Burnam,75,32,43
Travis,146,Railroad Commissioner,,DEM,Lon Burnam,99,55,44
Travis,148,Railroad Commissioner,,DEM,Lon Burnam,94,40,54
Travis,149,Railroad Commissioner,,DEM,Lon Burnam,215,91,124
Travis,150,Railroad Commissioner,,DEM,Lon Burnam,64,35,29
Travis,151,Railroad Commissioner,,DEM,Lon Burnam,239,100,139
Travis,152,Railroad Commissioner,,DEM,Lon Burnam,691,287,404
Travis,153,Railroad Commissioner,,DEM,Lon Burnam,237,93,144
Travis,154,Railroad Commissioner,,DEM,Lon Burnam,139,38,101
Travis,156,Railroad Commissioner,,DEM,Lon Burnam,444,217,227
Travis,160,Railroad Commissioner,,DEM,Lon Burnam,53,27,26
Travis,161,Railroad Commissioner,,DEM,Lon Burnam,35,14,21
Travis,163,Railroad Commissioner,,DEM,Lon Burnam,4,2,2
Travis,164,Railroad Commissioner,,DEM,Lon Burnam,75,39,36
Travis,200,Railroad Commissioner,,DEM,Lon Burnam,644,293,351
Travis,202,Railroad Commissioner,,DEM,Lon Burnam,479,219,260
Travis,203,Railroad Commissioner,,DEM,Lon Burnam,19,6,13
Travis,205,Railroad Commissioner,,DEM,Lon Burnam,103,52,51
Travis,206,Railroad Commissioner,,DEM,Lon Burnam,111,54,57
Travis,207,Railroad Commissioner,,DEM,Lon Burnam,247,126,121
Travis,208,Railroad Commissioner,,DEM,Lon Burnam,539,261,278
Travis,209,Railroad Commissioner,,DEM,Lon Burnam,44,28,16
Travis,210,Railroad Commissioner,,DEM,Lon Burnam,185,106,79
Travis,211,Railroad Commissioner,,DEM,Lon Burnam,113,55,58
Travis,212,Railroad Commissioner,,DEM,Lon Burnam,167,106,61
Travis,213,Railroad Commissioner,,DEM,Lon Burnam,0,0,0
Travis,214,Railroad Commissioner,,DEM,Lon Burnam,239,108,131
Travis,215,Railroad Commissioner,,DEM,Lon Burnam,84,35,49
Travis,216,Railroad Commissioner,,DEM,Lon Burnam,65,24,41
Travis,217,Railroad Commissioner,,DEM,Lon Burnam,128,59,69
Travis,218,Railroad Commissioner,,DEM,Lon Burnam,268,127,141
Travis,219,Railroad Commissioner,,DEM,Lon Burnam,65,26,39
Travis,220,Railroad Commissioner,,DEM,Lon Burnam,154,93,61
Travis,221,Railroad Commissioner,,DEM,Lon Burnam,30,10,20
Travis,222,Railroad Commissioner,,DEM,Lon Burnam,187,69,118
Travis,223,Railroad Commissioner,,DEM,Lon Burnam,41,23,18
Travis,224,Railroad Commissioner,,DEM,Lon Burnam,5,3,2
Travis,225,Railroad Commissioner,,DEM,Lon Burnam,110,39,71
Travis,226,Railroad Commissioner,,DEM,Lon Burnam,78,27,51
Travis,227,Railroad Commissioner,,DEM,Lon Burnam,18,6,12
Travis,228,Railroad Commissioner,,DEM,Lon Burnam,111,61,50
Travis,229,Railroad Commissioner,,DEM,Lon Burnam,131,53,78
Travis,231,Railroad Commissioner,,DEM,Lon Burnam,265,129,136
Travis,232,Railroad Commissioner,,DEM,Lon Burnam,125,60,65
Travis,233,Railroad Commissioner,,DEM,Lon Burnam,141,60,81
Travis,234,Railroad Commissioner,,DEM,Lon Burnam,52,25,27
Travis,235,Railroad Commissioner,,DEM,Lon Burnam,358,147,211
Travis,236,Railroad Commissioner,,DEM,Lon Burnam,490,170,320
Travis,237,Railroad Commissioner,,DEM,Lon Burnam,222,108,114
Travis,238,Railroad Commissioner,,DEM,Lon Burnam,287,129,158
Travis,239,Railroad Commissioner,,DEM,Lon Burnam,355,150,205
Travis,240,Railroad Commissioner,,DEM,Lon Burnam,143,50,93
Travis,241,Railroad Commissioner,,DEM,Lon Burnam,259,98,161
Travis,242,Railroad Commissioner,,DEM,Lon Burnam,764,353,411
Travis,243,Railroad Commissioner,,DEM,Lon Burnam,232,110,122
Travis,244,Railroad Commissioner,,DEM,Lon Burnam,105,60,45
Travis,245,Railroad Commissioner,,DEM,Lon Burnam,47,19,28
Travis,246,Railroad Commissioner,,DEM,Lon Burnam,180,70,110
Travis,247,Railroad Commissioner,,DEM,Lon Burnam,49,23,26
Travis,248,Railroad Commissioner,,DEM,Lon Burnam,243,115,128
Travis,249,Railroad Commissioner,,DEM,Lon Burnam,278,149,129
Travis,250,Railroad Commissioner,,DEM,Lon Burnam,624,284,340
Travis,251,Railroad Commissioner,,DEM,Lon Burnam,298,162,136
Travis,252,Railroad Commissioner,,DEM,Lon Burnam,262,129,133
Travis,253,Railroad Commissioner,,DEM,Lon Burnam,232,130,102
Travis,254,Railroad Commissioner,,DEM,Lon Burnam,202,95,107
Travis,256,Railroad Commissioner,,DEM,Lon Burnam,163,92,71
Travis,258,Railroad Commissioner,,DEM,Lon Burnam,191,109,82
Travis,259,Railroad Commissioner,,DEM,Lon Burnam,220,89,131
Travis,260,Railroad Commissioner,,DEM,Lon Burnam,53,15,38
Travis,262,Railroad Commissioner,,DEM,Lon Burnam,377,189,188
Travis,263,Railroad Commissioner,,DEM,Lon Burnam,211,86,125
Travis,266,Railroad Commissioner,,DEM,Lon Burnam,42,24,18
Travis,267,Railroad Commissioner,,DEM,Lon Burnam,103,63,40
Travis,268,Railroad Commissioner,,DEM,Lon Burnam,69,30,39
Travis,273,Railroad Commissioner,,DEM,Lon Burnam,411,181,230
Travis,274,Railroad Commissioner,,DEM,Lon Burnam,357,160,197
Travis,275,Railroad Commissioner,,DEM,Lon Burnam,465,207,258
Travis,277,Railroad Commissioner,,DEM,Lon Burnam,338,173,165
Travis,301,Railroad Commissioner,,DEM,Lon Burnam,86,39,47
Travis,302,Railroad Commissioner,,DEM,Lon Burnam,153,88,65
Travis,303,Railroad Commissioner,,DEM,Lon Burnam,144,75,69
Travis,304,Railroad Commissioner,,DEM,Lon Burnam,209,109,100
Travis,305,Railroad Commissioner,,DEM,Lon Burnam,2,1,1
Travis,306,Railroad Commissioner,,DEM,Lon Burnam,72,41,31
Travis,307,Railroad Commissioner,,DEM,Lon Burnam,106,46,60
Travis,308,Railroad Commissioner,,DEM,Lon Burnam,145,72,73
Travis,309,Railroad Commissioner,,DEM,Lon Burnam,124,70,54
Travis,310,Railroad Commissioner,,DEM,Lon Burnam,191,100,91
Travis,311,Railroad Commissioner,,DEM,Lon Burnam,400,218,182
Travis,312,Railroad Commissioner,,DEM,Lon Burnam,80,45,35
Travis,313,Railroad Commissioner,,DEM,Lon Burnam,33,12,21
Travis,314,Railroad Commissioner,,DEM,Lon Burnam,142,68,74
Travis,315,Railroad Commissioner,,DEM,Lon Burnam,167,79,88
Travis,316,Railroad Commissioner,,DEM,Lon Burnam,62,19,43
Travis,317,Railroad Commissioner,,DEM,Lon Burnam,145,71,74
Travis,318,Railroad Commissioner,,DEM,Lon Burnam,25,10,15
Travis,319,Railroad Commissioner,,DEM,Lon Burnam,40,23,17
Travis,320,Railroad Commissioner,,DEM,Lon Burnam,40,20,20
Travis,321,Railroad Commissioner,,DEM,Lon Burnam,52,25,27
Travis,323,Railroad Commissioner,,DEM,Lon Burnam,142,77,65
Travis,324,Railroad Commissioner,,DEM,Lon Burnam,99,50,49
Travis,325,Railroad Commissioner,,DEM,Lon Burnam,7,3,4
Travis,326,Railroad Commissioner,,DEM,Lon Burnam,102,49,53
Travis,327,Railroad Commissioner,,DEM,Lon Burnam,231,122,109
Travis,328,Railroad Commissioner,,DEM,Lon Burnam,240,132,108
Travis,329,Railroad Commissioner,,DEM,Lon Burnam,200,109,91
Travis,330,Railroad Commissioner,,DEM,Lon Burnam,112,51,61
Travis,331,Railroad Commissioner,,DEM,Lon Burnam,194,67,127
Travis,332,Railroad Commissioner,,DEM,Lon Burnam,422,153,269
Travis,333,Railroad Commissioner,,DEM,Lon Burnam,131,46,85
Travis,334,Railroad Commissioner,,DEM,Lon Burnam,109,50,59
Travis,335,Railroad Commissioner,,DEM,Lon Burnam,118,53,65
Travis,336,Railroad Commissioner,,DEM,Lon Burnam,122,50,72
Travis,337,Railroad Commissioner,,DEM,Lon Burnam,245,101,144
Travis,338,Railroad Commissioner,,DEM,Lon Burnam,270,115,155
Travis,339,Railroad Commissioner,,DEM,Lon Burnam,147,78,69
Travis,340,Railroad Commissioner,,DEM,Lon Burnam,236,99,137
Travis,341,Railroad Commissioner,,DEM,Lon Burnam,2,0,2
Travis,342,Railroad Commissioner,,DEM,Lon Burnam,611,274,337
Travis,343,Railroad Commissioner,,DEM,Lon Burnam,51,23,28
Travis,344,Railroad Commissioner,,DEM,Lon Burnam,177,86,91
Travis,345,Railroad Commissioner,,DEM,Lon Burnam,0,0,0
Travis,346,Railroad Commissioner,,DEM,Lon Burnam,57,35,22
Travis,347,Railroad Commissioner,,DEM,Lon Burnam,174,99,75
Travis,349,Railroad Commissioner,,DEM,Lon Burnam,320,164,156
Travis,350,Railroad Commissioner,,DEM,Lon Burnam,246,128,118
Travis,351,Railroad Commissioner,,DEM,Lon Burnam,95,50,45
Travis,352,Railroad Commissioner,,DEM,Lon Burnam,257,146,111
Travis,354,Railroad Commissioner,,DEM,Lon Burnam,338,203,135
Travis,356,Railroad Commissioner,,DEM,Lon Burnam,124,63,61
Travis,357,Railroad Commissioner,,DEM,Lon Burnam,33,17,16
Travis,358,Railroad Commissioner,,DEM,Lon Burnam,319,186,133
Travis,359,Railroad Commissioner,,DEM,Lon Burnam,115,55,60
Travis,360,Railroad Commissioner,,DEM,Lon Burnam,228,109,119
Travis,361,Railroad Commissioner,,DEM,Lon Burnam,41,21,20
Travis,362,Railroad Commissioner,,DEM,Lon Burnam,210,121,89
Travis,363,Railroad Commissioner,,DEM,Lon Burnam,96,44,52
Travis,364,Railroad Commissioner,,DEM,Lon Burnam,249,154,95
Travis,365,Railroad Commissioner,,DEM,Lon Burnam,108,50,58
Travis,366,Railroad Commissioner,,DEM,Lon Burnam,300,149,151
Travis,367,Railroad Commissioner,,DEM,Lon Burnam,220,133,87
Travis,368,Railroad Commissioner,,DEM,Lon Burnam,3,1,2
Travis,369,Railroad Commissioner,,DEM,Lon Burnam,33,12,21
Travis,370,Railroad Commissioner,,DEM,Lon Burnam,35,7,28
Travis,371,Railroad Commissioner,,DEM,Lon Burnam,51,26,25
Travis,372,Railroad Commissioner,,DEM,Lon Burnam,34,13,21
Travis,373,Railroad Commissioner,,DEM,Lon Burnam,82,42,40
Travis,374,Railroad Commissioner,,DEM,Lon Burnam,121,53,68
Travis,375,Railroad Commissioner,,DEM,Lon Burnam,39,13,26
Travis,401,Railroad Commissioner,,DEM,Lon Burnam,54,28,26
Travis,402,Railroad Commissioner,,DEM,Lon Burnam,72,33,39
Travis,403,Railroad Commissioner,,DEM,Lon Burnam,27,11,16
Travis,404,Railroad Commissioner,,DEM,Lon Burnam,99,45,54
Travis,405,Railroad Commissioner,,DEM,Lon Burnam,15,6,9
Travis,406,Railroad Commissioner,,DEM,Lon Burnam,115,76,39
Travis,407,Railroad Commissioner,,DEM,Lon Burnam,73,35,38
Travis,408,Railroad Commissioner,,DEM,Lon Burnam,123,59,64
Travis,409,Railroad Commissioner,,DEM,Lon Burnam,204,95,109
Travis,410,Railroad Commissioner,,DEM,Lon Burnam,144,68,76
Travis,411,Railroad Commissioner,,DEM,Lon Burnam,78,41,37
Travis,412,Railroad Commissioner,,DEM,Lon Burnam,10,4,6
Travis,413,Railroad Commissioner,,DEM,Lon Burnam,46,23,23
Travis,414,Railroad Commissioner,,DEM,Lon Burnam,157,77,80
Travis,415,Railroad Commissioner,,DEM,Lon Burnam,69,30,39
Travis,416,Railroad Commissioner,,DEM,Lon Burnam,6,4,2
Travis,417,Railroad Commissioner,,DEM,Lon Burnam,74,45,29
Travis,418,Railroad Commissioner,,DEM,Lon Burnam,0,0,0
Travis,419,Railroad Commissioner,,DEM,Lon Burnam,34,20,14
Travis,420,Railroad Commissioner,,DEM,Lon Burnam,206,97,109
Travis,421,Railroad Commissioner,,DEM,Lon Burnam,339,150,189
Travis,422,Railroad Commissioner,,DEM,Lon Burnam,319,164,155
Travis,423,Railroad Commissioner,,DEM,Lon Burnam,120,48,72
Travis,424,Railroad Commissioner,,DEM,Lon Burnam,273,126,147
Travis,425,Railroad Commissioner,,DEM,Lon Burnam,65,31,34
Travis,426,Railroad Commissioner,,DEM,Lon Burnam,211,95,116
Travis,427,Railroad Commissioner,,DEM,Lon Burnam,170,84,86
Travis,428,Railroad Commissioner,,DEM,Lon Burnam,86,40,46
Travis,429,Railroad Commissioner,,DEM,Lon Burnam,371,163,208
Travis,430,Railroad Commissioner,,DEM,Lon Burnam,119,56,63
Travis,431,Railroad Commissioner,,DEM,Lon Burnam,332,133,199
Travis,432,Railroad Commissioner,,DEM,Lon Burnam,0,0,0
Travis,433,Railroad Commissioner,,DEM,Lon Burnam,256,134,122
Travis,434,Railroad Commissioner,,DEM,Lon Burnam,2,1,1
Travis,435,Railroad Commissioner,,DEM,Lon Burnam,312,171,141
Travis,436,Railroad Commissioner,,DEM,Lon Burnam,24,11,13
Travis,437,Railroad Commissioner,,DEM,Lon Burnam,289,122,167
Travis,438,Railroad Commissioner,,DEM,Lon Burnam,120,58,62
Travis,439,Railroad Commissioner,,DEM,Lon Burnam,253,113,140
Travis,440,Railroad Commissioner,,DEM,Lon Burnam,73,38,35
Travis,441,Railroad Commissioner,,DEM,Lon Burnam,281,142,139
Travis,442,Railroad Commissioner,,DEM,Lon Burnam,90,40,50
Travis,443,Railroad Commissioner,,DEM,Lon Burnam,79,42,37
Travis,444,Railroad Commissioner,,DEM,Lon Burnam,1,0,1
Travis,446,Railroad Commissioner,,DEM,Lon Burnam,104,47,57
Travis,447,Railroad Commissioner,,DEM,Lon Burnam,242,118,124
Travis,448,Railroad Commissioner,,DEM,Lon Burnam,82,40,42
Travis,450,Railroad Commissioner,,DEM,Lon Burnam,123,62,61
Travis,451,Railroad Commissioner,,DEM,Lon Burnam,166,73,93
Travis,452,Railroad Commissioner,,DEM,Lon Burnam,59,30,29
Travis,454,Railroad Commissioner,,DEM,Lon Burnam,222,121,101
Travis,458,Railroad Commissioner,,DEM,Lon Burnam,254,132,122
Travis,460,Railroad Commissioner,,DEM,Lon Burnam,370,185,185
Travis,461,Railroad Commissioner,,DEM,Lon Burnam,374,190,184
Travis,463,Railroad Commissioner,,DEM,Lon Burnam,186,88,98
Travis,115,"Precinct No. 4, Constable",,DEM,Manuel Jimenez,0,0,0
Travis,138,"Precinct No. 4, Constable",,DEM,Manuel Jimenez,0,0,0
Travis,341,"Precinct No. 4, Constable",,DEM,Manuel Jimenez,1,0,1
Travis,401,"Precinct No. 4, Constable",,DEM,Manuel Jimenez,161,73,88
Travis,402,"Precinct No. 4, Constable",,DEM,Manuel Jimenez,216,83,133
Travis,403,"Precinct No. 4, Constable",,DEM,Manuel Jimenez,80,25,55
Travis,404,"Precinct No. 4, Constable",,DEM,Manuel Jimenez,175,73,102
Travis,405,"Precinct No. 4, Constable",,DEM,Manuel Jimenez,31,7,24
Travis,406,"Precinct No. 4, Constable",,DEM,Manuel Jimenez,195,105,90
Travis,407,"Precinct No. 4, Constable",,DEM,Manuel Jimenez,167,70,97
Travis,409,"Precinct No. 4, Constable",,DEM,Manuel Jimenez,201,78,123
Travis,413,"Precinct No. 4, Constable",,DEM,Manuel Jimenez,76,32,44
Travis,417,"Precinct No. 4, Constable",,DEM,Manuel Jimenez,108,47,61
Travis,418,"Precinct No. 4, Constable",,DEM,Manuel Jimenez,0,0,0
Travis,420,"Precinct No. 4, Constable",,DEM,Manuel Jimenez,245,110,135
Travis,421,"Precinct No. 4, Constable",,DEM,Manuel Jimenez,265,125,140
Travis,422,"Precinct No. 4, Constable",,DEM,Manuel Jimenez,273,121,152
Travis,423,"Precinct No. 4, Constable",,DEM,Manuel Jimenez,265,103,162
Travis,424,"Precinct No. 4, Constable",,DEM,Manuel Jimenez,221,90,131
Travis,426,"Precinct No. 4, Constable",,DEM,Manuel Jimenez,256,103,153
Travis,427,"Precinct No. 4, Constable",,DEM,Manuel Jimenez,159,81,78
Travis,428,"Precinct No. 4, Constable",,DEM,Manuel Jimenez,68,30,38
Travis,429,"Precinct No. 4, Constable",,DEM,Manuel Jimenez,514,241,273
Travis,431,"Precinct No. 4, Constable",,DEM,Manuel Jimenez,486,207,279
Travis,432,"Precinct No. 4, Constable",,DEM,Manuel Jimenez,1,1,0
Travis,433,"Precinct No. 4, Constable",,DEM,Manuel Jimenez,261,118,143
Travis,434,"Precinct No. 4, Constable",,DEM,Manuel Jimenez,0,0,0
Travis,436,"Precinct No. 4, Constable",,DEM,Manuel Jimenez,32,15,17
Travis,437,"Precinct No. 4, Constable",,DEM,Manuel Jimenez,227,91,136
Travis,438,"Precinct No. 4, Constable",,DEM,Manuel Jimenez,167,74,93
Travis,439,"Precinct No. 4, Constable",,DEM,Manuel Jimenez,258,108,150
Travis,440,"Precinct No. 4, Constable",,DEM,Manuel Jimenez,81,34,47
Travis,442,"Precinct No. 4, Constable",,DEM,Manuel Jimenez,113,50,63
Travis,443,"Precinct No. 4, Constable",,DEM,Manuel Jimenez,214,94,120
Travis,444,"Precinct No. 4, Constable",,DEM,Manuel Jimenez,5,2,3
Travis,448,"Precinct No. 4, Constable",,DEM,Manuel Jimenez,163,73,90
Travis,450,"Precinct No. 4, Constable",,DEM,Manuel Jimenez,288,125,163
Travis,452,"Precinct No. 4, Constable",,DEM,Manuel Jimenez,125,51,74
Travis,101,"Precinct No. 1, County Commissioner",,DEM,Marc Hoskins,75,22,53
Travis,102,"Precinct No. 1, County Commissioner",,DEM,Marc Hoskins,33,10,23
Travis,103,"Precinct No. 1, County Commissioner",,DEM,Marc Hoskins,39,15,24
Travis,104,"Precinct No. 1, County Commissioner",,DEM,Marc Hoskins,23,8,15
Travis,105,"Precinct No. 1, County Commissioner",,DEM,Marc Hoskins,125,47,78
Travis,106,"Precinct No. 1, County Commissioner",,DEM,Marc Hoskins,48,25,23
Travis,107,"Precinct No. 1, County Commissioner",,DEM,Marc Hoskins,4,1,3
Travis,108,"Precinct No. 1, County Commissioner",,DEM,Marc Hoskins,49,14,35
Travis,109,"Precinct No. 1, County Commissioner",,DEM,Marc Hoskins,60,19,41
Travis,110,"Precinct No. 1, County Commissioner",,DEM,Marc Hoskins,102,35,67
Travis,111,"Precinct No. 1, County Commissioner",,DEM,Marc Hoskins,96,36,60
Travis,112,"Precinct No. 1, County Commissioner",,DEM,Marc Hoskins,28,9,19
Travis,113,"Precinct No. 1, County Commissioner",,DEM,Marc Hoskins,145,36,109
Travis,114,"Precinct No. 1, County Commissioner",,DEM,Marc Hoskins,3,1,2
Travis,115,"Precinct No. 1, County Commissioner",,DEM,Marc Hoskins,0,0,0
Travis,116,"Precinct No. 1, County Commissioner",,DEM,Marc Hoskins,0,0,0
Travis,117,"Precinct No. 1, County Commissioner",,DEM,Marc Hoskins,48,15,33
Travis,118,"Precinct No. 1, County Commissioner",,DEM,Marc Hoskins,7,3,4
Travis,119,"Precinct No. 1, County Commissioner",,DEM,Marc Hoskins,0,0,0
Travis,120,"Precinct No. 1, County Commissioner",,DEM,Marc Hoskins,1,1,0
Travis,121,"Precinct No. 1, County Commissioner",,DEM,Marc Hoskins,13,5,8
Travis,122,"Precinct No. 1, County Commissioner",,DEM,Marc Hoskins,48,16,32
Travis,123,"Precinct No. 1, County Commissioner",,DEM,Marc Hoskins,75,22,53
Travis,124,"Precinct No. 1, County Commissioner",,DEM,Marc Hoskins,91,34,57
Travis,125,"Precinct No. 1, County Commissioner",,DEM,Marc Hoskins,0,0,0
Travis,126,"Precinct No. 1, County Commissioner",,DEM,Marc Hoskins,76,25,51
Travis,127,"Precinct No. 1, County Commissioner",,DEM,Marc Hoskins,0,0,0
Travis,128,"Precinct No. 1, County Commissioner",,DEM,Marc Hoskins,0,0,0
Travis,129,"Precinct No. 1, County Commissioner",,DEM,Marc Hoskins,56,17,39
Travis,130,"Precinct No. 1, County Commissioner",,DEM,Marc Hoskins,36,13,23
Travis,131,"Precinct No. 1, County Commissioner",,DEM,Marc Hoskins,0,0,0
Travis,132,"Precinct No. 1, County Commissioner",,DEM,Marc Hoskins,30,9,21
Travis,133,"Precinct No. 1, County Commissioner",,DEM,Marc Hoskins,32,9,23
Travis,134,"Precinct No. 1, County Commissioner",,DEM,Marc Hoskins,0,0,0
Travis,135,"Precinct No. 1, County Commissioner",,DEM,Marc Hoskins,66,26,40
Travis,136,"Precinct No. 1, County Commissioner",,DEM,Marc Hoskins,57,22,35
Travis,137,"Precinct No. 1, County Commissioner",,DEM,Marc Hoskins,120,34,86
Travis,138,"Precinct No. 1, County Commissioner",,DEM,Marc Hoskins,0,0,0
Travis,139,"Precinct No. 1, County Commissioner",,DEM,Marc Hoskins,75,38,37
Travis,140,"Precinct No. 1, County Commissioner",,DEM,Marc Hoskins,35,8,27
Travis,141,"Precinct No. 1, County Commissioner",,DEM,Marc Hoskins,8,1,7
Travis,142,"Precinct No. 1, County Commissioner",,DEM,Marc Hoskins,35,17,18
Travis,145,"Precinct No. 1, County Commissioner",,DEM,Marc Hoskins,51,20,31
Travis,146,"Precinct No. 1, County Commissioner",,DEM,Marc Hoskins,45,20,25
Travis,148,"Precinct No. 1, County Commissioner",,DEM,Marc Hoskins,59,21,38
Travis,149,"Precinct No. 1, County Commissioner",,DEM,Marc Hoskins,65,20,45
Travis,150,"Precinct No. 1, County Commissioner",,DEM,Marc Hoskins,32,10,22
Travis,151,"Precinct No. 1, County Commissioner",,DEM,Marc Hoskins,38,13,25
Travis,152,"Precinct No. 1, County Commissioner",,DEM,Marc Hoskins,45,18,27
Travis,153,"Precinct No. 1, County Commissioner",,DEM,Marc Hoskins,91,28,63
Travis,154,"Precinct No. 1, County Commissioner",,DEM,Marc Hoskins,69,21,48
Travis,156,"Precinct No. 1, County Commissioner",,DEM,Marc Hoskins,159,63,96
Travis,160,"Precinct No. 1, County Commissioner",,DEM,Marc Hoskins,54,19,35
Travis,161,"Precinct No. 1, County Commissioner",,DEM,Marc Hoskins,19,7,12
Travis,163,"Precinct No. 1, County Commissioner",,DEM,Marc Hoskins,6,2,4
Travis,164,"Precinct No. 1, County Commissioner",,DEM,Marc Hoskins,38,11,27
Travis,101,"District Attorney, 53rd Judicial District",,DEM,Margaret Moore,376,130,246
Travis,102,"District Attorney, 53rd Judicial District",,DEM,Margaret Moore,98,40,58
Travis,103,"District Attorney, 53rd Judicial District",,DEM,Margaret Moore,172,69,103
Travis,104,"District Attorney, 53rd Judicial District",,DEM,Margaret Moore,127,55,72
Travis,105,"District Attorney, 53rd Judicial District",,DEM,Margaret Moore,468,216,252
Travis,106,"District Attorney, 53rd Judicial District",,DEM,Margaret Moore,199,87,112
Travis,107,"District Attorney, 53rd Judicial District",,DEM,Margaret Moore,24,8,16
Travis,108,"District Attorney, 53rd Judicial District",,DEM,Margaret Moore,144,44,100
Travis,109,"District Attorney, 53rd Judicial District",,DEM,Margaret Moore,193,72,121
Travis,110,"District Attorney, 53rd Judicial District",,DEM,Margaret Moore,369,145,224
Travis,111,"District Attorney, 53rd Judicial District",,DEM,Margaret Moore,378,141,237
Travis,112,"District Attorney, 53rd Judicial District",,DEM,Margaret Moore,93,26,67
Travis,113,"District Attorney, 53rd Judicial District",,DEM,Margaret Moore,460,144,316
Travis,114,"District Attorney, 53rd Judicial District",,DEM,Margaret Moore,18,7,11
Travis,115,"District Attorney, 53rd Judicial District",,DEM,Margaret Moore,1,0,1
Travis,116,"District Attorney, 53rd Judicial District",,DEM,Margaret Moore,0,0,0
Travis,117,"District Attorney, 53rd Judicial District",,DEM,Margaret Moore,193,77,116
Travis,118,"District Attorney, 53rd Judicial District",,DEM,Margaret Moore,44,22,22
Travis,119,"District Attorney, 53rd Judicial District",,DEM,Margaret Moore,0,0,0
Travis,120,"District Attorney, 53rd Judicial District",,DEM,Margaret Moore,11,9,2
Travis,121,"District Attorney, 53rd Judicial District",,DEM,Margaret Moore,81,40,41
Travis,122,"District Attorney, 53rd Judicial District",,DEM,Margaret Moore,250,133,117
Travis,123,"District Attorney, 53rd Judicial District",,DEM,Margaret Moore,278,103,175
Travis,124,"District Attorney, 53rd Judicial District",,DEM,Margaret Moore,650,320,330
Travis,125,"District Attorney, 53rd Judicial District",,DEM,Margaret Moore,0,0,0
Travis,126,"District Attorney, 53rd Judicial District",,DEM,Margaret Moore,703,299,404
Travis,127,"District Attorney, 53rd Judicial District",,DEM,Margaret Moore,0,0,0
Travis,128,"District Attorney, 53rd Judicial District",,DEM,Margaret Moore,0,0,0
Travis,129,"District Attorney, 53rd Judicial District",,DEM,Margaret Moore,316,163,153
Travis,130,"District Attorney, 53rd Judicial District",,DEM,Margaret Moore,317,125,192
Travis,131,"District Attorney, 53rd Judicial District",,DEM,Margaret Moore,0,0,0
Travis,132,"District Attorney, 53rd Judicial District",,DEM,Margaret Moore,339,141,198
Travis,133,"District Attorney, 53rd Judicial District",,DEM,Margaret Moore,399,145,254
Travis,134,"District Attorney, 53rd Judicial District",,DEM,Margaret Moore,0,0,0
Travis,135,"District Attorney, 53rd Judicial District",,DEM,Margaret Moore,1126,492,634
Travis,136,"District Attorney, 53rd Judicial District",,DEM,Margaret Moore,239,108,131
Travis,137,"District Attorney, 53rd Judicial District",,DEM,Margaret Moore,495,181,314
Travis,138,"District Attorney, 53rd Judicial District",,DEM,Margaret Moore,0,0,0
Travis,139,"District Attorney, 53rd Judicial District",,DEM,Margaret Moore,372,168,204
Travis,140,"District Attorney, 53rd Judicial District",,DEM,Margaret Moore,184,73,111
Travis,141,"District Attorney, 53rd Judicial District",,DEM,Margaret Moore,26,7,19
Travis,142,"District Attorney, 53rd Judicial District",,DEM,Margaret Moore,155,78,77
Travis,145,"District Attorney, 53rd Judicial District",,DEM,Margaret Moore,181,66,115
Travis,146,"District Attorney, 53rd Judicial District",,DEM,Margaret Moore,193,102,91
Travis,148,"District Attorney, 53rd Judicial District",,DEM,Margaret Moore,275,119,156
Travis,149,"District Attorney, 53rd Judicial District",,DEM,Margaret Moore,312,120,192
Travis,150,"District Attorney, 53rd Judicial District",,DEM,Margaret Moore,143,66,77
Travis,151,"District Attorney, 53rd Judicial District",,DEM,Margaret Moore,325,137,188
Travis,152,"District Attorney, 53rd Judicial District",,DEM,Margaret Moore,825,380,445
Travis,153,"District Attorney, 53rd Judicial District",,DEM,Margaret Moore,434,150,284
Travis,154,"District Attorney, 53rd Judicial District",,DEM,Margaret Moore,246,76,170
Travis,156,"District Attorney, 53rd Judicial District",,DEM,Margaret Moore,701,332,369
Travis,160,"District Attorney, 53rd Judicial District",,DEM,Margaret Moore,150,62,88
Travis,161,"District Attorney, 53rd Judicial District",,DEM,Margaret Moore,90,34,56
Travis,163,"District Attorney, 53rd Judicial District",,DEM,Margaret Moore,18,8,10
Travis,164,"District Attorney, 53rd Judicial District",,DEM,Margaret Moore,170,56,114
Travis,200,"District Attorney, 53rd Judicial District",,DEM,Margaret Moore,869,413,456
Travis,202,"District Attorney, 53rd Judicial District",,DEM,Margaret Moore,648,292,356
Travis,203,"District Attorney, 53rd Judicial District",,DEM,Margaret Moore,63,21,42
Travis,205,"District Attorney, 53rd Judicial District",,DEM,Margaret Moore,262,96,166
Travis,206,"District Attorney, 53rd Judicial District",,DEM,Margaret Moore,152,79,73
Travis,207,"District Attorney, 53rd Judicial District",,DEM,Margaret Moore,454,184,270
Travis,208,"District Attorney, 53rd Judicial District",,DEM,Margaret Moore,704,490,214
Travis,209,"District Attorney, 53rd Judicial District",,DEM,Margaret Moore,90,44,46
Travis,210,"District Attorney, 53rd Judicial District",,DEM,Margaret Moore,209,118,91
Travis,211,"District Attorney, 53rd Judicial District",,DEM,Margaret Moore,226,93,133
Travis,212,"District Attorney, 53rd Judicial District",,DEM,Margaret Moore,274,145,129
Travis,213,"District Attorney, 53rd Judicial District",,DEM,Margaret Moore,0,0,0
Travis,214,"District Attorney, 53rd Judicial District",,DEM,Margaret Moore,347,158,189
Travis,215,"District Attorney, 53rd Judicial District",,DEM,Margaret Moore,211,78,133
Travis,216,"District Attorney, 53rd Judicial District",,DEM,Margaret Moore,143,52,91
Travis,217,"District Attorney, 53rd Judicial District",,DEM,Margaret Moore,266,116,150
Travis,218,"District Attorney, 53rd Judicial District",,DEM,Margaret Moore,473,206,267
Travis,219,"District Attorney, 53rd Judicial District",,DEM,Margaret Moore,235,88,147
Travis,220,"District Attorney, 53rd Judicial District",,DEM,Margaret Moore,201,100,101
Travis,221,"District Attorney, 53rd Judicial District",,DEM,Margaret Moore,62,28,34
Travis,222,"District Attorney, 53rd Judicial District",,DEM,Margaret Moore,308,114,194
Travis,223,"District Attorney, 53rd Judicial District",,DEM,Margaret Moore,66,34,32
Travis,224,"District Attorney, 53rd Judicial District",,DEM,Margaret Moore,10,5,5
Travis,225,"District Attorney, 53rd Judicial District",,DEM,Margaret Moore,291,106,185
Travis,226,"District Attorney, 53rd Judicial District",,DEM,Margaret Moore,166,61,105
Travis,227,"District Attorney, 53rd Judicial District",,DEM,Margaret Moore,39,13,26
Travis,228,"District Attorney, 53rd Judicial District",,DEM,Margaret Moore,212,113,99
Travis,229,"District Attorney, 53rd Judicial District",,DEM,Margaret Moore,261,101,160
Travis,231,"District Attorney, 53rd Judicial District",,DEM,Margaret Moore,352,161,191
Travis,232,"District Attorney, 53rd Judicial District",,DEM,Margaret Moore,306,150,156
Travis,233,"District Attorney, 53rd Judicial District",,DEM,Margaret Moore,258,95,163
Travis,234,"District Attorney, 53rd Judicial District",,DEM,Margaret Moore,127,53,74
Travis,235,"District Attorney, 53rd Judicial District",,DEM,Margaret Moore,535,223,312
Travis,236,"District Attorney, 53rd Judicial District",,DEM,Margaret Moore,607,217,390
Travis,237,"District Attorney, 53rd Judicial District",,DEM,Margaret Moore,273,124,149
Travis,238,"District Attorney, 53rd Judicial District",,DEM,Margaret Moore,432,177,255
Travis,239,"District Attorney, 53rd Judicial District",,DEM,Margaret Moore,492,212,280
Travis,240,"District Attorney, 53rd Judicial District",,DEM,Margaret Moore,210,73,137
Travis,241,"District Attorney, 53rd Judicial District",,DEM,Margaret Moore,304,118,186
Travis,242,"District Attorney, 53rd Judicial District",,DEM,Margaret Moore,982,472,510
Travis,243,"District Attorney, 53rd Judicial District",,DEM,Margaret Moore,337,176,161
Travis,244,"District Attorney, 53rd Judicial District",,DEM,Margaret Moore,253,129,124
Travis,245,"District Attorney, 53rd Judicial District",,DEM,Margaret Moore,86,36,50
Travis,246,"District Attorney, 53rd Judicial District",,DEM,Margaret Moore,264,98,166
Travis,247,"District Attorney, 53rd Judicial District",,DEM,Margaret Moore,102,43,59
Travis,248,"District Attorney, 53rd Judicial District",,DEM,Margaret Moore,391,186,205
Travis,249,"District Attorney, 53rd Judicial District",,DEM,Margaret Moore,380,197,183
Travis,250,"District Attorney, 53rd Judicial District",,DEM,Margaret Moore,770,338,432
Travis,251,"District Attorney, 53rd Judicial District",,DEM,Margaret Moore,376,178,198
Travis,252,"District Attorney, 53rd Judicial District",,DEM,Margaret Moore,434,210,224
Travis,253,"District Attorney, 53rd Judicial District",,DEM,Margaret Moore,359,189,170
Travis,254,"District Attorney, 53rd Judicial District",,DEM,Margaret Moore,345,146,199
Travis,256,"District Attorney, 53rd Judicial District",,DEM,Margaret Moore,226,114,112
Travis,258,"District Attorney, 53rd Judicial District",,DEM,Margaret Moore,308,134,174
Travis,259,"District Attorney, 53rd Judicial District",,DEM,Margaret Moore,352,134,218
Travis,260,"District Attorney, 53rd Judicial District",,DEM,Margaret Moore,104,35,69
Travis,262,"District Attorney, 53rd Judicial District",,DEM,Margaret Moore,573,281,292
Travis,263,"District Attorney, 53rd Judicial District",,DEM,Margaret Moore,383,148,235
Travis,266,"District Attorney, 53rd Judicial District",,DEM,Margaret Moore,57,40,17
Travis,267,"District Attorney, 53rd Judicial District",,DEM,Margaret Moore,181,97,84
Travis,268,"District Attorney, 53rd Judicial District",,DEM,Margaret Moore,109,38,71
Travis,273,"District Attorney, 53rd Judicial District",,DEM,Margaret Moore,525,218,307
Travis,274,"District Attorney, 53rd Judicial District",,DEM,Margaret Moore,471,222,249
Travis,275,"District Attorney, 53rd Judicial District",,DEM,Margaret Moore,631,266,365
Travis,277,"District Attorney, 53rd Judicial District",,DEM,Margaret Moore,431,274,157
Travis,301,"District Attorney, 53rd Judicial District",,DEM,Margaret Moore,153,62,91
Travis,302,"District Attorney, 53rd Judicial District",,DEM,Margaret Moore,290,145,145
Travis,303,"District Attorney, 53rd Judicial District",,DEM,Margaret Moore,261,134,127
Travis,304,"District Attorney, 53rd Judicial District",,DEM,Margaret Moore,390,168,222
Travis,305,"District Attorney, 53rd Judicial District",,DEM,Margaret Moore,0,0,0
Travis,306,"District Attorney, 53rd Judicial District",,DEM,Margaret Moore,165,92,73
Travis,307,"District Attorney, 53rd Judicial District",,DEM,Margaret Moore,162,80,82
Travis,308,"District Attorney, 53rd Judicial District",,DEM,Margaret Moore,314,150,164
Travis,309,"District Attorney, 53rd Judicial District",,DEM,Margaret Moore,272,149,123
Travis,310,"District Attorney, 53rd Judicial District",,DEM,Margaret Moore,456,226,230
Travis,311,"District Attorney, 53rd Judicial District",,DEM,Margaret Moore,506,323,183
Travis,312,"District Attorney, 53rd Judicial District",,DEM,Margaret Moore,156,80,76
Travis,313,"District Attorney, 53rd Judicial District",,DEM,Margaret Moore,50,21,29
Travis,314,"District Attorney, 53rd Judicial District",,DEM,Margaret Moore,251,124,127
Travis,315,"District Attorney, 53rd Judicial District",,DEM,Margaret Moore,368,164,204
Travis,316,"District Attorney, 53rd Judicial District",,DEM,Margaret Moore,169,65,104
Travis,317,"District Attorney, 53rd Judicial District",,DEM,Margaret Moore,263,129,134
Travis,318,"District Attorney, 53rd Judicial District",,DEM,Margaret Moore,63,20,43
Travis,319,"District Attorney, 53rd Judicial District",,DEM,Margaret Moore,114,66,48
Travis,320,"District Attorney, 53rd Judicial District",,DEM,Margaret Moore,98,64,34
Travis,321,"District Attorney, 53rd Judicial District",,DEM,Margaret Moore,89,45,44
Travis,323,"District Attorney, 53rd Judicial District",,DEM,Margaret Moore,244,103,141
Travis,324,"District Attorney, 53rd Judicial District",,DEM,Margaret Moore,263,127,136
Travis,325,"District Attorney, 53rd Judicial District",,DEM,Margaret Moore,8,5,3
Travis,326,"District Attorney, 53rd Judicial District",,DEM,Margaret Moore,201,87,114
Travis,327,"District Attorney, 53rd Judicial District",,DEM,Margaret Moore,309,155,154
Travis,328,"District Attorney, 53rd Judicial District",,DEM,Margaret Moore,449,215,234
Travis,329,"District Attorney, 53rd Judicial District",,DEM,Margaret Moore,277,158,119
Travis,330,"District Attorney, 53rd Judicial District",,DEM,Margaret Moore,253,111,142
Travis,331,"District Attorney, 53rd Judicial District",,DEM,Margaret Moore,307,103,204
Travis,332,"District Attorney, 53rd Judicial District",,DEM,Margaret Moore,542,194,348
Travis,333,"District Attorney, 53rd Judicial District",,DEM,Margaret Moore,240,69,171
Travis,334,"District Attorney, 53rd Judicial District",,DEM,Margaret Moore,184,77,107
Travis,335,"District Attorney, 53rd Judicial District",,DEM,Margaret Moore,218,102,116
Travis,336,"District Attorney, 53rd Judicial District",,DEM,Margaret Moore,205,81,124
Travis,337,"District Attorney, 53rd Judicial District",,DEM,Margaret Moore,367,144,223
Travis,338,"District Attorney, 53rd Judicial District",,DEM,Margaret Moore,535,210,325
Travis,339,"District Attorney, 53rd Judicial District",,DEM,Margaret Moore,231,111,120
Travis,340,"District Attorney, 53rd Judicial District",,DEM,Margaret Moore,355,137,218
Travis,341,"District Attorney, 53rd Judicial District",,DEM,Margaret Moore,3,0,3
Travis,342,"District Attorney, 53rd Judicial District",,DEM,Margaret Moore,804,334,470
Travis,343,"District Attorney, 53rd Judicial District",,DEM,Margaret Moore,156,56,100
Travis,344,"District Attorney, 53rd Judicial District",,DEM,Margaret Moore,271,121,150
Travis,345,"District Attorney, 53rd Judicial District",,DEM,Margaret Moore,1,1,0
Travis,346,"District Attorney, 53rd Judicial District",,DEM,Margaret Moore,145,88,57
Travis,347,"District Attorney, 53rd Judicial District",,DEM,Margaret Moore,284,150,134
Travis,349,"District Attorney, 53rd Judicial District",,DEM,Margaret Moore,537,243,294
Travis,350,"District Attorney, 53rd Judicial District",,DEM,Margaret Moore,492,244,248
Travis,351,"District Attorney, 53rd Judicial District",,DEM,Margaret Moore,198,96,102
Travis,352,"District Attorney, 53rd Judicial District",,DEM,Margaret Moore,474,248,226
Travis,354,"District Attorney, 53rd Judicial District",,DEM,Margaret Moore,504,290,214
Travis,356,"District Attorney, 53rd Judicial District",,DEM,Margaret Moore,201,92,109
Travis,357,"District Attorney, 53rd Judicial District",,DEM,Margaret Moore,55,27,28
Travis,358,"District Attorney, 53rd Judicial District",,DEM,Margaret Moore,587,290,297
Travis,359,"District Attorney, 53rd Judicial District",,DEM,Margaret Moore,317,146,171
Travis,360,"District Attorney, 53rd Judicial District",,DEM,Margaret Moore,411,191,220
Travis,361,"District Attorney, 53rd Judicial District",,DEM,Margaret Moore,127,56,71
Travis,362,"District Attorney, 53rd Judicial District",,DEM,Margaret Moore,373,194,179
Travis,363,"District Attorney, 53rd Judicial District",,DEM,Margaret Moore,180,92,88
Travis,364,"District Attorney, 53rd Judicial District",,DEM,Margaret Moore,432,257,175
Travis,365,"District Attorney, 53rd Judicial District",,DEM,Margaret Moore,200,90,110
Travis,366,"District Attorney, 53rd Judicial District",,DEM,Margaret Moore,507,225,282
Travis,367,"District Attorney, 53rd Judicial District",,DEM,Margaret Moore,498,235,263
Travis,368,"District Attorney, 53rd Judicial District",,DEM,Margaret Moore,13,10,3
Travis,369,"District Attorney, 53rd Judicial District",,DEM,Margaret Moore,104,32,72
Travis,370,"District Attorney, 53rd Judicial District",,DEM,Margaret Moore,87,15,72
Travis,371,"District Attorney, 53rd Judicial District",,DEM,Margaret Moore,128,53,75
Travis,372,"District Attorney, 53rd Judicial District",,DEM,Margaret Moore,107,42,65
Travis,373,"District Attorney, 53rd Judicial District",,DEM,Margaret Moore,225,96,129
Travis,374,"District Attorney, 53rd Judicial District",,DEM,Margaret Moore,279,106,173
Travis,375,"District Attorney, 53rd Judicial District",,DEM,Margaret Moore,59,20,39
Travis,401,"District Attorney, 53rd Judicial District",,DEM,Margaret Moore,174,79,95
Travis,402,"District Attorney, 53rd Judicial District",,DEM,Margaret Moore,221,96,125
Travis,403,"District Attorney, 53rd Judicial District",,DEM,Margaret Moore,84,26,58
Travis,404,"District Attorney, 53rd Judicial District",,DEM,Margaret Moore,224,91,133
Travis,405,"District Attorney, 53rd Judicial District",,DEM,Margaret Moore,52,23,29
Travis,406,"District Attorney, 53rd Judicial District",,DEM,Margaret Moore,226,136,90
Travis,407,"District Attorney, 53rd Judicial District",,DEM,Margaret Moore,157,73,84
Travis,408,"District Attorney, 53rd Judicial District",,DEM,Margaret Moore,324,136,188
Travis,409,"District Attorney, 53rd Judicial District",,DEM,Margaret Moore,302,131,171
Travis,410,"District Attorney, 53rd Judicial District",,DEM,Margaret Moore,383,186,197
Travis,411,"District Attorney, 53rd Judicial District",,DEM,Margaret Moore,183,87,96
Travis,412,"District Attorney, 53rd Judicial District",,DEM,Margaret Moore,19,11,8
Travis,413,"District Attorney, 53rd Judicial District",,DEM,Margaret Moore,100,42,58
Travis,414,"District Attorney, 53rd Judicial District",,DEM,Margaret Moore,399,174,225
Travis,415,"District Attorney, 53rd Judicial District",,DEM,Margaret Moore,138,55,83
Travis,416,"District Attorney, 53rd Judicial District",,DEM,Margaret Moore,14,7,7
Travis,417,"District Attorney, 53rd Judicial District",,DEM,Margaret Moore,162,84,78
Travis,418,"District Attorney, 53rd Judicial District",,DEM,Margaret Moore,0,0,0
Travis,419,"District Attorney, 53rd Judicial District",,DEM,Margaret Moore,61,33,28
Travis,420,"District Attorney, 53rd Judicial District",,DEM,Margaret Moore,391,167,224
Travis,421,"District Attorney, 53rd Judicial District",,DEM,Margaret Moore,418,191,227
Travis,422,"District Attorney, 53rd Judicial District",,DEM,Margaret Moore,444,205,239
Travis,423,"District Attorney, 53rd Judicial District",,DEM,Margaret Moore,297,123,174
Travis,424,"District Attorney, 53rd Judicial District",,DEM,Margaret Moore,375,168,207
Travis,425,"District Attorney, 53rd Judicial District",,DEM,Margaret Moore,111,52,59
Travis,426,"District Attorney, 53rd Judicial District",,DEM,Margaret Moore,330,145,185
Travis,427,"District Attorney, 53rd Judicial District",,DEM,Margaret Moore,271,125,146
Travis,428,"District Attorney, 53rd Judicial District",,DEM,Margaret Moore,148,68,80
Travis,429,"District Attorney, 53rd Judicial District",,DEM,Margaret Moore,713,334,379
Travis,430,"District Attorney, 53rd Judicial District",,DEM,Margaret Moore,202,72,130
Travis,431,"District Attorney, 53rd Judicial District",,DEM,Margaret Moore,750,303,447
Travis,432,"District Attorney, 53rd Judicial District",,DEM,Margaret Moore,2,2,0
Travis,433,"District Attorney, 53rd Judicial District",,DEM,Margaret Moore,428,215,213
Travis,434,"District Attorney, 53rd Judicial District",,DEM,Margaret Moore,0,0,0
Travis,435,"District Attorney, 53rd Judicial District",,DEM,Margaret Moore,642,283,359
Travis,436,"District Attorney, 53rd Judicial District",,DEM,Margaret Moore,36,15,21
Travis,437,"District Attorney, 53rd Judicial District",,DEM,Margaret Moore,425,154,271
Travis,438,"District Attorney, 53rd Judicial District",,DEM,Margaret Moore,196,96,100
Travis,439,"District Attorney, 53rd Judicial District",,DEM,Margaret Moore,380,159,221
Travis,440,"District Attorney, 53rd Judicial District",,DEM,Margaret Moore,126,61,65
Travis,441,"District Attorney, 53rd Judicial District",,DEM,Margaret Moore,556,269,287
Travis,442,"District Attorney, 53rd Judicial District",,DEM,Margaret Moore,194,76,118
Travis,443,"District Attorney, 53rd Judicial District",,DEM,Margaret Moore,257,127,130
Travis,444,"District Attorney, 53rd Judicial District",,DEM,Margaret Moore,11,5,6
Travis,446,"District Attorney, 53rd Judicial District",,DEM,Margaret Moore,173,77,96
Travis,447,"District Attorney, 53rd Judicial District",,DEM,Margaret Moore,456,213,243
Travis,448,"District Attorney, 53rd Judicial District",,DEM,Margaret Moore,226,95,131
Travis,450,"District Attorney, 53rd Judicial District",,DEM,Margaret Moore,345,148,197
Travis,451,"District Attorney, 53rd Judicial District",,DEM,Margaret Moore,390,179,211
Travis,452,"District Attorney, 53rd Judicial District",,DEM,Margaret Moore,154,63,91
Travis,454,"District Attorney, 53rd Judicial District",,DEM,Margaret Moore,313,164,149
Travis,458,"District Attorney, 53rd Judicial District",,DEM,Margaret Moore,420,226,194
Travis,460,"District Attorney, 53rd Judicial District",,DEM,Margaret Moore,551,277,274
Travis,461,"District Attorney, 53rd Judicial District",,DEM,Margaret Moore,576,253,323
Travis,463,"District Attorney, 53rd Judicial District",,DEM,Margaret Moore,407,166,241
Travis,101,President,,DEM,Martin J. O'Malley,1,1,0
Travis,102,President,,DEM,Martin J. O'Malley,0,0,0
Travis,103,President,,DEM,Martin J. O'Malley,0,0,0
Travis,104,President,,DEM,Martin J. O'Malley,1,1,0
Travis,105,President,,DEM,Martin J. O'Malley,1,0,1
Travis,106,President,,DEM,Martin J. O'Malley,2,0,2
Travis,107,President,,DEM,Martin J. O'Malley,1,1,0
Travis,108,President,,DEM,Martin J. O'Malley,0,0,0
Travis,109,President,,DEM,Martin J. O'Malley,2,1,1
Travis,110,President,,DEM,Martin J. O'Malley,2,2,0
Travis,111,President,,DEM,Martin J. O'Malley,2,2,0
Travis,112,President,,DEM,Martin J. O'Malley,0,0,0
Travis,113,President,,DEM,Martin J. O'Malley,1,0,1
Travis,114,President,,DEM,Martin J. O'Malley,0,0,0
Travis,115,President,,DEM,Martin J. O'Malley,0,0,0
Travis,116,President,,DEM,Martin J. O'Malley,0,0,0
Travis,117,President,,DEM,Martin J. O'Malley,3,2,1
Travis,118,President,,DEM,Martin J. O'Malley,0,0,0
Travis,119,President,,DEM,Martin J. O'Malley,0,0,0
Travis,120,President,,DEM,Martin J. O'Malley,0,0,0
Travis,121,President,,DEM,Martin J. O'Malley,0,0,0
Travis,122,President,,DEM,Martin J. O'Malley,1,0,1
Travis,123,President,,DEM,Martin J. O'Malley,0,0,0
Travis,124,President,,DEM,Martin J. O'Malley,5,4,1
Travis,125,President,,DEM,Martin J. O'Malley,0,0,0
Travis,126,President,,DEM,Martin J. O'Malley,2,1,1
Travis,127,President,,DEM,Martin J. O'Malley,0,0,0
Travis,128,President,,DEM,Martin J. O'Malley,0,0,0
Travis,129,President,,DEM,Martin J. O'Malley,0,0,0
Travis,130,President,,DEM,Martin J. O'Malley,0,0,0
Travis,131,President,,DEM,Martin J. O'Malley,0,0,0
Travis,132,President,,DEM,Martin J. O'Malley,3,2,1
Travis,133,President,,DEM,Martin J. O'Malley,3,2,1
Travis,134,President,,DEM,Martin J. O'Malley,0,0,0
Travis,135,President,,DEM,Martin J. O'Malley,4,2,2
Travis,136,President,,DEM,Martin J. O'Malley,1,1,0
Travis,137,President,,DEM,Martin J. O'Malley,2,1,1
Travis,138,President,,DEM,Martin J. O'Malley,0,0,0
Travis,139,President,,DEM,Martin J. O'Malley,3,3,0
Travis,140,President,,DEM,Martin J. O'Malley,0,0,0
Travis,141,President,,DEM,Martin J. O'Malley,0,0,0
Travis,142,President,,DEM,Martin J. O'Malley,0,0,0
Travis,145,President,,DEM,Martin J. O'Malley,1,1,0
Travis,146,President,,DEM,Martin J. O'Malley,0,0,0
Travis,148,President,,DEM,Martin J. O'Malley,1,1,0
Travis,149,President,,DEM,Martin J. O'Malley,2,2,0
Travis,150,President,,DEM,Martin J. O'Malley,1,1,0
Travis,151,President,,DEM,Martin J. O'Malley,2,1,1
Travis,152,President,,DEM,Martin J. O'Malley,4,2,2
Travis,153,President,,DEM,Martin J. O'Malley,1,1,0
Travis,154,President,,DEM,Martin J. O'Malley,0,0,0
Travis,156,President,,DEM,Martin J. O'Malley,1,0,1
Travis,160,President,,DEM,Martin J. O'Malley,1,0,1
Travis,161,President,,DEM,Martin J. O'Malley,0,0,0
Travis,163,President,,DEM,Martin J. O'Malley,0,0,0
Travis,164,President,,DEM,Martin J. O'Malley,0,0,0
Travis,200,President,,DEM,Martin J. O'Malley,1,0,1
Travis,202,President,,DEM,Martin J. O'Malley,1,1,0
Travis,203,President,,DEM,Martin J. O'Malley,0,0,0
Travis,205,President,,DEM,Martin J. O'Malley,0,0,0
Travis,206,President,,DEM,Martin J. O'Malley,1,0,1
Travis,207,President,,DEM,Martin J. O'Malley,2,1,1
Travis,208,President,,DEM,Martin J. O'Malley,4,2,2
Travis,209,President,,DEM,Martin J. O'Malley,0,0,0
Travis,210,President,,DEM,Martin J. O'Malley,2,1,1
Travis,211,President,,DEM,Martin J. O'Malley,2,1,1
Travis,212,President,,DEM,Martin J. O'Malley,1,1,0
Travis,213,President,,DEM,Martin J. O'Malley,0,0,0
Travis,214,President,,DEM,Martin J. O'Malley,2,2,0
Travis,215,President,,DEM,Martin J. O'Malley,0,0,0
Travis,216,President,,DEM,Martin J. O'Malley,0,0,0
Travis,217,President,,DEM,Martin J. O'Malley,1,1,0
Travis,218,President,,DEM,Martin J. O'Malley,0,0,0
Travis,219,President,,DEM,Martin J. O'Malley,1,0,1
Travis,220,President,,DEM,Martin J. O'Malley,1,1,0
Travis,221,President,,DEM,Martin J. O'Malley,1,0,1
Travis,222,President,,DEM,Martin J. O'Malley,1,1,0
Travis,223,President,,DEM,Martin J. O'Malley,0,0,0
Travis,224,President,,DEM,Martin J. O'Malley,0,0,0
Travis,225,President,,DEM,Martin J. O'Malley,2,2,0
Travis,226,President,,DEM,Martin J. O'Malley,0,0,0
Travis,227,President,,DEM,Martin J. O'Malley,1,1,0
Travis,228,President,,DEM,Martin J. O'Malley,2,2,0
Travis,229,President,,DEM,Martin J. O'Malley,0,0,0
Travis,231,President,,DEM,Martin J. O'Malley,0,0,0
Travis,232,President,,DEM,Martin J. O'Malley,2,1,1
Travis,233,President,,DEM,Martin J. O'Malley,1,0,1
Travis,234,President,,DEM,Martin J. O'Malley,1,1,0
Travis,235,President,,DEM,Martin J. O'Malley,0,0,0
Travis,236,President,,DEM,Martin J. O'Malley,2,1,1
Travis,237,President,,DEM,Martin J. O'Malley,0,0,0
Travis,238,President,,DEM,Martin J. O'Malley,1,1,0
Travis,239,President,,DEM,Martin J. O'Malley,1,0,1
Travis,240,President,,DEM,Martin J. O'Malley,2,0,2
Travis,241,President,,DEM,Martin J. O'Malley,0,0,0
Travis,242,President,,DEM,Martin J. O'Malley,9,5,4
Travis,243,President,,DEM,Martin J. O'Malley,1,0,1
Travis,244,President,,DEM,Martin J. O'Malley,0,0,0
Travis,245,President,,DEM,Martin J. O'Malley,0,0,0
Travis,246,President,,DEM,Martin J. O'Malley,4,2,2
Travis,247,President,,DEM,Martin J. O'Malley,1,0,1
Travis,248,President,,DEM,Martin J. O'Malley,1,0,1
Travis,249,President,,DEM,Martin J. O'Malley,1,0,1
Travis,250,President,,DEM,Martin J. O'Malley,3,1,2
Travis,251,President,,DEM,Martin J. O'Malley,1,0,1
Travis,252,President,,DEM,Martin J. O'Malley,3,2,1
Travis,253,President,,DEM,Martin J. O'Malley,0,0,0
Travis,254,President,,DEM,Martin J. O'Malley,1,1,0
Travis,256,President,,DEM,Martin J. O'Malley,1,1,0
Travis,258,President,,DEM,Martin J. O'Malley,0,0,0
Travis,259,President,,DEM,Martin J. O'Malley,3,1,2
Travis,260,President,,DEM,Martin J. O'Malley,0,0,0
Travis,262,President,,DEM,Martin J. O'Malley,3,1,2
Travis,263,President,,DEM,Martin J. O'Malley,1,1,0
Travis,266,President,,DEM,Martin J. O'Malley,2,1,1
Travis,267,President,,DEM,Martin J. O'Malley,0,0,0
Travis,268,President,,DEM,Martin J. O'Malley,1,0,1
Travis,273,President,,DEM,Martin J. O'Malley,2,2,0
Travis,274,President,,DEM,Martin J. O'Malley,1,1,0
Travis,275,President,,DEM,Martin J. O'Malley,1,0,1
Travis,277,President,,DEM,Martin J. O'Malley,2,1,1
Travis,301,President,,DEM,Martin J. O'Malley,0,0,0
Travis,302,President,,DEM,Martin J. O'Malley,1,1,0
Travis,303,President,,DEM,Martin J. O'Malley,1,1,0
Travis,304,President,,DEM,Martin J. O'Malley,0,0,0
Travis,305,President,,DEM,Martin J. O'Malley,0,0,0
Travis,306,President,,DEM,Martin J. O'Malley,2,2,0
Travis,307,President,,DEM,Martin J. O'Malley,0,0,0
Travis,308,President,,DEM,Martin J. O'Malley,0,0,0
Travis,309,President,,DEM,Martin J. O'Malley,1,1,0
Travis,310,President,,DEM,Martin J. O'Malley,2,0,2
Travis,311,President,,DEM,Martin J. O'Malley,2,1,1
Travis,312,President,,DEM,Martin J. O'Malley,0,0,0
Travis,313,President,,DEM,Martin J. O'Malley,0,0,0
Travis,314,President,,DEM,Martin J. O'Malley,2,1,1
Travis,315,President,,DEM,Martin J. O'Malley,3,0,3
Travis,316,President,,DEM,Martin J. O'Malley,2,1,1
Travis,317,President,,DEM,Martin J. O'Malley,2,1,1
Travis,318,President,,DEM,Martin J. O'Malley,0,0,0
Travis,319,President,,DEM,Martin J. O'Malley,1,0,1
Travis,320,President,,DEM,Martin J. O'Malley,1,1,0
Travis,321,President,,DEM,Martin J. O'Malley,1,0,1
Travis,323,President,,DEM,Martin J. O'Malley,3,2,1
Travis,324,President,,DEM,Martin J. O'Malley,0,0,0
Travis,325,President,,DEM,Martin J. O'Malley,0,0,0
Travis,326,President,,DEM,Martin J. O'Malley,0,0,0
Travis,327,President,,DEM,Martin J. O'Malley,1,0,1
Travis,328,President,,DEM,Martin J. O'Malley,1,0,1
Travis,329,President,,DEM,Martin J. O'Malley,0,0,0
Travis,330,President,,DEM,Martin J. O'Malley,2,0,2
Travis,331,President,,DEM,Martin J. O'Malley,1,0,1
Travis,332,President,,DEM,Martin J. O'Malley,1,1,0
Travis,333,President,,DEM,Martin J. O'Malley,2,0,2
Travis,334,President,,DEM,Martin J. O'Malley,0,0,0
Travis,335,President,,DEM,Martin J. O'Malley,0,0,0
Travis,336,President,,DEM,Martin J. O'Malley,1,0,1
Travis,337,President,,DEM,Martin J. O'Malley,2,1,1
Travis,338,President,,DEM,Martin J. O'Malley,3,1,2
Travis,339,President,,DEM,Martin J. O'Malley,0,0,0
Travis,340,President,,DEM,Martin J. O'Malley,0,0,0
Travis,341,President,,DEM,Martin J. O'Malley,0,0,0
Travis,342,President,,DEM,Martin J. O'Malley,3,0,3
Travis,343,President,,DEM,Martin J. O'Malley,1,0,1
Travis,344,President,,DEM,Martin J. O'Malley,0,0,0
Travis,345,President,,DEM,Martin J. O'Malley,0,0,0
Travis,346,President,,DEM,Martin J. O'Malley,2,2,0
Travis,347,President,,DEM,Martin J. O'Malley,0,0,0
Travis,349,President,,DEM,Martin J. O'Malley,1,0,1
Travis,350,President,,DEM,Martin J. O'Malley,0,0,0
Travis,351,President,,DEM,Martin J. O'Malley,0,0,0
Travis,352,President,,DEM,Martin J. O'Malley,3,2,1
Travis,354,President,,DEM,Martin J. O'Malley,1,0,1
Travis,356,President,,DEM,Martin J. O'Malley,0,0,0
Travis,357,President,,DEM,Martin J. O'Malley,0,0,0
Travis,358,President,,DEM,Martin J. O'Malley,4,4,0
Travis,359,President,,DEM,Martin J. O'Malley,1,0,1
Travis,360,President,,DEM,Martin J. O'Malley,1,1,0
Travis,361,President,,DEM,Martin J. O'Malley,0,0,0
Travis,362,President,,DEM,Martin J. O'Malley,0,0,0
Travis,363,President,,DEM,Martin J. O'Malley,1,0,1
Travis,364,President,,DEM,Martin J. O'Malley,2,2,0
Travis,365,President,,DEM,Martin J. O'Malley,1,1,0
Travis,366,President,,DEM,Martin J. O'Malley,3,1,2
Travis,367,President,,DEM,Martin J. O'Malley,3,2,1
Travis,368,President,,DEM,Martin J. O'Malley,0,0,0
Travis,369,President,,DEM,Martin J. O'Malley,0,0,0
Travis,370,President,,DEM,Martin J. O'Malley,0,0,0
Travis,371,President,,DEM,Martin J. O'Malley,1,0,1
Travis,372,President,,DEM,Martin J. O'Malley,0,0,0
Travis,373,President,,DEM,Martin J. O'Malley,0,0,0
Travis,374,President,,DEM,Martin J. O'Malley,0,0,0
Travis,375,President,,DEM,Martin J. O'Malley,0,0,0
Travis,401,President,,DEM,Martin J. O'Malley,2,1,1
Travis,402,President,,DEM,Martin J. O'Malley,1,1,0
Travis,403,President,,DEM,Martin J. O'Malley,0,0,0
Travis,404,President,,DEM,Martin J. O'Malley,1,1,0
Travis,405,President,,DEM,Martin J. O'Malley,0,0,0
Travis,406,President,,DEM,Martin J. O'Malley,0,0,0
Travis,407,President,,DEM,Martin J. O'Malley,4,2,2
Travis,408,President,,DEM,Martin J. O'Malley,0,0,0
Travis,409,President,,DEM,Martin J. O'Malley,0,0,0
Travis,410,President,,DEM,Martin J. O'Malley,2,1,1
Travis,411,President,,DEM,Martin J. O'Malley,0,0,0
Travis,412,President,,DEM,Martin J. O'Malley,0,0,0
Travis,413,President,,DEM,Martin J. O'Malley,1,0,1
Travis,414,President,,DEM,Martin J. O'Malley,2,0,2
Travis,415,President,,DEM,Martin J. O'Malley,0,0,0
Travis,416,President,,DEM,Martin J. O'Malley,0,0,0
Travis,417,President,,DEM,Martin J. O'Malley,0,0,0
Travis,418,President,,DEM,Martin J. O'Malley,0,0,0
Travis,419,President,,DEM,Martin J. O'Malley,0,0,0
Travis,420,President,,DEM,Martin J. O'Malley,0,0,0
Travis,421,President,,DEM,Martin J. O'Malley,1,1,0
Travis,422,President,,DEM,Martin J. O'Malley,1,1,0
Travis,423,President,,DEM,Martin J. O'Malley,5,3,2
Travis,424,President,,DEM,Martin J. O'Malley,1,1,0
Travis,425,President,,DEM,Martin J. O'Malley,0,0,0
Travis,426,President,,DEM,Martin J. O'Malley,1,1,0
Travis,427,President,,DEM,Martin J. O'Malley,0,0,0
Travis,428,President,,DEM,Martin J. O'Malley,2,1,1
Travis,429,President,,DEM,Martin J. O'Malley,3,2,1
Travis,430,President,,DEM,Martin J. O'Malley,0,0,0
Travis,431,President,,DEM,Martin J. O'Malley,0,0,0
Travis,432,President,,DEM,Martin J. O'Malley,0,0,0
Travis,433,President,,DEM,Martin J. O'Malley,5,4,1
Travis,434,President,,DEM,Martin J. O'Malley,0,0,0
Travis,435,President,,DEM,Martin J. O'Malley,0,0,0
Travis,436,President,,DEM,Martin J. O'Malley,0,0,0
Travis,437,President,,DEM,Martin J. O'Malley,0,0,0
Travis,438,President,,DEM,Martin J. O'Malley,1,0,1
Travis,439,President,,DEM,Martin J. O'Malley,0,0,0
Travis,440,President,,DEM,Martin J. O'Malley,1,0,1
Travis,441,President,,DEM,Martin J. O'Malley,2,1,1
Travis,442,President,,DEM,Martin J. O'Malley,1,1,0
Travis,443,President,,DEM,Martin J. O'Malley,3,3,0
Travis,444,President,,DEM,Martin J. O'Malley,0,0,0
Travis,446,President,,DEM,Martin J. O'Malley,0,0,0
Travis,447,President,,DEM,Martin J. O'Malley,0,0,0
Travis,448,President,,DEM,Martin J. O'Malley,2,0,2
Travis,450,President,,DEM,Martin J. O'Malley,2,1,1
Travis,451,President,,DEM,Martin J. O'Malley,1,0,1
Travis,452,President,,DEM,Martin J. O'Malley,0,0,0
Travis,454,President,,DEM,Martin J. O'Malley,1,0,1
Travis,458,President,,DEM,Martin J. O'Malley,2,1,1
Travis,460,President,,DEM,Martin J. O'Malley,1,1,0
Travis,461,President,,DEM,Martin J. O'Malley,1,1,0
Travis,463,President,,DEM,Martin J. O'Malley,3,2,1
Travis,149,State Representative,49,DEM,Matthew Shrum,9,5,4
Travis,200,State Representative,49,DEM,Matthew Shrum,25,14,11
Travis,202,State Representative,49,DEM,Matthew Shrum,23,11,12
Travis,206,State Representative,49,DEM,Matthew Shrum,9,5,4
Travis,208,State Representative,49,DEM,Matthew Shrum,21,15,6
Travis,209,State Representative,49,DEM,Matthew Shrum,4,1,3
Travis,214,State Representative,49,DEM,Matthew Shrum,49,16,33
Travis,218,State Representative,49,DEM,Matthew Shrum,29,10,19
Travis,222,State Representative,49,DEM,Matthew Shrum,17,8,9
Travis,228,State Representative,49,DEM,Matthew Shrum,11,4,7
Travis,235,State Representative,49,DEM,Matthew Shrum,18,9,9
Travis,236,State Representative,49,DEM,Matthew Shrum,24,8,16
Travis,239,State Representative,49,DEM,Matthew Shrum,8,5,3
Travis,240,State Representative,49,DEM,Matthew Shrum,13,4,9
Travis,241,State Representative,49,DEM,Matthew Shrum,4,1,3
Travis,242,State Representative,49,DEM,Matthew Shrum,29,9,20
Travis,243,State Representative,49,DEM,Matthew Shrum,6,3,3
Travis,248,State Representative,49,DEM,Matthew Shrum,20,11,9
Travis,250,State Representative,49,DEM,Matthew Shrum,37,16,21
Travis,252,State Representative,49,DEM,Matthew Shrum,26,14,12
Travis,258,State Representative,49,DEM,Matthew Shrum,27,13,14
Travis,260,State Representative,49,DEM,Matthew Shrum,7,3,4
Travis,267,State Representative,49,DEM,Matthew Shrum,10,5,5
Travis,268,State Representative,49,DEM,Matthew Shrum,9,3,6
Travis,273,State Representative,49,DEM,Matthew Shrum,31,11,20
Travis,274,State Representative,49,DEM,Matthew Shrum,13,8,5
Travis,275,State Representative,49,DEM,Matthew Shrum,15,7,8
Travis,277,State Representative,49,DEM,Matthew Shrum,19,10,9
Travis,305,State Representative,49,DEM,Matthew Shrum,1,1,0
Travis,311,State Representative,49,DEM,Matthew Shrum,22,9,13
Travis,313,State Representative,49,DEM,Matthew Shrum,4,2,2
Travis,323,State Representative,49,DEM,Matthew Shrum,9,5,4
Travis,325,State Representative,49,DEM,Matthew Shrum,2,1,1
Travis,329,State Representative,49,DEM,Matthew Shrum,25,15,10
Travis,332,State Representative,49,DEM,Matthew Shrum,9,4,5
Travis,340,State Representative,49,DEM,Matthew Shrum,11,4,7
Travis,342,State Representative,49,DEM,Matthew Shrum,27,8,19
Travis,345,State Representative,49,DEM,Matthew Shrum,0,0,0
Travis,409,State Representative,49,DEM,Matthew Shrum,12,4,8
Travis,425,State Representative,49,DEM,Matthew Shrum,7,4,3
Travis,430,State Representative,49,DEM,Matthew Shrum,10,4,6
Travis,446,State Representative,49,DEM,Matthew Shrum,5,0,5
Travis,454,State Representative,49,DEM,Matthew Shrum,11,5,6
Travis,460,State Representative,49,DEM,Matthew Shrum,25,9,16
Travis,461,State Representative,49,DEM,Matthew Shrum,25,9,16
Travis,101,"District Judge, 345th Judicial District",,DEM,Melissa Mather,422,146,276
Travis,102,"District Judge, 345th Judicial District",,DEM,Melissa Mather,95,32,63
Travis,103,"District Judge, 345th Judicial District",,DEM,Melissa Mather,132,49,83
Travis,104,"District Judge, 345th Judicial District",,DEM,Melissa Mather,98,48,50
Travis,105,"District Judge, 345th Judicial District",,DEM,Melissa Mather,518,218,300
Travis,106,"District Judge, 345th Judicial District",,DEM,Melissa Mather,170,70,100
Travis,107,"District Judge, 345th Judicial District",,DEM,Melissa Mather,15,4,11
Travis,108,"District Judge, 345th Judicial District",,DEM,Melissa Mather,146,46,100
Travis,109,"District Judge, 345th Judicial District",,DEM,Melissa Mather,172,56,116
Travis,110,"District Judge, 345th Judicial District",,DEM,Melissa Mather,390,141,249
Travis,111,"District Judge, 345th Judicial District",,DEM,Melissa Mather,313,97,216
Travis,112,"District Judge, 345th Judicial District",,DEM,Melissa Mather,112,34,78
Travis,113,"District Judge, 345th Judicial District",,DEM,Melissa Mather,477,145,332
Travis,114,"District Judge, 345th Judicial District",,DEM,Melissa Mather,18,6,12
Travis,115,"District Judge, 345th Judicial District",,DEM,Melissa Mather,0,0,0
Travis,116,"District Judge, 345th Judicial District",,DEM,Melissa Mather,0,0,0
Travis,117,"District Judge, 345th Judicial District",,DEM,Melissa Mather,257,104,153
Travis,118,"District Judge, 345th Judicial District",,DEM,Melissa Mather,49,24,25
Travis,119,"District Judge, 345th Judicial District",,DEM,Melissa Mather,0,0,0
Travis,120,"District Judge, 345th Judicial District",,DEM,Melissa Mather,8,4,4
Travis,121,"District Judge, 345th Judicial District",,DEM,Melissa Mather,80,35,45
Travis,122,"District Judge, 345th Judicial District",,DEM,Melissa Mather,327,172,155
Travis,123,"District Judge, 345th Judicial District",,DEM,Melissa Mather,279,98,181
Travis,124,"District Judge, 345th Judicial District",,DEM,Melissa Mather,425,192,233
Travis,125,"District Judge, 345th Judicial District",,DEM,Melissa Mather,0,0,0
Travis,126,"District Judge, 345th Judicial District",,DEM,Melissa Mather,459,206,253
Travis,127,"District Judge, 345th Judicial District",,DEM,Melissa Mather,0,0,0
Travis,128,"District Judge, 345th Judicial District",,DEM,Melissa Mather,0,0,0
Travis,129,"District Judge, 345th Judicial District",,DEM,Melissa Mather,259,130,129
Travis,130,"District Judge, 345th Judicial District",,DEM,Melissa Mather,200,68,132
Travis,131,"District Judge, 345th Judicial District",,DEM,Melissa Mather,0,0,0
Travis,132,"District Judge, 345th Judicial District",,DEM,Melissa Mather,288,136,152
Travis,133,"District Judge, 345th Judicial District",,DEM,Melissa Mather,233,77,156
Travis,134,"District Judge, 345th Judicial District",,DEM,Melissa Mather,0,0,0
Travis,135,"District Judge, 345th Judicial District",,DEM,Melissa Mather,624,251,373
Travis,136,"District Judge, 345th Judicial District",,DEM,Melissa Mather,202,78,124
Travis,137,"District Judge, 345th Judicial District",,DEM,Melissa Mather,467,143,324
Travis,138,"District Judge, 345th Judicial District",,DEM,Melissa Mather,0,0,0
Travis,139,"District Judge, 345th Judicial District",,DEM,Melissa Mather,276,117,159
Travis,140,"District Judge, 345th Judicial District",,DEM,Melissa Mather,180,67,113
Travis,141,"District Judge, 345th Judicial District",,DEM,Melissa Mather,39,7,32
Travis,142,"District Judge, 345th Judicial District",,DEM,Melissa Mather,90,40,50
Travis,145,"District Judge, 345th Judicial District",,DEM,Melissa Mather,215,75,140
Travis,146,"District Judge, 345th Judicial District",,DEM,Melissa Mather,187,84,103
Travis,148,"District Judge, 345th Judicial District",,DEM,Melissa Mather,292,110,182
Travis,149,"District Judge, 345th Judicial District",,DEM,Melissa Mather,135,36,99
Travis,150,"District Judge, 345th Judicial District",,DEM,Melissa Mather,126,52,74
Travis,151,"District Judge, 345th Judicial District",,DEM,Melissa Mather,241,85,156
Travis,152,"District Judge, 345th Judicial District",,DEM,Melissa Mather,304,142,162
Travis,153,"District Judge, 345th Judicial District",,DEM,Melissa Mather,407,132,275
Travis,154,"District Judge, 345th Judicial District",,DEM,Melissa Mather,269,82,187
Travis,156,"District Judge, 345th Judicial District",,DEM,Melissa Mather,503,201,302
Travis,160,"District Judge, 345th Judicial District",,DEM,Melissa Mather,150,49,101
Travis,161,"District Judge, 345th Judicial District",,DEM,Melissa Mather,119,45,74
Travis,163,"District Judge, 345th Judicial District",,DEM,Melissa Mather,13,6,7
Travis,164,"District Judge, 345th Judicial District",,DEM,Melissa Mather,158,56,102
Travis,200,"District Judge, 345th Judicial District",,DEM,Melissa Mather,448,187,261
Travis,202,"District Judge, 345th Judicial District",,DEM,Melissa Mather,320,133,187
Travis,203,"District Judge, 345th Judicial District",,DEM,Melissa Mather,58,16,42
Travis,205,"District Judge, 345th Judicial District",,DEM,Melissa Mather,196,65,131
Travis,206,"District Judge, 345th Judicial District",,DEM,Melissa Mather,113,55,58
Travis,207,"District Judge, 345th Judicial District",,DEM,Melissa Mather,303,92,211
Travis,208,"District Judge, 345th Judicial District",,DEM,Melissa Mather,675,416,259
Travis,209,"District Judge, 345th Judicial District",,DEM,Melissa Mather,95,40,55
Travis,210,"District Judge, 345th Judicial District",,DEM,Melissa Mather,73,30,43
Travis,211,"District Judge, 345th Judicial District",,DEM,Melissa Mather,168,54,114
Travis,212,"District Judge, 345th Judicial District",,DEM,Melissa Mather,135,65,70
Travis,213,"District Judge, 345th Judicial District",,DEM,Melissa Mather,0,0,0
Travis,214,"District Judge, 345th Judicial District",,DEM,Melissa Mather,120,38,82
Travis,215,"District Judge, 345th Judicial District",,DEM,Melissa Mather,178,67,111
Travis,216,"District Judge, 345th Judicial District",,DEM,Melissa Mather,127,37,90
Travis,217,"District Judge, 345th Judicial District",,DEM,Melissa Mather,166,60,106
Travis,218,"District Judge, 345th Judicial District",,DEM,Melissa Mather,385,138,247
Travis,219,"District Judge, 345th Judicial District",,DEM,Melissa Mather,220,68,152
Travis,220,"District Judge, 345th Judicial District",,DEM,Melissa Mather,80,36,44
Travis,221,"District Judge, 345th Judicial District",,DEM,Melissa Mather,34,16,18
Travis,222,"District Judge, 345th Judicial District",,DEM,Melissa Mather,230,80,150
Travis,223,"District Judge, 345th Judicial District",,DEM,Melissa Mather,51,16,35
Travis,224,"District Judge, 345th Judicial District",,DEM,Melissa Mather,12,6,6
Travis,225,"District Judge, 345th Judicial District",,DEM,Melissa Mather,252,78,174
Travis,226,"District Judge, 345th Judicial District",,DEM,Melissa Mather,140,48,92
Travis,227,"District Judge, 345th Judicial District",,DEM,Melissa Mather,43,15,28
Travis,228,"District Judge, 345th Judicial District",,DEM,Melissa Mather,130,66,64
Travis,229,"District Judge, 345th Judicial District",,DEM,Melissa Mather,179,66,113
Travis,231,"District Judge, 345th Judicial District",,DEM,Melissa Mather,140,54,86
Travis,232,"District Judge, 345th Judicial District",,DEM,Melissa Mather,237,102,135
Travis,233,"District Judge, 345th Judicial District",,DEM,Melissa Mather,162,55,107
Travis,234,"District Judge, 345th Judicial District",,DEM,Melissa Mather,95,42,53
Travis,235,"District Judge, 345th Judicial District",,DEM,Melissa Mather,288,120,168
Travis,236,"District Judge, 345th Judicial District",,DEM,Melissa Mather,253,83,170
Travis,237,"District Judge, 345th Judicial District",,DEM,Melissa Mather,87,37,50
Travis,238,"District Judge, 345th Judicial District",,DEM,Melissa Mather,182,71,111
Travis,239,"District Judge, 345th Judicial District",,DEM,Melissa Mather,170,66,104
Travis,240,"District Judge, 345th Judicial District",,DEM,Melissa Mather,82,24,58
Travis,241,"District Judge, 345th Judicial District",,DEM,Melissa Mather,140,53,87
Travis,242,"District Judge, 345th Judicial District",,DEM,Melissa Mather,480,203,277
Travis,243,"District Judge, 345th Judicial District",,DEM,Melissa Mather,151,65,86
Travis,244,"District Judge, 345th Judicial District",,DEM,Melissa Mather,186,94,92
Travis,245,"District Judge, 345th Judicial District",,DEM,Melissa Mather,79,26,53
Travis,246,"District Judge, 345th Judicial District",,DEM,Melissa Mather,125,37,88
Travis,247,"District Judge, 345th Judicial District",,DEM,Melissa Mather,47,22,25
Travis,248,"District Judge, 345th Judicial District",,DEM,Melissa Mather,249,97,152
Travis,249,"District Judge, 345th Judicial District",,DEM,Melissa Mather,204,78,126
Travis,250,"District Judge, 345th Judicial District",,DEM,Melissa Mather,324,116,208
Travis,251,"District Judge, 345th Judicial District",,DEM,Melissa Mather,165,66,99
Travis,252,"District Judge, 345th Judicial District",,DEM,Melissa Mather,224,106,118
Travis,253,"District Judge, 345th Judicial District",,DEM,Melissa Mather,151,61,90
Travis,254,"District Judge, 345th Judicial District",,DEM,Melissa Mather,214,89,125
Travis,256,"District Judge, 345th Judicial District",,DEM,Melissa Mather,60,25,35
Travis,258,"District Judge, 345th Judicial District",,DEM,Melissa Mather,183,65,118
Travis,259,"District Judge, 345th Judicial District",,DEM,Melissa Mather,208,87,121
Travis,260,"District Judge, 345th Judicial District",,DEM,Melissa Mather,74,27,47
Travis,262,"District Judge, 345th Judicial District",,DEM,Melissa Mather,300,135,165
Travis,263,"District Judge, 345th Judicial District",,DEM,Melissa Mather,228,75,153
Travis,266,"District Judge, 345th Judicial District",,DEM,Melissa Mather,26,12,14
Travis,267,"District Judge, 345th Judicial District",,DEM,Melissa Mather,111,55,56
Travis,268,"District Judge, 345th Judicial District",,DEM,Melissa Mather,91,30,61
Travis,273,"District Judge, 345th Judicial District",,DEM,Melissa Mather,204,68,136
Travis,274,"District Judge, 345th Judicial District",,DEM,Melissa Mather,244,119,125
Travis,275,"District Judge, 345th Judicial District",,DEM,Melissa Mather,327,118,209
Travis,277,"District Judge, 345th Judicial District",,DEM,Melissa Mather,385,210,175
Travis,301,"District Judge, 345th Judicial District",,DEM,Melissa Mather,93,40,53
Travis,302,"District Judge, 345th Judicial District",,DEM,Melissa Mather,207,96,111
Travis,303,"District Judge, 345th Judicial District",,DEM,Melissa Mather,174,77,97
Travis,304,"District Judge, 345th Judicial District",,DEM,Melissa Mather,279,109,170
Travis,305,"District Judge, 345th Judicial District",,DEM,Melissa Mather,0,0,0
Travis,306,"District Judge, 345th Judicial District",,DEM,Melissa Mather,118,61,57
Travis,307,"District Judge, 345th Judicial District",,DEM,Melissa Mather,70,24,46
Travis,308,"District Judge, 345th Judicial District",,DEM,Melissa Mather,227,91,136
Travis,309,"District Judge, 345th Judicial District",,DEM,Melissa Mather,219,112,107
Travis,310,"District Judge, 345th Judicial District",,DEM,Melissa Mather,369,143,226
Travis,311,"District Judge, 345th Judicial District",,DEM,Melissa Mather,356,215,141
Travis,312,"District Judge, 345th Judicial District",,DEM,Melissa Mather,93,38,55
Travis,313,"District Judge, 345th Judicial District",,DEM,Melissa Mather,28,11,17
Travis,314,"District Judge, 345th Judicial District",,DEM,Melissa Mather,187,77,110
Travis,315,"District Judge, 345th Judicial District",,DEM,Melissa Mather,352,146,206
Travis,316,"District Judge, 345th Judicial District",,DEM,Melissa Mather,124,47,77
Travis,317,"District Judge, 345th Judicial District",,DEM,Melissa Mather,124,60,64
Travis,318,"District Judge, 345th Judicial District",,DEM,Melissa Mather,52,15,37
Travis,319,"District Judge, 345th Judicial District",,DEM,Melissa Mather,96,50,46
Travis,320,"District Judge, 345th Judicial District",,DEM,Melissa Mather,63,39,24
Travis,321,"District Judge, 345th Judicial District",,DEM,Melissa Mather,51,23,28
Travis,323,"District Judge, 345th Judicial District",,DEM,Melissa Mather,160,62,98
Travis,324,"District Judge, 345th Judicial District",,DEM,Melissa Mather,214,100,114
Travis,325,"District Judge, 345th Judicial District",,DEM,Melissa Mather,2,1,1
Travis,326,"District Judge, 345th Judicial District",,DEM,Melissa Mather,138,49,89
Travis,327,"District Judge, 345th Judicial District",,DEM,Melissa Mather,159,68,91
Travis,328,"District Judge, 345th Judicial District",,DEM,Melissa Mather,310,141,169
Travis,329,"District Judge, 345th Judicial District",,DEM,Melissa Mather,166,76,90
Travis,330,"District Judge, 345th Judicial District",,DEM,Melissa Mather,147,63,84
Travis,331,"District Judge, 345th Judicial District",,DEM,Melissa Mather,174,45,129
Travis,332,"District Judge, 345th Judicial District",,DEM,Melissa Mather,211,70,141
Travis,333,"District Judge, 345th Judicial District",,DEM,Melissa Mather,199,40,159
Travis,334,"District Judge, 345th Judicial District",,DEM,Melissa Mather,121,44,77
Travis,335,"District Judge, 345th Judicial District",,DEM,Melissa Mather,176,71,105
Travis,336,"District Judge, 345th Judicial District",,DEM,Melissa Mather,138,45,93
Travis,337,"District Judge, 345th Judicial District",,DEM,Melissa Mather,237,80,157
Travis,338,"District Judge, 345th Judicial District",,DEM,Melissa Mather,301,108,193
Travis,339,"District Judge, 345th Judicial District",,DEM,Melissa Mather,140,62,78
Travis,340,"District Judge, 345th Judicial District",,DEM,Melissa Mather,210,66,144
Travis,341,"District Judge, 345th Judicial District",,DEM,Melissa Mather,2,0,2
Travis,342,"District Judge, 345th Judicial District",,DEM,Melissa Mather,428,170,258
Travis,343,"District Judge, 345th Judicial District",,DEM,Melissa Mather,136,39,97
Travis,344,"District Judge, 345th Judicial District",,DEM,Melissa Mather,162,71,91
Travis,345,"District Judge, 345th Judicial District",,DEM,Melissa Mather,1,1,0
Travis,346,"District Judge, 345th Judicial District",,DEM,Melissa Mather,121,82,39
Travis,347,"District Judge, 345th Judicial District",,DEM,Melissa Mather,120,52,68
Travis,349,"District Judge, 345th Judicial District",,DEM,Melissa Mather,333,121,212
Travis,350,"District Judge, 345th Judicial District",,DEM,Melissa Mather,384,166,218
Travis,351,"District Judge, 345th Judicial District",,DEM,Melissa Mather,142,62,80
Travis,352,"District Judge, 345th Judicial District",,DEM,Melissa Mather,311,141,170
Travis,354,"District Judge, 345th Judicial District",,DEM,Melissa Mather,279,146,133
Travis,356,"District Judge, 345th Judicial District",,DEM,Melissa Mather,118,45,73
Travis,357,"District Judge, 345th Judicial District",,DEM,Melissa Mather,26,7,19
Travis,358,"District Judge, 345th Judicial District",,DEM,Melissa Mather,469,194,275
Travis,359,"District Judge, 345th Judicial District",,DEM,Melissa Mather,259,117,142
Travis,360,"District Judge, 345th Judicial District",,DEM,Melissa Mather,342,134,208
Travis,361,"District Judge, 345th Judicial District",,DEM,Melissa Mather,89,37,52
Travis,362,"District Judge, 345th Judicial District",,DEM,Melissa Mather,247,118,129
Travis,363,"District Judge, 345th Judicial District",,DEM,Melissa Mather,134,59,75
Travis,364,"District Judge, 345th Judicial District",,DEM,Melissa Mather,142,76,66
Travis,365,"District Judge, 345th Judicial District",,DEM,Melissa Mather,147,55,92
Travis,366,"District Judge, 345th Judicial District",,DEM,Melissa Mather,354,149,205
Travis,367,"District Judge, 345th Judicial District",,DEM,Melissa Mather,367,141,226
Travis,368,"District Judge, 345th Judicial District",,DEM,Melissa Mather,15,9,6
Travis,369,"District Judge, 345th Judicial District",,DEM,Melissa Mather,95,29,66
Travis,370,"District Judge, 345th Judicial District",,DEM,Melissa Mather,64,8,56
Travis,371,"District Judge, 345th Judicial District",,DEM,Melissa Mather,102,43,59
Travis,372,"District Judge, 345th Judicial District",,DEM,Melissa Mather,78,22,56
Travis,373,"District Judge, 345th Judicial District",,DEM,Melissa Mather,172,65,107
Travis,374,"District Judge, 345th Judicial District",,DEM,Melissa Mather,235,66,169
Travis,375,"District Judge, 345th Judicial District",,DEM,Melissa Mather,40,14,26
Travis,401,"District Judge, 345th Judicial District",,DEM,Melissa Mather,199,85,114
Travis,402,"District Judge, 345th Judicial District",,DEM,Melissa Mather,277,121,156
Travis,403,"District Judge, 345th Judicial District",,DEM,Melissa Mather,92,21,71
Travis,404,"District Judge, 345th Judicial District",,DEM,Melissa Mather,238,87,151
Travis,405,"District Judge, 345th Judicial District",,DEM,Melissa Mather,38,8,30
Travis,406,"District Judge, 345th Judicial District",,DEM,Melissa Mather,198,110,88
Travis,407,"District Judge, 345th Judicial District",,DEM,Melissa Mather,147,58,89
Travis,408,"District Judge, 345th Judicial District",,DEM,Melissa Mather,287,102,185
Travis,409,"District Judge, 345th Judicial District",,DEM,Melissa Mather,232,95,137
Travis,410,"District Judge, 345th Judicial District",,DEM,Melissa Mather,282,117,165
Travis,411,"District Judge, 345th Judicial District",,DEM,Melissa Mather,190,81,109
Travis,412,"District Judge, 345th Judicial District",,DEM,Melissa Mather,13,8,5
Travis,413,"District Judge, 345th Judicial District",,DEM,Melissa Mather,102,44,58
Travis,414,"District Judge, 345th Judicial District",,DEM,Melissa Mather,341,135,206
Travis,415,"District Judge, 345th Judicial District",,DEM,Melissa Mather,107,34,73
Travis,416,"District Judge, 345th Judicial District",,DEM,Melissa Mather,14,6,8
Travis,417,"District Judge, 345th Judicial District",,DEM,Melissa Mather,135,62,73
Travis,418,"District Judge, 345th Judicial District",,DEM,Melissa Mather,0,0,0
Travis,419,"District Judge, 345th Judicial District",,DEM,Melissa Mather,40,23,17
Travis,420,"District Judge, 345th Judicial District",,DEM,Melissa Mather,258,107,151
Travis,421,"District Judge, 345th Judicial District",,DEM,Melissa Mather,211,80,131
Travis,422,"District Judge, 345th Judicial District",,DEM,Melissa Mather,225,99,126
Travis,423,"District Judge, 345th Judicial District",,DEM,Melissa Mather,295,105,190
Travis,424,"District Judge, 345th Judicial District",,DEM,Melissa Mather,233,87,146
Travis,425,"District Judge, 345th Judicial District",,DEM,Melissa Mather,80,36,44
Travis,426,"District Judge, 345th Judicial District",,DEM,Melissa Mather,246,101,145
Travis,427,"District Judge, 345th Judicial District",,DEM,Melissa Mather,198,90,108
Travis,428,"District Judge, 345th Judicial District",,DEM,Melissa Mather,90,31,59
Travis,429,"District Judge, 345th Judicial District",,DEM,Melissa Mather,623,263,360
Travis,430,"District Judge, 345th Judicial District",,DEM,Melissa Mather,144,49,95
Travis,431,"District Judge, 345th Judicial District",,DEM,Melissa Mather,563,219,344
Travis,432,"District Judge, 345th Judicial District",,DEM,Melissa Mather,0,0,0
Travis,433,"District Judge, 345th Judicial District",,DEM,Melissa Mather,276,122,154
Travis,434,"District Judge, 345th Judicial District",,DEM,Melissa Mather,0,0,0
Travis,435,"District Judge, 345th Judicial District",,DEM,Melissa Mather,478,182,296
Travis,436,"District Judge, 345th Judicial District",,DEM,Melissa Mather,32,15,17
Travis,437,"District Judge, 345th Judicial District",,DEM,Melissa Mather,202,65,137
Travis,438,"District Judge, 345th Judicial District",,DEM,Melissa Mather,132,52,80
Travis,439,"District Judge, 345th Judicial District",,DEM,Melissa Mather,235,90,145
Travis,440,"District Judge, 345th Judicial District",,DEM,Melissa Mather,99,46,53
Travis,441,"District Judge, 345th Judicial District",,DEM,Melissa Mather,381,183,198
Travis,442,"District Judge, 345th Judicial District",,DEM,Melissa Mather,133,53,80
Travis,443,"District Judge, 345th Judicial District",,DEM,Melissa Mather,267,112,155
Travis,444,"District Judge, 345th Judicial District",,DEM,Melissa Mather,16,9,7
Travis,446,"District Judge, 345th Judicial District",,DEM,Melissa Mather,126,49,77
Travis,447,"District Judge, 345th Judicial District",,DEM,Melissa Mather,367,141,226
Travis,448,"District Judge, 345th Judicial District",,DEM,Melissa Mather,218,83,135
Travis,450,"District Judge, 345th Judicial District",,DEM,Melissa Mather,355,139,216
Travis,451,"District Judge, 345th Judicial District",,DEM,Melissa Mather,310,126,184
Travis,452,"District Judge, 345th Judicial District",,DEM,Melissa Mather,159,54,105
Travis,454,"District Judge, 345th Judicial District",,DEM,Melissa Mather,167,82,85
Travis,458,"District Judge, 345th Judicial District",,DEM,Melissa Mather,304,146,158
Travis,460,"District Judge, 345th Judicial District",,DEM,Melissa Mather,331,149,182
Travis,461,"District Judge, 345th Judicial District",,DEM,Melissa Mather,365,137,228
Travis,463,"District Judge, 345th Judicial District",,DEM,Melissa Mather,323,114,209
Travis,101,"Place 3, Justice, Supreme Court",,DEM,Mike Westergren,785,268,517
Travis,102,"Place 3, Justice, Supreme Court",,DEM,Mike Westergren,174,55,119
Travis,103,"Place 3, Justice, Supreme Court",,DEM,Mike Westergren,261,106,155
Travis,104,"Place 3, Justice, Supreme Court",,DEM,Mike Westergren,199,89,110
Travis,105,"Place 3, Justice, Supreme Court",,DEM,Mike Westergren,870,387,483
Travis,106,"Place 3, Justice, Supreme Court",,DEM,Mike Westergren,319,136,183
Travis,107,"Place 3, Justice, Supreme Court",,DEM,Mike Westergren,32,12,20
Travis,108,"Place 3, Justice, Supreme Court",,DEM,Mike Westergren,282,84,198
Travis,109,"Place 3, Justice, Supreme Court",,DEM,Mike Westergren,346,118,228
Travis,110,"Place 3, Justice, Supreme Court",,DEM,Mike Westergren,667,250,417
Travis,111,"Place 3, Justice, Supreme Court",,DEM,Mike Westergren,639,245,394
Travis,112,"Place 3, Justice, Supreme Court",,DEM,Mike Westergren,200,72,128
Travis,113,"Place 3, Justice, Supreme Court",,DEM,Mike Westergren,824,290,534
Travis,114,"Place 3, Justice, Supreme Court",,DEM,Mike Westergren,50,20,30
Travis,115,"Place 3, Justice, Supreme Court",,DEM,Mike Westergren,1,0,1
Travis,116,"Place 3, Justice, Supreme Court",,DEM,Mike Westergren,1,0,1
Travis,117,"Place 3, Justice, Supreme Court",,DEM,Mike Westergren,464,209,255
Travis,118,"Place 3, Justice, Supreme Court",,DEM,Mike Westergren,85,40,45
Travis,119,"Place 3, Justice, Supreme Court",,DEM,Mike Westergren,0,0,0
Travis,120,"Place 3, Justice, Supreme Court",,DEM,Mike Westergren,26,16,10
Travis,121,"Place 3, Justice, Supreme Court",,DEM,Mike Westergren,148,70,78
Travis,122,"Place 3, Justice, Supreme Court",,DEM,Mike Westergren,643,333,310
Travis,123,"Place 3, Justice, Supreme Court",,DEM,Mike Westergren,486,172,314
Travis,124,"Place 3, Justice, Supreme Court",,DEM,Mike Westergren,1093,533,560
Travis,125,"Place 3, Justice, Supreme Court",,DEM,Mike Westergren,0,0,0
Travis,126,"Place 3, Justice, Supreme Court",,DEM,Mike Westergren,1223,561,662
Travis,127,"Place 3, Justice, Supreme Court",,DEM,Mike Westergren,0,0,0
Travis,128,"Place 3, Justice, Supreme Court",,DEM,Mike Westergren,0,0,0
Travis,129,"Place 3, Justice, Supreme Court",,DEM,Mike Westergren,558,283,275
Travis,130,"Place 3, Justice, Supreme Court",,DEM,Mike Westergren,516,194,322
Travis,131,"Place 3, Justice, Supreme Court",,DEM,Mike Westergren,0,0,0
Travis,132,"Place 3, Justice, Supreme Court",,DEM,Mike Westergren,622,279,343
Travis,133,"Place 3, Justice, Supreme Court",,DEM,Mike Westergren,622,233,389
Travis,134,"Place 3, Justice, Supreme Court",,DEM,Mike Westergren,0,0,0
Travis,135,"Place 3, Justice, Supreme Court",,DEM,Mike Westergren,1674,724,950
Travis,136,"Place 3, Justice, Supreme Court",,DEM,Mike Westergren,384,165,219
Travis,137,"Place 3, Justice, Supreme Court",,DEM,Mike Westergren,893,322,571
Travis,138,"Place 3, Justice, Supreme Court",,DEM,Mike Westergren,0,0,0
Travis,139,"Place 3, Justice, Supreme Court",,DEM,Mike Westergren,574,253,321
Travis,140,"Place 3, Justice, Supreme Court",,DEM,Mike Westergren,290,122,168
Travis,141,"Place 3, Justice, Supreme Court",,DEM,Mike Westergren,65,21,44
Travis,142,"Place 3, Justice, Supreme Court",,DEM,Mike Westergren,211,93,118
Travis,145,"Place 3, Justice, Supreme Court",,DEM,Mike Westergren,389,136,253
Travis,146,"Place 3, Justice, Supreme Court",,DEM,Mike Westergren,376,187,189
Travis,148,"Place 3, Justice, Supreme Court",,DEM,Mike Westergren,485,197,288
Travis,149,"Place 3, Justice, Supreme Court",,DEM,Mike Westergren,418,160,258
Travis,150,"Place 3, Justice, Supreme Court",,DEM,Mike Westergren,233,97,136
Travis,151,"Place 3, Justice, Supreme Court",,DEM,Mike Westergren,569,241,328
Travis,152,"Place 3, Justice, Supreme Court",,DEM,Mike Westergren,1159,524,635
Travis,153,"Place 3, Justice, Supreme Court",,DEM,Mike Westergren,773,284,489
Travis,154,"Place 3, Justice, Supreme Court",,DEM,Mike Westergren,456,137,319
Travis,156,"Place 3, Justice, Supreme Court",,DEM,Mike Westergren,1041,471,570
Travis,160,"Place 3, Justice, Supreme Court",,DEM,Mike Westergren,273,99,174
Travis,161,"Place 3, Justice, Supreme Court",,DEM,Mike Westergren,192,77,115
Travis,163,"Place 3, Justice, Supreme Court",,DEM,Mike Westergren,24,10,14
Travis,164,"Place 3, Justice, Supreme Court",,DEM,Mike Westergren,265,101,164
Travis,200,"Place 3, Justice, Supreme Court",,DEM,Mike Westergren,1233,556,677
Travis,202,"Place 3, Justice, Supreme Court",,DEM,Mike Westergren,892,404,488
Travis,203,"Place 3, Justice, Supreme Court",,DEM,Mike Westergren,95,30,65
Travis,205,"Place 3, Justice, Supreme Court",,DEM,Mike Westergren,399,149,250
Travis,206,"Place 3, Justice, Supreme Court",,DEM,Mike Westergren,274,133,141
Travis,207,"Place 3, Justice, Supreme Court",,DEM,Mike Westergren,691,280,411
Travis,208,"Place 3, Justice, Supreme Court",,DEM,Mike Westergren,1485,833,652
Travis,209,"Place 3, Justice, Supreme Court",,DEM,Mike Westergren,176,81,95
Travis,210,"Place 3, Justice, Supreme Court",,DEM,Mike Westergren,312,163,149
Travis,211,"Place 3, Justice, Supreme Court",,DEM,Mike Westergren,343,138,205
Travis,212,"Place 3, Justice, Supreme Court",,DEM,Mike Westergren,375,195,180
Travis,213,"Place 3, Justice, Supreme Court",,DEM,Mike Westergren,0,0,0
Travis,214,"Place 3, Justice, Supreme Court",,DEM,Mike Westergren,504,215,289
Travis,215,"Place 3, Justice, Supreme Court",,DEM,Mike Westergren,323,117,206
Travis,216,"Place 3, Justice, Supreme Court",,DEM,Mike Westergren,253,84,169
Travis,217,"Place 3, Justice, Supreme Court",,DEM,Mike Westergren,357,139,218
Travis,218,"Place 3, Justice, Supreme Court",,DEM,Mike Westergren,765,306,459
Travis,219,"Place 3, Justice, Supreme Court",,DEM,Mike Westergren,404,145,259
Travis,220,"Place 3, Justice, Supreme Court",,DEM,Mike Westergren,335,157,178
Travis,221,"Place 3, Justice, Supreme Court",,DEM,Mike Westergren,93,41,52
Travis,222,"Place 3, Justice, Supreme Court",,DEM,Mike Westergren,489,182,307
Travis,223,"Place 3, Justice, Supreme Court",,DEM,Mike Westergren,104,42,62
Travis,224,"Place 3, Justice, Supreme Court",,DEM,Mike Westergren,20,10,10
Travis,225,"Place 3, Justice, Supreme Court",,DEM,Mike Westergren,486,165,321
Travis,226,"Place 3, Justice, Supreme Court",,DEM,Mike Westergren,293,108,185
Travis,227,"Place 3, Justice, Supreme Court",,DEM,Mike Westergren,78,33,45
Travis,228,"Place 3, Justice, Supreme Court",,DEM,Mike Westergren,310,161,149
Travis,229,"Place 3, Justice, Supreme Court",,DEM,Mike Westergren,387,145,242
Travis,231,"Place 3, Justice, Supreme Court",,DEM,Mike Westergren,547,242,305
Travis,232,"Place 3, Justice, Supreme Court",,DEM,Mike Westergren,494,234,260
Travis,233,"Place 3, Justice, Supreme Court",,DEM,Mike Westergren,401,148,253
Travis,234,"Place 3, Justice, Supreme Court",,DEM,Mike Westergren,224,96,128
Travis,235,"Place 3, Justice, Supreme Court",,DEM,Mike Westergren,724,286,438
Travis,236,"Place 3, Justice, Supreme Court",,DEM,Mike Westergren,850,295,555
Travis,237,"Place 3, Justice, Supreme Court",,DEM,Mike Westergren,391,167,224
Travis,238,"Place 3, Justice, Supreme Court",,DEM,Mike Westergren,638,262,376
Travis,239,"Place 3, Justice, Supreme Court",,DEM,Mike Westergren,650,274,376
Travis,240,"Place 3, Justice, Supreme Court",,DEM,Mike Westergren,259,84,175
Travis,241,"Place 3, Justice, Supreme Court",,DEM,Mike Westergren,441,160,281
Travis,242,"Place 3, Justice, Supreme Court",,DEM,Mike Westergren,1327,588,739
Travis,243,"Place 3, Justice, Supreme Court",,DEM,Mike Westergren,467,234,233
Travis,244,"Place 3, Justice, Supreme Court",,DEM,Mike Westergren,382,194,188
Travis,245,"Place 3, Justice, Supreme Court",,DEM,Mike Westergren,147,52,95
Travis,246,"Place 3, Justice, Supreme Court",,DEM,Mike Westergren,359,144,215
Travis,247,"Place 3, Justice, Supreme Court",,DEM,Mike Westergren,144,54,90
Travis,248,"Place 3, Justice, Supreme Court",,DEM,Mike Westergren,552,238,314
Travis,249,"Place 3, Justice, Supreme Court",,DEM,Mike Westergren,555,241,314
Travis,250,"Place 3, Justice, Supreme Court",,DEM,Mike Westergren,1013,428,585
Travis,251,"Place 3, Justice, Supreme Court",,DEM,Mike Westergren,597,282,315
Travis,252,"Place 3, Justice, Supreme Court",,DEM,Mike Westergren,586,275,311
Travis,253,"Place 3, Justice, Supreme Court",,DEM,Mike Westergren,479,232,247
Travis,254,"Place 3, Justice, Supreme Court",,DEM,Mike Westergren,529,236,293
Travis,256,"Place 3, Justice, Supreme Court",,DEM,Mike Westergren,311,161,150
Travis,258,"Place 3, Justice, Supreme Court",,DEM,Mike Westergren,448,199,249
Travis,259,"Place 3, Justice, Supreme Court",,DEM,Mike Westergren,530,204,326
Travis,260,"Place 3, Justice, Supreme Court",,DEM,Mike Westergren,150,47,103
Travis,262,"Place 3, Justice, Supreme Court",,DEM,Mike Westergren,860,418,442
Travis,263,"Place 3, Justice, Supreme Court",,DEM,Mike Westergren,580,215,365
Travis,266,"Place 3, Justice, Supreme Court",,DEM,Mike Westergren,76,43,33
Travis,267,"Place 3, Justice, Supreme Court",,DEM,Mike Westergren,270,145,125
Travis,268,"Place 3, Justice, Supreme Court",,DEM,Mike Westergren,186,69,117
Travis,273,"Place 3, Justice, Supreme Court",,DEM,Mike Westergren,715,297,418
Travis,274,"Place 3, Justice, Supreme Court",,DEM,Mike Westergren,704,313,391
Travis,275,"Place 3, Justice, Supreme Court",,DEM,Mike Westergren,932,386,546
Travis,277,"Place 3, Justice, Supreme Court",,DEM,Mike Westergren,918,499,419
Travis,301,"Place 3, Justice, Supreme Court",,DEM,Mike Westergren,239,98,141
Travis,302,"Place 3, Justice, Supreme Court",,DEM,Mike Westergren,496,263,233
Travis,303,"Place 3, Justice, Supreme Court",,DEM,Mike Westergren,413,207,206
Travis,304,"Place 3, Justice, Supreme Court",,DEM,Mike Westergren,661,291,370
Travis,305,"Place 3, Justice, Supreme Court",,DEM,Mike Westergren,3,2,1
Travis,306,"Place 3, Justice, Supreme Court",,DEM,Mike Westergren,261,150,111
Travis,307,"Place 3, Justice, Supreme Court",,DEM,Mike Westergren,245,117,128
Travis,308,"Place 3, Justice, Supreme Court",,DEM,Mike Westergren,483,208,275
Travis,309,"Place 3, Justice, Supreme Court",,DEM,Mike Westergren,428,221,207
Travis,310,"Place 3, Justice, Supreme Court",,DEM,Mike Westergren,712,337,375
Travis,311,"Place 3, Justice, Supreme Court",,DEM,Mike Westergren,928,532,396
Travis,312,"Place 3, Justice, Supreme Court",,DEM,Mike Westergren,226,106,120
Travis,313,"Place 3, Justice, Supreme Court",,DEM,Mike Westergren,91,37,54
Travis,314,"Place 3, Justice, Supreme Court",,DEM,Mike Westergren,418,210,208
Travis,315,"Place 3, Justice, Supreme Court",,DEM,Mike Westergren,658,299,359
Travis,316,"Place 3, Justice, Supreme Court",,DEM,Mike Westergren,243,95,148
Travis,317,"Place 3, Justice, Supreme Court",,DEM,Mike Westergren,367,183,184
Travis,318,"Place 3, Justice, Supreme Court",,DEM,Mike Westergren,90,32,58
Travis,319,"Place 3, Justice, Supreme Court",,DEM,Mike Westergren,193,98,95
Travis,320,"Place 3, Justice, Supreme Court",,DEM,Mike Westergren,161,105,56
Travis,321,"Place 3, Justice, Supreme Court",,DEM,Mike Westergren,130,61,69
Travis,323,"Place 3, Justice, Supreme Court",,DEM,Mike Westergren,368,163,205
Travis,324,"Place 3, Justice, Supreme Court",,DEM,Mike Westergren,395,208,187
Travis,325,"Place 3, Justice, Supreme Court",,DEM,Mike Westergren,11,6,5
Travis,326,"Place 3, Justice, Supreme Court",,DEM,Mike Westergren,301,124,177
Travis,327,"Place 3, Justice, Supreme Court",,DEM,Mike Westergren,469,205,264
Travis,328,"Place 3, Justice, Supreme Court",,DEM,Mike Westergren,707,332,375
Travis,329,"Place 3, Justice, Supreme Court",,DEM,Mike Westergren,395,202,193
Travis,330,"Place 3, Justice, Supreme Court",,DEM,Mike Westergren,340,146,194
Travis,331,"Place 3, Justice, Supreme Court",,DEM,Mike Westergren,470,155,315
Travis,332,"Place 3, Justice, Supreme Court",,DEM,Mike Westergren,752,268,484
Travis,333,"Place 3, Justice, Supreme Court",,DEM,Mike Westergren,399,106,293
Travis,334,"Place 3, Justice, Supreme Court",,DEM,Mike Westergren,302,119,183
Travis,335,"Place 3, Justice, Supreme Court",,DEM,Mike Westergren,354,154,200
Travis,336,"Place 3, Justice, Supreme Court",,DEM,Mike Westergren,320,125,195
Travis,337,"Place 3, Justice, Supreme Court",,DEM,Mike Westergren,569,211,358
Travis,338,"Place 3, Justice, Supreme Court",,DEM,Mike Westergren,766,299,467
Travis,339,"Place 3, Justice, Supreme Court",,DEM,Mike Westergren,319,155,164
Travis,340,"Place 3, Justice, Supreme Court",,DEM,Mike Westergren,517,207,310
Travis,341,"Place 3, Justice, Supreme Court",,DEM,Mike Westergren,6,0,6
Travis,342,"Place 3, Justice, Supreme Court",,DEM,Mike Westergren,1183,508,675
Travis,343,"Place 3, Justice, Supreme Court",,DEM,Mike Westergren,238,85,153
Travis,344,"Place 3, Justice, Supreme Court",,DEM,Mike Westergren,401,178,223
Travis,345,"Place 3, Justice, Supreme Court",,DEM,Mike Westergren,1,1,0
Travis,346,"Place 3, Justice, Supreme Court",,DEM,Mike Westergren,239,147,92
Travis,347,"Place 3, Justice, Supreme Court",,DEM,Mike Westergren,388,198,190
Travis,349,"Place 3, Justice, Supreme Court",,DEM,Mike Westergren,763,327,436
Travis,350,"Place 3, Justice, Supreme Court",,DEM,Mike Westergren,797,372,425
Travis,351,"Place 3, Justice, Supreme Court",,DEM,Mike Westergren,270,128,142
Travis,352,"Place 3, Justice, Supreme Court",,DEM,Mike Westergren,699,365,334
Travis,354,"Place 3, Justice, Supreme Court",,DEM,Mike Westergren,752,433,319
Travis,356,"Place 3, Justice, Supreme Court",,DEM,Mike Westergren,274,123,151
Travis,357,"Place 3, Justice, Supreme Court",,DEM,Mike Westergren,91,38,53
Travis,358,"Place 3, Justice, Supreme Court",,DEM,Mike Westergren,1000,465,535
Travis,359,"Place 3, Justice, Supreme Court",,DEM,Mike Westergren,479,216,263
Travis,360,"Place 3, Justice, Supreme Court",,DEM,Mike Westergren,735,323,412
Travis,361,"Place 3, Justice, Supreme Court",,DEM,Mike Westergren,206,95,111
Travis,362,"Place 3, Justice, Supreme Court",,DEM,Mike Westergren,628,321,307
Travis,363,"Place 3, Justice, Supreme Court",,DEM,Mike Westergren,276,133,143
Travis,364,"Place 3, Justice, Supreme Court",,DEM,Mike Westergren,549,321,228
Travis,365,"Place 3, Justice, Supreme Court",,DEM,Mike Westergren,287,113,174
Travis,366,"Place 3, Justice, Supreme Court",,DEM,Mike Westergren,858,395,463
Travis,367,"Place 3, Justice, Supreme Court",,DEM,Mike Westergren,820,366,454
Travis,368,"Place 3, Justice, Supreme Court",,DEM,Mike Westergren,23,13,10
Travis,369,"Place 3, Justice, Supreme Court",,DEM,Mike Westergren,175,54,121
Travis,370,"Place 3, Justice, Supreme Court",,DEM,Mike Westergren,132,18,114
Travis,371,"Place 3, Justice, Supreme Court",,DEM,Mike Westergren,215,86,129
Travis,372,"Place 3, Justice, Supreme Court",,DEM,Mike Westergren,155,53,102
Travis,373,"Place 3, Justice, Supreme Court",,DEM,Mike Westergren,341,136,205
Travis,374,"Place 3, Justice, Supreme Court",,DEM,Mike Westergren,434,155,279
Travis,375,"Place 3, Justice, Supreme Court",,DEM,Mike Westergren,83,30,53
Travis,401,"Place 3, Justice, Supreme Court",,DEM,Mike Westergren,319,148,171
Travis,402,"Place 3, Justice, Supreme Court",,DEM,Mike Westergren,407,174,233
Travis,403,"Place 3, Justice, Supreme Court",,DEM,Mike Westergren,156,56,100
Travis,404,"Place 3, Justice, Supreme Court",,DEM,Mike Westergren,415,154,261
Travis,405,"Place 3, Justice, Supreme Court",,DEM,Mike Westergren,85,33,52
Travis,406,"Place 3, Justice, Supreme Court",,DEM,Mike Westergren,395,227,168
Travis,407,"Place 3, Justice, Supreme Court",,DEM,Mike Westergren,290,124,166
Travis,408,"Place 3, Justice, Supreme Court",,DEM,Mike Westergren,529,205,324
Travis,409,"Place 3, Justice, Supreme Court",,DEM,Mike Westergren,517,217,300
Travis,410,"Place 3, Justice, Supreme Court",,DEM,Mike Westergren,586,283,303
Travis,411,"Place 3, Justice, Supreme Court",,DEM,Mike Westergren,314,140,174
Travis,412,"Place 3, Justice, Supreme Court",,DEM,Mike Westergren,25,14,11
Travis,413,"Place 3, Justice, Supreme Court",,DEM,Mike Westergren,169,73,96
Travis,414,"Place 3, Justice, Supreme Court",,DEM,Mike Westergren,617,263,354
Travis,415,"Place 3, Justice, Supreme Court",,DEM,Mike Westergren,234,87,147
Travis,416,"Place 3, Justice, Supreme Court",,DEM,Mike Westergren,21,9,12
Travis,417,"Place 3, Justice, Supreme Court",,DEM,Mike Westergren,265,134,131
Travis,418,"Place 3, Justice, Supreme Court",,DEM,Mike Westergren,0,0,0
Travis,419,"Place 3, Justice, Supreme Court",,DEM,Mike Westergren,86,52,34
Travis,420,"Place 3, Justice, Supreme Court",,DEM,Mike Westergren,543,230,313
Travis,421,"Place 3, Justice, Supreme Court",,DEM,Mike Westergren,584,233,351
Travis,422,"Place 3, Justice, Supreme Court",,DEM,Mike Westergren,566,248,318
Travis,423,"Place 3, Justice, Supreme Court",,DEM,Mike Westergren,555,225,330
Travis,424,"Place 3, Justice, Supreme Court",,DEM,Mike Westergren,543,210,333
Travis,425,"Place 3, Justice, Supreme Court",,DEM,Mike Westergren,179,76,103
Travis,426,"Place 3, Justice, Supreme Court",,DEM,Mike Westergren,605,265,340
Travis,427,"Place 3, Justice, Supreme Court",,DEM,Mike Westergren,438,208,230
Travis,428,"Place 3, Justice, Supreme Court",,DEM,Mike Westergren,207,93,114
Travis,429,"Place 3, Justice, Supreme Court",,DEM,Mike Westergren,1218,542,676
Travis,430,"Place 3, Justice, Supreme Court",,DEM,Mike Westergren,296,117,179
Travis,431,"Place 3, Justice, Supreme Court",,DEM,Mike Westergren,1082,438,644
Travis,432,"Place 3, Justice, Supreme Court",,DEM,Mike Westergren,1,1,0
Travis,433,"Place 3, Justice, Supreme Court",,DEM,Mike Westergren,613,291,322
Travis,434,"Place 3, Justice, Supreme Court",,DEM,Mike Westergren,3,2,1
Travis,435,"Place 3, Justice, Supreme Court",,DEM,Mike Westergren,1000,436,564
Travis,436,"Place 3, Justice, Supreme Court",,DEM,Mike Westergren,67,28,39
Travis,437,"Place 3, Justice, Supreme Court",,DEM,Mike Westergren,534,208,326
Travis,438,"Place 3, Justice, Supreme Court",,DEM,Mike Westergren,323,142,181
Travis,439,"Place 3, Justice, Supreme Court",,DEM,Mike Westergren,609,255,354
Travis,440,"Place 3, Justice, Supreme Court",,DEM,Mike Westergren,211,104,107
Travis,441,"Place 3, Justice, Supreme Court",,DEM,Mike Westergren,814,385,429
Travis,442,"Place 3, Justice, Supreme Court",,DEM,Mike Westergren,308,122,186
Travis,443,"Place 3, Justice, Supreme Court",,DEM,Mike Westergren,461,206,255
Travis,444,"Place 3, Justice, Supreme Court",,DEM,Mike Westergren,27,11,16
Travis,446,"Place 3, Justice, Supreme Court",,DEM,Mike Westergren,253,104,149
Travis,447,"Place 3, Justice, Supreme Court",,DEM,Mike Westergren,749,313,436
Travis,448,"Place 3, Justice, Supreme Court",,DEM,Mike Westergren,391,163,228
Travis,450,"Place 3, Justice, Supreme Court",,DEM,Mike Westergren,622,261,361
Travis,451,"Place 3, Justice, Supreme Court",,DEM,Mike Westergren,635,268,367
Travis,452,"Place 3, Justice, Supreme Court",,DEM,Mike Westergren,305,130,175
Travis,454,"Place 3, Justice, Supreme Court",,DEM,Mike Westergren,454,235,219
Travis,458,"Place 3, Justice, Supreme Court",,DEM,Mike Westergren,653,338,315
Travis,460,"Place 3, Justice, Supreme Court",,DEM,Mike Westergren,798,394,404
Travis,461,"Place 3, Justice, Supreme Court",,DEM,Mike Westergren,875,378,497
Travis,463,"Place 3, Justice, Supreme Court",,DEM,Mike Westergren,664,277,387
Travis,129,"Precinct 129, Precinct Chairman",,DEM,Mykle Tomlinson,199,104,95
Travis,101,Referendum Item #1 - On Economic Security & Prosperity,,DEM,No,48,20,28
Travis,101,Referendum Item #2 - On A Fair Criminal Justice System,,DEM,No,44,12,32
Travis,101,Referendum Item #3 - On Climate,,DEM,No,83,27,56
Travis,101,Referendum Item #4 - On The Voting Rights Act,,DEM,No,59,18,41
Travis,101,Referendum Item #5 - On Campus Carry,,DEM,No,188,54,134
Travis,101,Referendum Item #6 - On Comprehensive Immigration Reform,,DEM,No,98,32,66
Travis,102,Referendum Item #1 - On Economic Security & Prosperity,,DEM,No,11,2,9
Travis,102,Referendum Item #2 - On A Fair Criminal Justice System,,DEM,No,13,5,8
Travis,102,Referendum Item #3 - On Climate,,DEM,No,9,4,5
Travis,102,Referendum Item #4 - On The Voting Rights Act,,DEM,No,18,3,15
Travis,102,Referendum Item #5 - On Campus Carry,,DEM,No,28,7,21
Travis,102,Referendum Item #6 - On Comprehensive Immigration Reform,,DEM,No,16,6,10
Travis,103,Referendum Item #1 - On Economic Security & Prosperity,,DEM,No,15,4,11
Travis,103,Referendum Item #2 - On A Fair Criminal Justice System,,DEM,No,10,3,7
Travis,103,Referendum Item #3 - On Climate,,DEM,No,14,4,10
Travis,103,Referendum Item #4 - On The Voting Rights Act,,DEM,No,19,6,13
Travis,103,Referendum Item #5 - On Campus Carry,,DEM,No,35,12,23
Travis,103,Referendum Item #6 - On Comprehensive Immigration Reform,,DEM,No,19,11,8
Travis,104,Referendum Item #1 - On Economic Security & Prosperity,,DEM,No,13,6,7
Travis,104,Referendum Item #2 - On A Fair Criminal Justice System,,DEM,No,10,5,5
Travis,104,Referendum Item #3 - On Climate,,DEM,No,11,6,5
Travis,104,Referendum Item #4 - On The Voting Rights Act,,DEM,No,15,10,5
Travis,104,Referendum Item #5 - On Campus Carry,,DEM,No,34,12,22
Travis,104,Referendum Item #6 - On Comprehensive Immigration Reform,,DEM,No,21,11,10
Travis,105,Referendum Item #1 - On Economic Security & Prosperity,,DEM,No,74,40,34
Travis,105,Referendum Item #2 - On A Fair Criminal Justice System,,DEM,No,52,25,27
Travis,105,Referendum Item #3 - On Climate,,DEM,No,74,30,44
Travis,105,Referendum Item #4 - On The Voting Rights Act,,DEM,No,76,37,39
Travis,105,Referendum Item #5 - On Campus Carry,,DEM,No,230,97,133
Travis,105,Referendum Item #6 - On Comprehensive Immigration Reform,,DEM,No,119,58,61
Travis,106,Referendum Item #1 - On Economic Security & Prosperity,,DEM,No,32,8,24
Travis,106,Referendum Item #2 - On A Fair Criminal Justice System,,DEM,No,18,7,11
Travis,106,Referendum Item #3 - On Climate,,DEM,No,29,10,19
Travis,106,Referendum Item #4 - On The Voting Rights Act,,DEM,No,28,11,17
Travis,106,Referendum Item #5 - On Campus Carry,,DEM,No,71,25,46
Travis,106,Referendum Item #6 - On Comprehensive Immigration Reform,,DEM,No,56,26,30
Travis,107,Referendum Item #1 - On Economic Security & Prosperity,,DEM,No,9,4,5
Travis,107,Referendum Item #2 - On A Fair Criminal Justice System,,DEM,No,3,2,1
Travis,107,Referendum Item #3 - On Climate,,DEM,No,4,2,2
Travis,107,Referendum Item #4 - On The Voting Rights Act,,DEM,No,5,1,4
Travis,107,Referendum Item #5 - On Campus Carry,,DEM,No,2,1,1
Travis,107,Referendum Item #6 - On Comprehensive Immigration Reform,,DEM,No,7,3,4
Travis,108,Referendum Item #1 - On Economic Security & Prosperity,,DEM,No,13,3,10
Travis,108,Referendum Item #2 - On A Fair Criminal Justice System,,DEM,No,12,3,9
Travis,108,Referendum Item #3 - On Climate,,DEM,No,8,3,5
Travis,108,Referendum Item #4 - On The Voting Rights Act,,DEM,No,29,10,19
Travis,108,Referendum Item #5 - On Campus Carry,,DEM,No,51,13,38
Travis,108,Referendum Item #6 - On Comprehensive Immigration Reform,,DEM,No,20,7,13
Travis,109,Referendum Item #1 - On Economic Security & Prosperity,,DEM,No,33,8,25
Travis,109,Referendum Item #2 - On A Fair Criminal Justice System,,DEM,No,25,9,16
Travis,109,Referendum Item #3 - On Climate,,DEM,No,21,8,13
Travis,109,Referendum Item #4 - On The Voting Rights Act,,DEM,No,34,14,20
Travis,109,Referendum Item #5 - On Campus Carry,,DEM,No,65,23,42
Travis,109,Referendum Item #6 - On Comprehensive Immigration Reform,,DEM,No,30,10,20
Travis,110,Referendum Item #1 - On Economic Security & Prosperity,,DEM,No,54,24,30
Travis,110,Referendum Item #2 - On A Fair Criminal Justice System,,DEM,No,38,13,25
Travis,110,Referendum Item #3 - On Climate,,DEM,No,55,19,36
Travis,110,Referendum Item #4 - On The Voting Rights Act,,DEM,No,52,20,32
Travis,110,Referendum Item #5 - On Campus Carry,,DEM,No,120,41,79
Travis,110,Referendum Item #6 - On Comprehensive Immigration Reform,,DEM,No,87,30,57
Travis,111,Referendum Item #1 - On Economic Security & Prosperity,,DEM,No,55,18,37
Travis,111,Referendum Item #2 - On A Fair Criminal Justice System,,DEM,No,21,6,15
Travis,111,Referendum Item #3 - On Climate,,DEM,No,27,9,18
Travis,111,Referendum Item #4 - On The Voting Rights Act,,DEM,No,60,20,40
Travis,111,Referendum Item #5 - On Campus Carry,,DEM,No,77,20,57
Travis,111,Referendum Item #6 - On Comprehensive Immigration Reform,,DEM,No,37,15,22
Travis,112,Referendum Item #1 - On Economic Security & Prosperity,,DEM,No,10,0,10
Travis,112,Referendum Item #2 - On A Fair Criminal Justice System,,DEM,No,4,2,2
Travis,112,Referendum Item #3 - On Climate,,DEM,No,19,5,14
Travis,112,Referendum Item #4 - On The Voting Rights Act,,DEM,No,19,7,12
Travis,112,Referendum Item #5 - On Campus Carry,,DEM,No,36,7,29
Travis,112,Referendum Item #6 - On Comprehensive Immigration Reform,,DEM,No,28,5,23
Travis,113,Referendum Item #1 - On Economic Security & Prosperity,,DEM,No,52,14,38
Travis,113,Referendum Item #2 - On A Fair Criminal Justice System,,DEM,No,42,14,28
Travis,113,Referendum Item #3 - On Climate,,DEM,No,54,17,37
Travis,113,Referendum Item #4 - On The Voting Rights Act,,DEM,No,77,22,55
Travis,113,Referendum Item #5 - On Campus Carry,,DEM,No,168,45,123
Travis,113,Referendum Item #6 - On Comprehensive Immigration Reform,,DEM,No,74,25,49
Travis,114,Referendum Item #1 - On Economic Security & Prosperity,,DEM,No,3,2,1
Travis,114,Referendum Item #2 - On A Fair Criminal Justice System,,DEM,No,1,1,0
Travis,114,Referendum Item #3 - On Climate,,DEM,No,1,0,1
Travis,114,Referendum Item #4 - On The Voting Rights Act,,DEM,No,6,0,6
Travis,114,Referendum Item #5 - On Campus Carry,,DEM,No,13,6,7
Travis,114,Referendum Item #6 - On Comprehensive Immigration Reform,,DEM,No,9,4,5
Travis,115,Referendum Item #1 - On Economic Security & Prosperity,,DEM,No,0,0,0
Travis,115,Referendum Item #2 - On A Fair Criminal Justice System,,DEM,No,0,0,0
Travis,115,Referendum Item #3 - On Climate,,DEM,No,0,0,0
Travis,115,Referendum Item #4 - On The Voting Rights Act,,DEM,No,0,0,0
Travis,115,Referendum Item #5 - On Campus Carry,,DEM,No,0,0,0
Travis,115,Referendum Item #6 - On Comprehensive Immigration Reform,,DEM,No,0,0,0
Travis,116,Referendum Item #1 - On Economic Security & Prosperity,,DEM,No,0,0,0
Travis,116,Referendum Item #2 - On A Fair Criminal Justice System,,DEM,No,0,0,0
Travis,116,Referendum Item #3 - On Climate,,DEM,No,0,0,0
Travis,116,Referendum Item #4 - On The Voting Rights Act,,DEM,No,0,0,0
Travis,116,Referendum Item #5 - On Campus Carry,,DEM,No,1,0,1
Travis,116,Referendum Item #6 - On Comprehensive Immigration Reform,,DEM,No,0,0,0
Travis,117,Referendum Item #1 - On Economic Security & Prosperity,,DEM,No,24,5,19
Travis,117,Referendum Item #2 - On A Fair Criminal Justice System,,DEM,No,26,8,18
Travis,117,Referendum Item #3 - On Climate,,DEM,No,50,21,29
Travis,117,Referendum Item #4 - On The Voting Rights Act,,DEM,No,28,12,16
Travis,117,Referendum Item #5 - On Campus Carry,,DEM,No,121,49,72
Travis,117,Referendum Item #6 - On Comprehensive Immigration Reform,,DEM,No,62,32,30
Travis,118,Referendum Item #1 - On Economic Security & Prosperity,,DEM,No,10,4,6
Travis,118,Referendum Item #2 - On A Fair Criminal Justice System,,DEM,No,7,3,4
Travis,118,Referendum Item #3 - On Climate,,DEM,No,9,5,4
Travis,118,Referendum Item #4 - On The Voting Rights Act,,DEM,No,11,5,6
Travis,118,Referendum Item #5 - On Campus Carry,,DEM,No,25,12,13
Travis,118,Referendum Item #6 - On Comprehensive Immigration Reform,,DEM,No,14,6,8
Travis,119,Referendum Item #1 - On Economic Security & Prosperity,,DEM,No,0,0,0
Travis,119,Referendum Item #2 - On A Fair Criminal Justice System,,DEM,No,0,0,0
Travis,119,Referendum Item #3 - On Climate,,DEM,No,0,0,0
Travis,119,Referendum Item #4 - On The Voting Rights Act,,DEM,No,0,0,0
Travis,119,Referendum Item #5 - On Campus Carry,,DEM,No,0,0,0
Travis,119,Referendum Item #6 - On Comprehensive Immigration Reform,,DEM,No,0,0,0
Travis,120,Referendum Item #1 - On Economic Security & Prosperity,,DEM,No,4,3,1
Travis,120,Referendum Item #2 - On A Fair Criminal Justice System,,DEM,No,7,5,2
Travis,120,Referendum Item #3 - On Climate,,DEM,No,6,5,1
Travis,120,Referendum Item #4 - On The Voting Rights Act,,DEM,No,4,4,0
Travis,120,Referendum Item #5 - On Campus Carry,,DEM,No,8,6,2
Travis,120,Referendum Item #6 - On Comprehensive Immigration Reform,,DEM,No,5,4,1
Travis,121,Referendum Item #1 - On Economic Security & Prosperity,,DEM,No,8,5,3
Travis,121,Referendum Item #2 - On A Fair Criminal Justice System,,DEM,No,9,5,4
Travis,121,Referendum Item #3 - On Climate,,DEM,No,22,9,13
Travis,121,Referendum Item #4 - On The Voting Rights Act,,DEM,No,14,7,7
Travis,121,Referendum Item #5 - On Campus Carry,,DEM,No,44,19,25
Travis,121,Referendum Item #6 - On Comprehensive Immigration Reform,,DEM,No,23,11,12
Travis,122,Referendum Item #1 - On Economic Security & Prosperity,,DEM,No,56,30,26
Travis,122,Referendum Item #2 - On A Fair Criminal Justice System,,DEM,No,48,26,22
Travis,122,Referendum Item #3 - On Climate,,DEM,No,89,41,48
Travis,122,Referendum Item #4 - On The Voting Rights Act,,DEM,No,65,33,32
Travis,122,Referendum Item #5 - On Campus Carry,,DEM,No,162,69,93
Travis,122,Referendum Item #6 - On Comprehensive Immigration Reform,,DEM,No,118,59,59
Travis,123,Referendum Item #1 - On Economic Security & Prosperity,,DEM,No,39,11,28
Travis,123,Referendum Item #2 - On A Fair Criminal Justice System,,DEM,No,22,8,14
Travis,123,Referendum Item #3 - On Climate,,DEM,No,24,11,13
Travis,123,Referendum Item #4 - On The Voting Rights Act,,DEM,No,43,14,29
Travis,123,Referendum Item #5 - On Campus Carry,,DEM,No,82,23,59
Travis,123,Referendum Item #6 - On Comprehensive Immigration Reform,,DEM,No,46,10,36
Travis,124,Referendum Item #1 - On Economic Security & Prosperity,,DEM,No,50,16,34
Travis,124,Referendum Item #2 - On A Fair Criminal Justice System,,DEM,No,38,20,18
Travis,124,Referendum Item #3 - On Climate,,DEM,No,58,31,27
Travis,124,Referendum Item #4 - On The Voting Rights Act,,DEM,No,77,28,49
Travis,124,Referendum Item #5 - On Campus Carry,,DEM,No,172,77,95
Travis,124,Referendum Item #6 - On Comprehensive Immigration Reform,,DEM,No,63,31,32
Travis,125,Referendum Item #1 - On Economic Security & Prosperity,,DEM,No,0,0,0
Travis,125,Referendum Item #2 - On A Fair Criminal Justice System,,DEM,No,0,0,0
Travis,125,Referendum Item #3 - On Climate,,DEM,No,0,0,0
Travis,125,Referendum Item #4 - On The Voting Rights Act,,DEM,No,0,0,0
Travis,125,Referendum Item #5 - On Campus Carry,,DEM,No,0,0,0
Travis,125,Referendum Item #6 - On Comprehensive Immigration Reform,,DEM,No,0,0,0
Travis,126,Referendum Item #1 - On Economic Security & Prosperity,,DEM,No,70,30,40
Travis,126,Referendum Item #2 - On A Fair Criminal Justice System,,DEM,No,66,31,35
Travis,126,Referendum Item #3 - On Climate,,DEM,No,67,42,25
Travis,126,Referendum Item #4 - On The Voting Rights Act,,DEM,No,77,37,40
Travis,126,Referendum Item #5 - On Campus Carry,,DEM,No,155,83,72
Travis,126,Referendum Item #6 - On Comprehensive Immigration Reform,,DEM,No,81,39,42
Travis,127,Referendum Item #1 - On Economic Security & Prosperity,,DEM,No,0,0,0
Travis,127,Referendum Item #2 - On A Fair Criminal Justice System,,DEM,No,0,0,0
Travis,127,Referendum Item #3 - On Climate,,DEM,No,0,0,0
Travis,127,Referendum Item #4 - On The Voting Rights Act,,DEM,No,0,0,0
Travis,127,Referendum Item #5 - On Campus Carry,,DEM,No,0,0,0
Travis,127,Referendum Item #6 - On Comprehensive Immigration Reform,,DEM,No,0,0,0
Travis,128,Referendum Item #1 - On Economic Security & Prosperity,,DEM,No,0,0,0
Travis,128,Referendum Item #2 - On A Fair Criminal Justice System,,DEM,No,0,0,0
Travis,128,Referendum Item #3 - On Climate,,DEM,No,0,0,0
Travis,128,Referendum Item #4 - On The Voting Rights Act,,DEM,No,0,0,0
Travis,128,Referendum Item #5 - On Campus Carry,,DEM,No,0,0,0
Travis,128,Referendum Item #6 - On Comprehensive Immigration Reform,,DEM,No,0,0,0
Travis,129,Referendum Item #1 - On Economic Security & Prosperity,,DEM,No,38,21,17
Travis,129,Referendum Item #2 - On A Fair Criminal Justice System,,DEM,No,35,16,19
Travis,129,Referendum Item #3 - On Climate,,DEM,No,72,42,30
Travis,129,Referendum Item #4 - On The Voting Rights Act,,DEM,No,41,18,23
Travis,129,Referendum Item #5 - On Campus Carry,,DEM,No,139,65,74
Travis,129,Referendum Item #6 - On Comprehensive Immigration Reform,,DEM,No,71,39,32
Travis,130,Referendum Item #1 - On Economic Security & Prosperity,,DEM,No,21,4,17
Travis,130,Referendum Item #2 - On A Fair Criminal Justice System,,DEM,No,14,0,14
Travis,130,Referendum Item #3 - On Climate,,DEM,No,19,6,13
Travis,130,Referendum Item #4 - On The Voting Rights Act,,DEM,No,34,8,26
Travis,130,Referendum Item #5 - On Campus Carry,,DEM,No,52,19,33
Travis,130,Referendum Item #6 - On Comprehensive Immigration Reform,,DEM,No,32,7,25
Travis,131,Referendum Item #1 - On Economic Security & Prosperity,,DEM,No,0,0,0
Travis,131,Referendum Item #2 - On A Fair Criminal Justice System,,DEM,No,0,0,0
Travis,131,Referendum Item #3 - On Climate,,DEM,No,0,0,0
Travis,131,Referendum Item #4 - On The Voting Rights Act,,DEM,No,0,0,0
Travis,131,Referendum Item #5 - On Campus Carry,,DEM,No,0,0,0
Travis,131,Referendum Item #6 - On Comprehensive Immigration Reform,,DEM,No,0,0,0
Travis,132,Referendum Item #1 - On Economic Security & Prosperity,,DEM,No,39,14,25
Travis,132,Referendum Item #2 - On A Fair Criminal Justice System,,DEM,No,34,16,18
Travis,132,Referendum Item #3 - On Climate,,DEM,No,56,24,32
Travis,132,Referendum Item #4 - On The Voting Rights Act,,DEM,No,48,15,33
Travis,132,Referendum Item #5 - On Campus Carry,,DEM,No,116,42,74
Travis,132,Referendum Item #6 - On Comprehensive Immigration Reform,,DEM,No,64,30,34
Travis,133,Referendum Item #1 - On Economic Security & Prosperity,,DEM,No,44,21,23
Travis,133,Referendum Item #2 - On A Fair Criminal Justice System,,DEM,No,29,13,16
Travis,133,Referendum Item #3 - On Climate,,DEM,No,34,17,17
Travis,133,Referendum Item #4 - On The Voting Rights Act,,DEM,No,48,18,30
Travis,133,Referendum Item #5 - On Campus Carry,,DEM,No,71,22,49
Travis,133,Referendum Item #6 - On Comprehensive Immigration Reform,,DEM,No,45,23,22
Travis,134,Referendum Item #1 - On Economic Security & Prosperity,,DEM,No,0,0,0
Travis,134,Referendum Item #2 - On A Fair Criminal Justice System,,DEM,No,0,0,0
Travis,134,Referendum Item #3 - On Climate,,DEM,No,0,0,0
Travis,134,Referendum Item #4 - On The Voting Rights Act,,DEM,No,0,0,0
Travis,134,Referendum Item #5 - On Campus Carry,,DEM,No,0,0,0
Travis,134,Referendum Item #6 - On Comprehensive Immigration Reform,,DEM,No,0,0,0
Travis,135,Referendum Item #1 - On Economic Security & Prosperity,,DEM,No,67,28,39
Travis,135,Referendum Item #2 - On A Fair Criminal Justice System,,DEM,No,47,19,28
Travis,135,Referendum Item #3 - On Climate,,DEM,No,39,20,19
Travis,135,Referendum Item #4 - On The Voting Rights Act,,DEM,No,93,38,55
Travis,135,Referendum Item #5 - On Campus Carry,,DEM,No,110,52,58
Travis,135,Referendum Item #6 - On Comprehensive Immigration Reform,,DEM,No,53,24,29
Travis,136,Referendum Item #1 - On Economic Security & Prosperity,,DEM,No,33,11,22
Travis,136,Referendum Item #2 - On A Fair Criminal Justice System,,DEM,No,23,7,16
Travis,136,Referendum Item #3 - On Climate,,DEM,No,21,12,9
Travis,136,Referendum Item #4 - On The Voting Rights Act,,DEM,No,39,14,25
Travis,136,Referendum Item #5 - On Campus Carry,,DEM,No,73,28,45
Travis,136,Referendum Item #6 - On Comprehensive Immigration Reform,,DEM,No,39,16,23
Travis,137,Referendum Item #1 - On Economic Security & Prosperity,,DEM,No,90,32,58
Travis,137,Referendum Item #2 - On A Fair Criminal Justice System,,DEM,No,55,22,33
Travis,137,Referendum Item #3 - On Climate,,DEM,No,72,25,47
Travis,137,Referendum Item #4 - On The Voting Rights Act,,DEM,No,98,34,64
Travis,137,Referendum Item #5 - On Campus Carry,,DEM,No,132,41,91
Travis,137,Referendum Item #6 - On Comprehensive Immigration Reform,,DEM,No,84,24,60
Travis,138,Referendum Item #1 - On Economic Security & Prosperity,,DEM,No,0,0,0
Travis,138,Referendum Item #2 - On A Fair Criminal Justice System,,DEM,No,0,0,0
Travis,138,Referendum Item #3 - On Climate,,DEM,No,0,0,0
Travis,138,Referendum Item #4 - On The Voting Rights Act,,DEM,No,0,0,0
Travis,138,Referendum Item #5 - On Campus Carry,,DEM,No,0,0,0
Travis,138,Referendum Item #6 - On Comprehensive Immigration Reform,,DEM,No,0,0,0
Travis,139,Referendum Item #1 - On Economic Security & Prosperity,,DEM,No,25,13,12
Travis,139,Referendum Item #2 - On A Fair Criminal Justice System,,DEM,No,23,12,11
Travis,139,Referendum Item #3 - On Climate,,DEM,No,21,10,11
Travis,139,Referendum Item #4 - On The Voting Rights Act,,DEM,No,30,10,20
Travis,139,Referendum Item #5 - On Campus Carry,,DEM,No,101,40,61
Travis,139,Referendum Item #6 - On Comprehensive Immigration Reform,,DEM,No,33,16,17
Travis,140,Referendum Item #1 - On Economic Security & Prosperity,,DEM,No,30,10,20
Travis,140,Referendum Item #2 - On A Fair Criminal Justice System,,DEM,No,35,13,22
Travis,140,Referendum Item #3 - On Climate,,DEM,No,26,7,19
Travis,140,Referendum Item #4 - On The Voting Rights Act,,DEM,No,22,7,15
Travis,140,Referendum Item #5 - On Campus Carry,,DEM,No,78,19,59
Travis,140,Referendum Item #6 - On Comprehensive Immigration Reform,,DEM,No,46,16,30
Travis,141,Referendum Item #1 - On Economic Security & Prosperity,,DEM,No,2,0,2
Travis,141,Referendum Item #2 - On A Fair Criminal Justice System,,DEM,No,3,0,3
Travis,141,Referendum Item #3 - On Climate,,DEM,No,5,2,3
Travis,141,Referendum Item #4 - On The Voting Rights Act,,DEM,No,3,1,2
Travis,141,Referendum Item #5 - On Campus Carry,,DEM,No,10,2,8
Travis,141,Referendum Item #6 - On Comprehensive Immigration Reform,,DEM,No,7,4,3
Travis,142,Referendum Item #1 - On Economic Security & Prosperity,,DEM,No,10,4,6
Travis,142,Referendum Item #2 - On A Fair Criminal Justice System,,DEM,No,9,2,7
Travis,142,Referendum Item #3 - On Climate,,DEM,No,5,2,3
Travis,142,Referendum Item #4 - On The Voting Rights Act,,DEM,No,13,6,7
Travis,142,Referendum Item #5 - On Campus Carry,,DEM,No,19,7,12
Travis,142,Referendum Item #6 - On Comprehensive Immigration Reform,,DEM,No,7,3,4
Travis,145,Referendum Item #1 - On Economic Security & Prosperity,,DEM,No,32,9,23
Travis,145,Referendum Item #2 - On A Fair Criminal Justice System,,DEM,No,21,7,14
Travis,145,Referendum Item #3 - On Climate,,DEM,No,32,11,21
Travis,145,Referendum Item #4 - On The Voting Rights Act,,DEM,No,35,13,22
Travis,145,Referendum Item #5 - On Campus Carry,,DEM,No,84,28,56
Travis,145,Referendum Item #6 - On Comprehensive Immigration Reform,,DEM,No,42,19,23
Travis,146,Referendum Item #1 - On Economic Security & Prosperity,,DEM,No,28,10,18
Travis,146,Referendum Item #2 - On A Fair Criminal Justice System,,DEM,No,18,7,11
Travis,146,Referendum Item #3 - On Climate,,DEM,No,26,11,15
Travis,146,Referendum Item #4 - On The Voting Rights Act,,DEM,No,41,15,26
Travis,146,Referendum Item #5 - On Campus Carry,,DEM,No,69,26,43
Travis,146,Referendum Item #6 - On Comprehensive Immigration Reform,,DEM,No,36,13,23
Travis,148,Referendum Item #1 - On Economic Security & Prosperity,,DEM,No,48,20,28
Travis,148,Referendum Item #2 - On A Fair Criminal Justice System,,DEM,No,34,13,21
Travis,148,Referendum Item #3 - On Climate,,DEM,No,47,21,26
Travis,148,Referendum Item #4 - On The Voting Rights Act,,DEM,No,36,19,17
Travis,148,Referendum Item #5 - On Campus Carry,,DEM,No,110,31,79
Travis,148,Referendum Item #6 - On Comprehensive Immigration Reform,,DEM,No,47,20,27
Travis,149,Referendum Item #1 - On Economic Security & Prosperity,,DEM,No,27,12,15
Travis,149,Referendum Item #2 - On A Fair Criminal Justice System,,DEM,No,19,10,9
Travis,149,Referendum Item #3 - On Climate,,DEM,No,13,4,9
Travis,149,Referendum Item #4 - On The Voting Rights Act,,DEM,No,25,10,15
Travis,149,Referendum Item #5 - On Campus Carry,,DEM,No,34,7,27
Travis,149,Referendum Item #6 - On Comprehensive Immigration Reform,,DEM,No,21,10,11
Travis,150,Referendum Item #1 - On Economic Security & Prosperity,,DEM,No,25,12,13
Travis,150,Referendum Item #2 - On A Fair Criminal Justice System,,DEM,No,15,9,6
Travis,150,Referendum Item #3 - On Climate,,DEM,No,14,7,7
Travis,150,Referendum Item #4 - On The Voting Rights Act,,DEM,No,30,15,15
Travis,150,Referendum Item #5 - On Campus Carry,,DEM,No,38,10,28
Travis,150,Referendum Item #6 - On Comprehensive Immigration Reform,,DEM,No,30,10,20
Travis,151,Referendum Item #1 - On Economic Security & Prosperity,,DEM,No,33,18,15
Travis,151,Referendum Item #2 - On A Fair Criminal Justice System,,DEM,No,18,9,9
Travis,151,Referendum Item #3 - On Climate,,DEM,No,31,15,16
Travis,151,Referendum Item #4 - On The Voting Rights Act,,DEM,No,30,12,18
Travis,151,Referendum Item #5 - On Campus Carry,,DEM,No,110,31,79
Travis,151,Referendum Item #6 - On Comprehensive Immigration Reform,,DEM,No,37,20,17
Travis,152,Referendum Item #1 - On Economic Security & Prosperity,,DEM,No,27,12,15
Travis,152,Referendum Item #2 - On A Fair Criminal Justice System,,DEM,No,24,13,11
Travis,152,Referendum Item #3 - On Climate,,DEM,No,20,12,8
Travis,152,Referendum Item #4 - On The Voting Rights Act,,DEM,No,50,17,33
Travis,152,Referendum Item #5 - On Campus Carry,,DEM,No,77,30,47
Travis,152,Referendum Item #6 - On Comprehensive Immigration Reform,,DEM,No,31,14,17
Travis,153,Referendum Item #1 - On Economic Security & Prosperity,,DEM,No,52,13,39
Travis,153,Referendum Item #2 - On A Fair Criminal Justice System,,DEM,No,51,16,35
Travis,153,Referendum Item #3 - On Climate,,DEM,No,55,24,31
Travis,153,Referendum Item #4 - On The Voting Rights Act,,DEM,No,64,16,48
Travis,153,Referendum Item #5 - On Campus Carry,,DEM,No,138,43,95
Travis,153,Referendum Item #6 - On Comprehensive Immigration Reform,,DEM,No,74,31,43
Travis,154,Referendum Item #1 - On Economic Security & Prosperity,,DEM,No,32,12,20
Travis,154,Referendum Item #2 - On A Fair Criminal Justice System,,DEM,No,18,8,10
Travis,154,Referendum Item #3 - On Climate,,DEM,No,34,14,20
Travis,154,Referendum Item #4 - On The Voting Rights Act,,DEM,No,37,13,24
Travis,154,Referendum Item #5 - On Campus Carry,,DEM,No,85,31,54
Travis,154,Referendum Item #6 - On Comprehensive Immigration Reform,,DEM,No,40,16,24
Travis,156,Referendum Item #1 - On Economic Security & Prosperity,,DEM,No,45,23,22
Travis,156,Referendum Item #2 - On A Fair Criminal Justice System,,DEM,No,32,12,20
Travis,156,Referendum Item #3 - On Climate,,DEM,No,45,14,31
Travis,156,Referendum Item #4 - On The Voting Rights Act,,DEM,No,92,29,63
Travis,156,Referendum Item #5 - On Campus Carry,,DEM,No,150,57,93
Travis,156,Referendum Item #6 - On Comprehensive Immigration Reform,,DEM,No,73,31,42
Travis,160,Referendum Item #1 - On Economic Security & Prosperity,,DEM,No,25,4,21
Travis,160,Referendum Item #2 - On A Fair Criminal Justice System,,DEM,No,13,2,11
Travis,160,Referendum Item #3 - On Climate,,DEM,No,22,2,20
Travis,160,Referendum Item #4 - On The Voting Rights Act,,DEM,No,19,3,16
Travis,160,Referendum Item #5 - On Campus Carry,,DEM,No,51,11,40
Travis,160,Referendum Item #6 - On Comprehensive Immigration Reform,,DEM,No,24,11,13
Travis,161,Referendum Item #1 - On Economic Security & Prosperity,,DEM,No,6,1,5
Travis,161,Referendum Item #2 - On A Fair Criminal Justice System,,DEM,No,6,2,4
Travis,161,Referendum Item #3 - On Climate,,DEM,No,9,3,6
Travis,161,Referendum Item #4 - On The Voting Rights Act,,DEM,No,15,7,8
Travis,161,Referendum Item #5 - On Campus Carry,,DEM,No,34,11,23
Travis,161,Referendum Item #6 - On Comprehensive Immigration Reform,,DEM,No,21,6,15
Travis,163,Referendum Item #1 - On Economic Security & Prosperity,,DEM,No,2,1,1
Travis,163,Referendum Item #2 - On A Fair Criminal Justice System,,DEM,No,1,0,1
Travis,163,Referendum Item #3 - On Climate,,DEM,No,0,0,0
Travis,163,Referendum Item #4 - On The Voting Rights Act,,DEM,No,2,1,1
Travis,163,Referendum Item #5 - On Campus Carry,,DEM,No,4,3,1
Travis,163,Referendum Item #6 - On Comprehensive Immigration Reform,,DEM,No,2,0,2
Travis,164,Referendum Item #1 - On Economic Security & Prosperity,,DEM,No,19,9,10
Travis,164,Referendum Item #2 - On A Fair Criminal Justice System,,DEM,No,14,5,9
Travis,164,Referendum Item #3 - On Climate,,DEM,No,16,5,11
Travis,164,Referendum Item #4 - On The Voting Rights Act,,DEM,No,19,12,7
Travis,164,Referendum Item #5 - On Campus Carry,,DEM,No,55,17,38
Travis,164,Referendum Item #6 - On Comprehensive Immigration Reform,,DEM,No,28,13,15
Travis,200,Referendum Item #1 - On Economic Security & Prosperity,,DEM,No,46,24,22
Travis,200,Referendum Item #2 - On A Fair Criminal Justice System,,DEM,No,48,20,28
Travis,200,Referendum Item #3 - On Climate,,DEM,No,24,10,14
Travis,200,Referendum Item #4 - On The Voting Rights Act,,DEM,No,88,38,50
Travis,200,Referendum Item #5 - On Campus Carry,,DEM,No,95,30,65
Travis,200,Referendum Item #6 - On Comprehensive Immigration Reform,,DEM,No,49,22,27
Travis,202,Referendum Item #1 - On Economic Security & Prosperity,,DEM,No,35,19,16
Travis,202,Referendum Item #2 - On A Fair Criminal Justice System,,DEM,No,23,9,14
Travis,202,Referendum Item #3 - On Climate,,DEM,No,14,7,7
Travis,202,Referendum Item #4 - On The Voting Rights Act,,DEM,No,39,11,28
Travis,202,Referendum Item #5 - On Campus Carry,,DEM,No,58,28,30
Travis,202,Referendum Item #6 - On Comprehensive Immigration Reform,,DEM,No,31,14,17
Travis,203,Referendum Item #1 - On Economic Security & Prosperity,,DEM,No,11,3,8
Travis,203,Referendum Item #2 - On A Fair Criminal Justice System,,DEM,No,10,2,8
Travis,203,Referendum Item #3 - On Climate,,DEM,No,7,3,4
Travis,203,Referendum Item #4 - On The Voting Rights Act,,DEM,No,12,4,8
Travis,203,Referendum Item #5 - On Campus Carry,,DEM,No,24,4,20
Travis,203,Referendum Item #6 - On Comprehensive Immigration Reform,,DEM,No,14,4,10
Travis,205,Referendum Item #1 - On Economic Security & Prosperity,,DEM,No,23,7,16
Travis,205,Referendum Item #2 - On A Fair Criminal Justice System,,DEM,No,16,3,13
Travis,205,Referendum Item #3 - On Climate,,DEM,No,11,2,9
Travis,205,Referendum Item #4 - On The Voting Rights Act,,DEM,No,26,4,22
Travis,205,Referendum Item #5 - On Campus Carry,,DEM,No,45,16,29
Travis,205,Referendum Item #6 - On Comprehensive Immigration Reform,,DEM,No,26,10,16
Travis,206,Referendum Item #1 - On Economic Security & Prosperity,,DEM,No,12,5,7
Travis,206,Referendum Item #2 - On A Fair Criminal Justice System,,DEM,No,9,4,5
Travis,206,Referendum Item #3 - On Climate,,DEM,No,4,2,2
Travis,206,Referendum Item #4 - On The Voting Rights Act,,DEM,No,19,8,11
Travis,206,Referendum Item #5 - On Campus Carry,,DEM,No,28,11,17
Travis,206,Referendum Item #6 - On Comprehensive Immigration Reform,,DEM,No,9,2,7
Travis,207,Referendum Item #1 - On Economic Security & Prosperity,,DEM,No,53,14,39
Travis,207,Referendum Item #2 - On A Fair Criminal Justice System,,DEM,No,25,9,16
Travis,207,Referendum Item #3 - On Climate,,DEM,No,26,9,17
Travis,207,Referendum Item #4 - On The Voting Rights Act,,DEM,No,46,17,29
Travis,207,Referendum Item #5 - On Campus Carry,,DEM,No,114,35,79
Travis,207,Referendum Item #6 - On Comprehensive Immigration Reform,,DEM,No,41,19,22
Travis,208,Referendum Item #1 - On Economic Security & Prosperity,,DEM,No,67,35,32
Travis,208,Referendum Item #2 - On A Fair Criminal Justice System,,DEM,No,36,24,12
Travis,208,Referendum Item #3 - On Climate,,DEM,No,21,14,7
Travis,208,Referendum Item #4 - On The Voting Rights Act,,DEM,No,77,47,30
Travis,208,Referendum Item #5 - On Campus Carry,,DEM,No,137,65,72
Travis,208,Referendum Item #6 - On Comprehensive Immigration Reform,,DEM,No,42,17,25
Travis,209,Referendum Item #1 - On Economic Security & Prosperity,,DEM,No,9,4,5
Travis,209,Referendum Item #2 - On A Fair Criminal Justice System,,DEM,No,16,8,8
Travis,209,Referendum Item #3 - On Climate,,DEM,No,13,2,11
Travis,209,Referendum Item #4 - On The Voting Rights Act,,DEM,No,18,6,12
Travis,209,Referendum Item #5 - On Campus Carry,,DEM,No,27,8,19
Travis,209,Referendum Item #6 - On Comprehensive Immigration Reform,,DEM,No,22,6,16
Travis,210,Referendum Item #1 - On Economic Security & Prosperity,,DEM,No,32,21,11
Travis,210,Referendum Item #2 - On A Fair Criminal Justice System,,DEM,No,20,10,10
Travis,210,Referendum Item #3 - On Climate,,DEM,No,16,10,6
Travis,210,Referendum Item #4 - On The Voting Rights Act,,DEM,No,25,13,12
Travis,210,Referendum Item #5 - On Campus Carry,,DEM,No,23,16,7
Travis,210,Referendum Item #6 - On Comprehensive Immigration Reform,,DEM,No,20,12,8
Travis,211,Referendum Item #1 - On Economic Security & Prosperity,,DEM,No,31,10,21
Travis,211,Referendum Item #2 - On A Fair Criminal Justice System,,DEM,No,19,5,14
Travis,211,Referendum Item #3 - On Climate,,DEM,No,31,9,22
Travis,211,Referendum Item #4 - On The Voting Rights Act,,DEM,No,37,10,27
Travis,211,Referendum Item #5 - On Campus Carry,,DEM,No,50,18,32
Travis,211,Referendum Item #6 - On Comprehensive Immigration Reform,,DEM,No,25,9,16
Travis,212,Referendum Item #1 - On Economic Security & Prosperity,,DEM,No,49,23,26
Travis,212,Referendum Item #2 - On A Fair Criminal Justice System,,DEM,No,27,10,17
Travis,212,Referendum Item #3 - On Climate,,DEM,No,32,16,16
Travis,212,Referendum Item #4 - On The Voting Rights Act,,DEM,No,28,18,10
Travis,212,Referendum Item #5 - On Campus Carry,,DEM,No,38,19,19
Travis,212,Referendum Item #6 - On Comprehensive Immigration Reform,,DEM,No,25,19,6
Travis,213,Referendum Item #1 - On Economic Security & Prosperity,,DEM,No,0,0,0
Travis,213,Referendum Item #2 - On A Fair Criminal Justice System,,DEM,No,0,0,0
Travis,213,Referendum Item #3 - On Climate,,DEM,No,0,0,0
Travis,213,Referendum Item #4 - On The Voting Rights Act,,DEM,No,0,0,0
Travis,213,Referendum Item #5 - On Campus Carry,,DEM,No,0,0,0
Travis,213,Referendum Item #6 - On Comprehensive Immigration Reform,,DEM,No,0,0,0
Travis,214,Referendum Item #1 - On Economic Security & Prosperity,,DEM,No,51,18,33
Travis,214,Referendum Item #2 - On A Fair Criminal Justice System,,DEM,No,31,12,19
Travis,214,Referendum Item #3 - On Climate,,DEM,No,24,11,13
Travis,214,Referendum Item #4 - On The Voting Rights Act,,DEM,No,50,17,33
Travis,214,Referendum Item #5 - On Campus Carry,,DEM,No,38,14,24
Travis,214,Referendum Item #6 - On Comprehensive Immigration Reform,,DEM,No,28,11,17
Travis,215,Referendum Item #1 - On Economic Security & Prosperity,,DEM,No,26,5,21
Travis,215,Referendum Item #2 - On A Fair Criminal Justice System,,DEM,No,14,2,12
Travis,215,Referendum Item #3 - On Climate,,DEM,No,18,9,9
Travis,215,Referendum Item #4 - On The Voting Rights Act,,DEM,No,28,10,18
Travis,215,Referendum Item #5 - On Campus Carry,,DEM,No,56,9,47
Travis,215,Referendum Item #6 - On Comprehensive Immigration Reform,,DEM,No,25,6,19
Travis,216,Referendum Item #1 - On Economic Security & Prosperity,,DEM,No,13,7,6
Travis,216,Referendum Item #2 - On A Fair Criminal Justice System,,DEM,No,6,3,3
Travis,216,Referendum Item #3 - On Climate,,DEM,No,17,4,13
Travis,216,Referendum Item #4 - On The Voting Rights Act,,DEM,No,24,11,13
Travis,216,Referendum Item #5 - On Campus Carry,,DEM,No,48,12,36
Travis,216,Referendum Item #6 - On Comprehensive Immigration Reform,,DEM,No,24,10,14
Travis,217,Referendum Item #1 - On Economic Security & Prosperity,,DEM,No,20,6,14
Travis,217,Referendum Item #2 - On A Fair Criminal Justice System,,DEM,No,18,7,11
Travis,217,Referendum Item #3 - On Climate,,DEM,No,16,5,11
Travis,217,Referendum Item #4 - On The Voting Rights Act,,DEM,No,41,10,31
Travis,217,Referendum Item #5 - On Campus Carry,,DEM,No,57,23,34
Travis,217,Referendum Item #6 - On Comprehensive Immigration Reform,,DEM,No,26,6,20
Travis,218,Referendum Item #1 - On Economic Security & Prosperity,,DEM,No,49,19,30
Travis,218,Referendum Item #2 - On A Fair Criminal Justice System,,DEM,No,26,6,20
Travis,218,Referendum Item #3 - On Climate,,DEM,No,18,6,12
Travis,218,Referendum Item #4 - On The Voting Rights Act,,DEM,No,52,12,40
Travis,218,Referendum Item #5 - On Campus Carry,,DEM,No,101,30,71
Travis,218,Referendum Item #6 - On Comprehensive Immigration Reform,,DEM,No,61,21,40
Travis,219,Referendum Item #1 - On Economic Security & Prosperity,,DEM,No,27,9,18
Travis,219,Referendum Item #2 - On A Fair Criminal Justice System,,DEM,No,24,9,15
Travis,219,Referendum Item #3 - On Climate,,DEM,No,18,7,11
Travis,219,Referendum Item #4 - On The Voting Rights Act,,DEM,No,39,14,25
Travis,219,Referendum Item #5 - On Campus Carry,,DEM,No,82,29,53
Travis,219,Referendum Item #6 - On Comprehensive Immigration Reform,,DEM,No,43,12,31
Travis,220,Referendum Item #1 - On Economic Security & Prosperity,,DEM,No,38,23,15
Travis,220,Referendum Item #2 - On A Fair Criminal Justice System,,DEM,No,15,9,6
Travis,220,Referendum Item #3 - On Climate,,DEM,No,13,11,2
Travis,220,Referendum Item #4 - On The Voting Rights Act,,DEM,No,23,15,8
Travis,220,Referendum Item #5 - On Campus Carry,,DEM,No,18,13,5
Travis,220,Referendum Item #6 - On Comprehensive Immigration Reform,,DEM,No,22,14,8
Travis,221,Referendum Item #1 - On Economic Security & Prosperity,,DEM,No,10,4,6
Travis,221,Referendum Item #2 - On A Fair Criminal Justice System,,DEM,No,5,3,2
Travis,221,Referendum Item #3 - On Climate,,DEM,No,7,4,3
Travis,221,Referendum Item #4 - On The Voting Rights Act,,DEM,No,12,7,5
Travis,221,Referendum Item #5 - On Campus Carry,,DEM,No,6,2,4
Travis,221,Referendum Item #6 - On Comprehensive Immigration Reform,,DEM,No,7,4,3
Travis,222,Referendum Item #1 - On Economic Security & Prosperity,,DEM,No,37,11,26
Travis,222,Referendum Item #2 - On A Fair Criminal Justice System,,DEM,No,31,10,21
Travis,222,Referendum Item #3 - On Climate,,DEM,No,31,11,20
Travis,222,Referendum Item #4 - On The Voting Rights Act,,DEM,No,56,16,40
Travis,222,Referendum Item #5 - On Campus Carry,,DEM,No,83,22,61
Travis,222,Referendum Item #6 - On Comprehensive Immigration Reform,,DEM,No,51,16,35
Travis,223,Referendum Item #1 - On Economic Security & Prosperity,,DEM,No,7,3,4
Travis,223,Referendum Item #2 - On A Fair Criminal Justice System,,DEM,No,7,4,3
Travis,223,Referendum Item #3 - On Climate,,DEM,No,9,3,6
Travis,223,Referendum Item #4 - On The Voting Rights Act,,DEM,No,6,1,5
Travis,223,Referendum Item #5 - On Campus Carry,,DEM,No,20,10,10
Travis,223,Referendum Item #6 - On Comprehensive Immigration Reform,,DEM,No,8,4,4
Travis,224,Referendum Item #1 - On Economic Security & Prosperity,,DEM,No,1,1,0
Travis,224,Referendum Item #2 - On A Fair Criminal Justice System,,DEM,No,2,1,1
Travis,224,Referendum Item #3 - On Climate,,DEM,No,2,2,0
Travis,224,Referendum Item #4 - On The Voting Rights Act,,DEM,No,2,2,0
Travis,224,Referendum Item #5 - On Campus Carry,,DEM,No,3,1,2
Travis,224,Referendum Item #6 - On Comprehensive Immigration Reform,,DEM,No,4,3,1
Travis,225,Referendum Item #1 - On Economic Security & Prosperity,,DEM,No,40,10,30
Travis,225,Referendum Item #2 - On A Fair Criminal Justice System,,DEM,No,18,7,11
Travis,225,Referendum Item #3 - On Climate,,DEM,No,24,6,18
Travis,225,Referendum Item #4 - On The Voting Rights Act,,DEM,No,46,19,27
Travis,225,Referendum Item #5 - On Campus Carry,,DEM,No,93,33,60
Travis,225,Referendum Item #6 - On Comprehensive Immigration Reform,,DEM,No,32,9,23
Travis,226,Referendum Item #1 - On Economic Security & Prosperity,,DEM,No,17,8,9
Travis,226,Referendum Item #2 - On A Fair Criminal Justice System,,DEM,No,10,2,8
Travis,226,Referendum Item #3 - On Climate,,DEM,No,18,9,9
Travis,226,Referendum Item #4 - On The Voting Rights Act,,DEM,No,30,9,21
Travis,226,Referendum Item #5 - On Campus Carry,,DEM,No,52,20,32
Travis,226,Referendum Item #6 - On Comprehensive Immigration Reform,,DEM,No,25,12,13
Travis,227,Referendum Item #1 - On Economic Security & Prosperity,,DEM,No,6,2,4
Travis,227,Referendum Item #2 - On A Fair Criminal Justice System,,DEM,No,3,1,2
Travis,227,Referendum Item #3 - On Climate,,DEM,No,7,2,5
Travis,227,Referendum Item #4 - On The Voting Rights Act,,DEM,No,6,3,3
Travis,227,Referendum Item #5 - On Campus Carry,,DEM,No,17,5,12
Travis,227,Referendum Item #6 - On Comprehensive Immigration Reform,,DEM,No,7,2,5
Travis,228,Referendum Item #1 - On Economic Security & Prosperity,,DEM,No,29,13,16
Travis,228,Referendum Item #2 - On A Fair Criminal Justice System,,DEM,No,14,7,7
Travis,228,Referendum Item #3 - On Climate,,DEM,No,10,3,7
Travis,228,Referendum Item #4 - On The Voting Rights Act,,DEM,No,29,15,14
Travis,228,Referendum Item #5 - On Campus Carry,,DEM,No,30,11,19
Travis,228,Referendum Item #6 - On Comprehensive Immigration Reform,,DEM,No,18,11,7
Travis,229,Referendum Item #1 - On Economic Security & Prosperity,,DEM,No,26,14,12
Travis,229,Referendum Item #2 - On A Fair Criminal Justice System,,DEM,No,20,5,15
Travis,229,Referendum Item #3 - On Climate,,DEM,No,18,9,9
Travis,229,Referendum Item #4 - On The Voting Rights Act,,DEM,No,45,16,29
Travis,229,Referendum Item #5 - On Campus Carry,,DEM,No,55,22,33
Travis,229,Referendum Item #6 - On Comprehensive Immigration Reform,,DEM,No,26,17,9
Travis,231,Referendum Item #1 - On Economic Security & Prosperity,,DEM,No,64,26,38
Travis,231,Referendum Item #2 - On A Fair Criminal Justice System,,DEM,No,29,11,18
Travis,231,Referendum Item #3 - On Climate,,DEM,No,26,10,16
Travis,231,Referendum Item #4 - On The Voting Rights Act,,DEM,No,42,19,23
Travis,231,Referendum Item #5 - On Campus Carry,,DEM,No,41,12,29
Travis,231,Referendum Item #6 - On Comprehensive Immigration Reform,,DEM,No,24,8,16
Travis,232,Referendum Item #1 - On Economic Security & Prosperity,,DEM,No,53,27,26
Travis,232,Referendum Item #2 - On A Fair Criminal Justice System,,DEM,No,20,10,10
Travis,232,Referendum Item #3 - On Climate,,DEM,No,21,11,10
Travis,232,Referendum Item #4 - On The Voting Rights Act,,DEM,No,50,18,32
Travis,232,Referendum Item #5 - On Campus Carry,,DEM,No,52,22,30
Travis,232,Referendum Item #6 - On Comprehensive Immigration Reform,,DEM,No,41,20,21
Travis,233,Referendum Item #1 - On Economic Security & Prosperity,,DEM,No,36,9,27
Travis,233,Referendum Item #2 - On A Fair Criminal Justice System,,DEM,No,17,6,11
Travis,233,Referendum Item #3 - On Climate,,DEM,No,14,5,9
Travis,233,Referendum Item #4 - On The Voting Rights Act,,DEM,No,38,13,25
Travis,233,Referendum Item #5 - On Campus Carry,,DEM,No,34,12,22
Travis,233,Referendum Item #6 - On Comprehensive Immigration Reform,,DEM,No,20,6,14
Travis,234,Referendum Item #1 - On Economic Security & Prosperity,,DEM,No,29,13,16
Travis,234,Referendum Item #2 - On A Fair Criminal Justice System,,DEM,No,10,6,4
Travis,234,Referendum Item #3 - On Climate,,DEM,No,8,6,2
Travis,234,Referendum Item #4 - On The Voting Rights Act,,DEM,No,17,6,11
Travis,234,Referendum Item #5 - On Campus Carry,,DEM,No,25,13,12
Travis,234,Referendum Item #6 - On Comprehensive Immigration Reform,,DEM,No,17,7,10
Travis,235,Referendum Item #1 - On Economic Security & Prosperity,,DEM,No,31,16,15
Travis,235,Referendum Item #2 - On A Fair Criminal Justice System,,DEM,No,25,8,17
Travis,235,Referendum Item #3 - On Climate,,DEM,No,20,6,14
Travis,235,Referendum Item #4 - On The Voting Rights Act,,DEM,No,56,16,40
Travis,235,Referendum Item #5 - On Campus Carry,,DEM,No,57,25,32
Travis,235,Referendum Item #6 - On Comprehensive Immigration Reform,,DEM,No,30,18,12
Travis,236,Referendum Item #1 - On Economic Security & Prosperity,,DEM,No,59,20,39
Travis,236,Referendum Item #2 - On A Fair Criminal Justice System,,DEM,No,30,13,17
Travis,236,Referendum Item #3 - On Climate,,DEM,No,25,7,18
Travis,236,Referendum Item #4 - On The Voting Rights Act,,DEM,No,62,20,42
Travis,236,Referendum Item #5 - On Campus Carry,,DEM,No,50,11,39
Travis,236,Referendum Item #6 - On Comprehensive Immigration Reform,,DEM,No,42,15,27
Travis,237,Referendum Item #1 - On Economic Security & Prosperity,,DEM,No,31,11,20
Travis,237,Referendum Item #2 - On A Fair Criminal Justice System,,DEM,No,20,8,12
Travis,237,Referendum Item #3 - On Climate,,DEM,No,16,5,11
Travis,237,Referendum Item #4 - On The Voting Rights Act,,DEM,No,22,9,13
Travis,237,Referendum Item #5 - On Campus Carry,,DEM,No,22,6,16
Travis,237,Referendum Item #6 - On Comprehensive Immigration Reform,,DEM,No,18,8,10
Travis,238,Referendum Item #1 - On Economic Security & Prosperity,,DEM,No,54,14,40
Travis,238,Referendum Item #2 - On A Fair Criminal Justice System,,DEM,No,29,10,19
Travis,238,Referendum Item #3 - On Climate,,DEM,No,20,6,14
Travis,238,Referendum Item #4 - On The Voting Rights Act,,DEM,No,44,8,36
Travis,238,Referendum Item #5 - On Campus Carry,,DEM,No,38,16,22
Travis,238,Referendum Item #6 - On Comprehensive Immigration Reform,,DEM,No,18,5,13
Travis,239,Referendum Item #1 - On Economic Security & Prosperity,,DEM,No,58,24,34
Travis,239,Referendum Item #2 - On A Fair Criminal Justice System,,DEM,No,35,18,17
Travis,239,Referendum Item #3 - On Climate,,DEM,No,32,16,16
Travis,239,Referendum Item #4 - On The Voting Rights Act,,DEM,No,50,18,32
Travis,239,Referendum Item #5 - On Campus Carry,,DEM,No,48,25,23
Travis,239,Referendum Item #6 - On Comprehensive Immigration Reform,,DEM,No,30,16,14
Travis,240,Referendum Item #1 - On Economic Security & Prosperity,,DEM,No,16,5,11
Travis,240,Referendum Item #2 - On A Fair Criminal Justice System,,DEM,No,3,1,2
Travis,240,Referendum Item #3 - On Climate,,DEM,No,8,3,5
Travis,240,Referendum Item #4 - On The Voting Rights Act,,DEM,No,18,3,15
Travis,240,Referendum Item #5 - On Campus Carry,,DEM,No,22,5,17
Travis,240,Referendum Item #6 - On Comprehensive Immigration Reform,,DEM,No,8,1,7
Travis,241,Referendum Item #1 - On Economic Security & Prosperity,,DEM,No,26,11,15
Travis,241,Referendum Item #2 - On A Fair Criminal Justice System,,DEM,No,13,6,7
Travis,241,Referendum Item #3 - On Climate,,DEM,No,9,6,3
Travis,241,Referendum Item #4 - On The Voting Rights Act,,DEM,No,20,7,13
Travis,241,Referendum Item #5 - On Campus Carry,,DEM,No,30,9,21
Travis,241,Referendum Item #6 - On Comprehensive Immigration Reform,,DEM,No,19,11,8
Travis,242,Referendum Item #1 - On Economic Security & Prosperity,,DEM,No,79,42,37
Travis,242,Referendum Item #2 - On A Fair Criminal Justice System,,DEM,No,53,27,26
Travis,242,Referendum Item #3 - On Climate,,DEM,No,27,16,11
Travis,242,Referendum Item #4 - On The Voting Rights Act,,DEM,No,93,43,50
Travis,242,Referendum Item #5 - On Campus Carry,,DEM,No,117,46,71
Travis,242,Referendum Item #6 - On Comprehensive Immigration Reform,,DEM,No,68,34,34
Travis,243,Referendum Item #1 - On Economic Security & Prosperity,,DEM,No,24,9,15
Travis,243,Referendum Item #2 - On A Fair Criminal Justice System,,DEM,No,15,5,10
Travis,243,Referendum Item #3 - On Climate,,DEM,No,8,4,4
Travis,243,Referendum Item #4 - On The Voting Rights Act,,DEM,No,32,12,20
Travis,243,Referendum Item #5 - On Campus Carry,,DEM,No,36,19,17
Travis,243,Referendum Item #6 - On Comprehensive Immigration Reform,,DEM,No,21,10,11
Travis,244,Referendum Item #1 - On Economic Security & Prosperity,,DEM,No,41,18,23
Travis,244,Referendum Item #2 - On A Fair Criminal Justice System,,DEM,No,19,12,7
Travis,244,Referendum Item #3 - On Climate,,DEM,No,18,10,8
Travis,244,Referendum Item #4 - On The Voting Rights Act,,DEM,No,37,15,22
Travis,244,Referendum Item #5 - On Campus Carry,,DEM,No,50,18,32
Travis,244,Referendum Item #6 - On Comprehensive Immigration Reform,,DEM,No,31,16,15
Travis,245,Referendum Item #1 - On Economic Security & Prosperity,,DEM,No,12,2,10
Travis,245,Referendum Item #2 - On A Fair Criminal Justice System,,DEM,No,5,1,4
Travis,245,Referendum Item #3 - On Climate,,DEM,No,5,1,4
Travis,245,Referendum Item #4 - On The Voting Rights Act,,DEM,No,16,4,12
Travis,245,Referendum Item #5 - On Campus Carry,,DEM,No,17,5,12
Travis,245,Referendum Item #6 - On Comprehensive Immigration Reform,,DEM,No,9,1,8
Travis,246,Referendum Item #1 - On Economic Security & Prosperity,,DEM,No,14,6,8
Travis,246,Referendum Item #2 - On A Fair Criminal Justice System,,DEM,No,9,3,6
Travis,246,Referendum Item #3 - On Climate,,DEM,No,11,7,4
Travis,246,Referendum Item #4 - On The Voting Rights Act,,DEM,No,30,11,19
Travis,246,Referendum Item #5 - On Campus Carry,,DEM,No,29,12,17
Travis,246,Referendum Item #6 - On Comprehensive Immigration Reform,,DEM,No,19,7,12
Travis,247,Referendum Item #1 - On Economic Security & Prosperity,,DEM,No,15,6,9
Travis,247,Referendum Item #2 - On A Fair Criminal Justice System,,DEM,No,6,2,4
Travis,247,Referendum Item #3 - On Climate,,DEM,No,12,5,7
Travis,247,Referendum Item #4 - On The Voting Rights Act,,DEM,No,15,3,12
Travis,247,Referendum Item #5 - On Campus Carry,,DEM,No,10,2,8
Travis,247,Referendum Item #6 - On Comprehensive Immigration Reform,,DEM,No,10,2,8
Travis,248,Referendum Item #1 - On Economic Security & Prosperity,,DEM,No,39,23,16
Travis,248,Referendum Item #2 - On A Fair Criminal Justice System,,DEM,No,30,16,14
Travis,248,Referendum Item #3 - On Climate,,DEM,No,17,12,5
Travis,248,Referendum Item #4 - On The Voting Rights Act,,DEM,No,49,22,27
Travis,248,Referendum Item #5 - On Campus Carry,,DEM,No,64,27,37
Travis,248,Referendum Item #6 - On Comprehensive Immigration Reform,,DEM,No,36,19,17
Travis,249,Referendum Item #1 - On Economic Security & Prosperity,,DEM,No,44,14,30
Travis,249,Referendum Item #2 - On A Fair Criminal Justice System,,DEM,No,18,8,10
Travis,249,Referendum Item #3 - On Climate,,DEM,No,22,11,11
Travis,249,Referendum Item #4 - On The Voting Rights Act,,DEM,No,45,12,33
Travis,249,Referendum Item #5 - On Campus Carry,,DEM,No,54,17,37
Travis,249,Referendum Item #6 - On Comprehensive Immigration Reform,,DEM,No,28,9,19
Travis,250,Referendum Item #1 - On Economic Security & Prosperity,,DEM,No,66,33,33
Travis,250,Referendum Item #2 - On A Fair Criminal Justice System,,DEM,No,47,21,26
Travis,250,Referendum Item #3 - On Climate,,DEM,No,33,19,14
Travis,250,Referendum Item #4 - On The Voting Rights Act,,DEM,No,64,21,43
Travis,250,Referendum Item #5 - On Campus Carry,,DEM,No,87,27,60
Travis,250,Referendum Item #6 - On Comprehensive Immigration Reform,,DEM,No,45,16,29
Travis,251,Referendum Item #1 - On Economic Security & Prosperity,,DEM,No,47,17,30
Travis,251,Referendum Item #2 - On A Fair Criminal Justice System,,DEM,No,32,12,20
Travis,251,Referendum Item #3 - On Climate,,DEM,No,26,10,16
Travis,251,Referendum Item #4 - On The Voting Rights Act,,DEM,No,45,16,29
Travis,251,Referendum Item #5 - On Campus Carry,,DEM,No,43,14,29
Travis,251,Referendum Item #6 - On Comprehensive Immigration Reform,,DEM,No,30,14,16
Travis,252,Referendum Item #1 - On Economic Security & Prosperity,,DEM,No,26,15,11
Travis,252,Referendum Item #2 - On A Fair Criminal Justice System,,DEM,No,23,15,8
Travis,252,Referendum Item #3 - On Climate,,DEM,No,17,7,10
Travis,252,Referendum Item #4 - On The Voting Rights Act,,DEM,No,49,25,24
Travis,252,Referendum Item #5 - On Campus Carry,,DEM,No,53,25,28
Travis,252,Referendum Item #6 - On Comprehensive Immigration Reform,,DEM,No,35,18,17
Travis,253,Referendum Item #1 - On Economic Security & Prosperity,,DEM,No,56,24,32
Travis,253,Referendum Item #2 - On A Fair Criminal Justice System,,DEM,No,25,11,14
Travis,253,Referendum Item #3 - On Climate,,DEM,No,25,10,15
Travis,253,Referendum Item #4 - On The Voting Rights Act,,DEM,No,45,25,20
Travis,253,Referendum Item #5 - On Campus Carry,,DEM,No,39,9,30
Travis,253,Referendum Item #6 - On Comprehensive Immigration Reform,,DEM,No,27,13,14
Travis,254,Referendum Item #1 - On Economic Security & Prosperity,,DEM,No,48,15,33
Travis,254,Referendum Item #2 - On A Fair Criminal Justice System,,DEM,No,27,10,17
Travis,254,Referendum Item #3 - On Climate,,DEM,No,19,6,13
Travis,254,Referendum Item #4 - On The Voting Rights Act,,DEM,No,54,23,31
Travis,254,Referendum Item #5 - On Campus Carry,,DEM,No,49,10,39
Travis,254,Referendum Item #6 - On Comprehensive Immigration Reform,,DEM,No,44,14,30
Travis,256,Referendum Item #1 - On Economic Security & Prosperity,,DEM,No,28,13,15
Travis,256,Referendum Item #2 - On A Fair Criminal Justice System,,DEM,No,19,7,12
Travis,256,Referendum Item #3 - On Climate,,DEM,No,6,3,3
Travis,256,Referendum Item #4 - On The Voting Rights Act,,DEM,No,23,8,15
Travis,256,Referendum Item #5 - On Campus Carry,,DEM,No,16,7,9
Travis,256,Referendum Item #6 - On Comprehensive Immigration Reform,,DEM,No,11,5,6
Travis,258,Referendum Item #1 - On Economic Security & Prosperity,,DEM,No,37,16,21
Travis,258,Referendum Item #2 - On A Fair Criminal Justice System,,DEM,No,20,9,11
Travis,258,Referendum Item #3 - On Climate,,DEM,No,15,6,9
Travis,258,Referendum Item #4 - On The Voting Rights Act,,DEM,No,53,21,32
Travis,258,Referendum Item #5 - On Campus Carry,,DEM,No,72,18,54
Travis,258,Referendum Item #6 - On Comprehensive Immigration Reform,,DEM,No,28,13,15
Travis,259,Referendum Item #1 - On Economic Security & Prosperity,,DEM,No,29,6,23
Travis,259,Referendum Item #2 - On A Fair Criminal Justice System,,DEM,No,13,4,9
Travis,259,Referendum Item #3 - On Climate,,DEM,No,21,8,13
Travis,259,Referendum Item #4 - On The Voting Rights Act,,DEM,No,42,15,27
Travis,259,Referendum Item #5 - On Campus Carry,,DEM,No,59,17,42
Travis,259,Referendum Item #6 - On Comprehensive Immigration Reform,,DEM,No,37,13,24
Travis,260,Referendum Item #1 - On Economic Security & Prosperity,,DEM,No,15,6,9
Travis,260,Referendum Item #2 - On A Fair Criminal Justice System,,DEM,No,11,2,9
Travis,260,Referendum Item #3 - On Climate,,DEM,No,12,3,9
Travis,260,Referendum Item #4 - On The Voting Rights Act,,DEM,No,20,7,13
Travis,260,Referendum Item #5 - On Campus Carry,,DEM,No,31,8,23
Travis,260,Referendum Item #6 - On Comprehensive Immigration Reform,,DEM,No,18,5,13
Travis,262,Referendum Item #1 - On Economic Security & Prosperity,,DEM,No,63,27,36
Travis,262,Referendum Item #2 - On A Fair Criminal Justice System,,DEM,No,24,9,15
Travis,262,Referendum Item #3 - On Climate,,DEM,No,31,13,18
Travis,262,Referendum Item #4 - On The Voting Rights Act,,DEM,No,66,29,37
Travis,262,Referendum Item #5 - On Campus Carry,,DEM,No,69,21,48
Travis,262,Referendum Item #6 - On Comprehensive Immigration Reform,,DEM,No,49,16,33
Travis,263,Referendum Item #1 - On Economic Security & Prosperity,,DEM,No,43,16,27
Travis,263,Referendum Item #2 - On A Fair Criminal Justice System,,DEM,No,13,6,7
Travis,263,Referendum Item #3 - On Climate,,DEM,No,22,6,16
Travis,263,Referendum Item #4 - On The Voting Rights Act,,DEM,No,40,11,29
Travis,263,Referendum Item #5 - On Campus Carry,,DEM,No,75,28,47
Travis,263,Referendum Item #6 - On Comprehensive Immigration Reform,,DEM,No,33,10,23
Travis,266,Referendum Item #1 - On Economic Security & Prosperity,,DEM,No,9,5,4
Travis,266,Referendum Item #2 - On A Fair Criminal Justice System,,DEM,No,6,4,2
Travis,266,Referendum Item #3 - On Climate,,DEM,No,5,3,2
Travis,266,Referendum Item #4 - On The Voting Rights Act,,DEM,No,8,6,2
Travis,266,Referendum Item #5 - On Campus Carry,,DEM,No,7,4,3
Travis,266,Referendum Item #6 - On Comprehensive Immigration Reform,,DEM,No,7,6,1
Travis,267,Referendum Item #1 - On Economic Security & Prosperity,,DEM,No,13,7,6
Travis,267,Referendum Item #2 - On A Fair Criminal Justice System,,DEM,No,10,5,5
Travis,267,Referendum Item #3 - On Climate,,DEM,No,10,6,4
Travis,267,Referendum Item #4 - On The Voting Rights Act,,DEM,No,25,12,13
Travis,267,Referendum Item #5 - On Campus Carry,,DEM,No,30,17,13
Travis,267,Referendum Item #6 - On Comprehensive Immigration Reform,,DEM,No,15,8,7
Travis,268,Referendum Item #1 - On Economic Security & Prosperity,,DEM,No,8,2,6
Travis,268,Referendum Item #2 - On A Fair Criminal Justice System,,DEM,No,10,2,8
Travis,268,Referendum Item #3 - On Climate,,DEM,No,16,4,12
Travis,268,Referendum Item #4 - On The Voting Rights Act,,DEM,No,10,3,7
Travis,268,Referendum Item #5 - On Campus Carry,,DEM,No,25,7,18
Travis,268,Referendum Item #6 - On Comprehensive Immigration Reform,,DEM,No,16,2,14
Travis,273,Referendum Item #1 - On Economic Security & Prosperity,,DEM,No,67,24,43
Travis,273,Referendum Item #2 - On A Fair Criminal Justice System,,DEM,No,36,11,25
Travis,273,Referendum Item #3 - On Climate,,DEM,No,27,8,19
Travis,273,Referendum Item #4 - On The Voting Rights Act,,DEM,No,52,12,40
Travis,273,Referendum Item #5 - On Campus Carry,,DEM,No,53,16,37
Travis,273,Referendum Item #6 - On Comprehensive Immigration Reform,,DEM,No,39,10,29
Travis,274,Referendum Item #1 - On Economic Security & Prosperity,,DEM,No,40,11,29
Travis,274,Referendum Item #2 - On A Fair Criminal Justice System,,DEM,No,23,12,11
Travis,274,Referendum Item #3 - On Climate,,DEM,No,12,5,7
Travis,274,Referendum Item #4 - On The Voting Rights Act,,DEM,No,45,11,34
Travis,274,Referendum Item #5 - On Campus Carry,,DEM,No,57,19,38
Travis,274,Referendum Item #6 - On Comprehensive Immigration Reform,,DEM,No,27,6,21
Travis,275,Referendum Item #1 - On Economic Security & Prosperity,,DEM,No,31,12,19
Travis,275,Referendum Item #2 - On A Fair Criminal Justice System,,DEM,No,23,11,12
Travis,275,Referendum Item #3 - On Climate,,DEM,No,7,1,6
Travis,275,Referendum Item #4 - On The Voting Rights Act,,DEM,No,46,22,24
Travis,275,Referendum Item #5 - On Campus Carry,,DEM,No,58,21,37
Travis,275,Referendum Item #6 - On Comprehensive Immigration Reform,,DEM,No,31,10,21
Travis,277,Referendum Item #1 - On Economic Security & Prosperity,,DEM,No,56,34,22
Travis,277,Referendum Item #2 - On A Fair Criminal Justice System,,DEM,No,26,16,10
Travis,277,Referendum Item #3 - On Climate,,DEM,No,13,6,7
Travis,277,Referendum Item #4 - On The Voting Rights Act,,DEM,No,55,34,21
Travis,277,Referendum Item #5 - On Campus Carry,,DEM,No,78,47,31
Travis,277,Referendum Item #6 - On Comprehensive Immigration Reform,,DEM,No,31,17,14
Travis,301,Referendum Item #1 - On Economic Security & Prosperity,,DEM,No,12,3,9
Travis,301,Referendum Item #2 - On A Fair Criminal Justice System,,DEM,No,7,1,6
Travis,301,Referendum Item #3 - On Climate,,DEM,No,4,0,4
Travis,301,Referendum Item #4 - On The Voting Rights Act,,DEM,No,21,8,13
Travis,301,Referendum Item #5 - On Campus Carry,,DEM,No,24,5,19
Travis,301,Referendum Item #6 - On Comprehensive Immigration Reform,,DEM,No,9,2,7
Travis,302,Referendum Item #1 - On Economic Security & Prosperity,,DEM,No,46,18,28
Travis,302,Referendum Item #2 - On A Fair Criminal Justice System,,DEM,No,22,10,12
Travis,302,Referendum Item #3 - On Climate,,DEM,No,23,14,9
Travis,302,Referendum Item #4 - On The Voting Rights Act,,DEM,No,46,19,27
Travis,302,Referendum Item #5 - On Campus Carry,,DEM,No,63,24,39
Travis,302,Referendum Item #6 - On Comprehensive Immigration Reform,,DEM,No,38,16,22
Travis,303,Referendum Item #1 - On Economic Security & Prosperity,,DEM,No,36,18,18
Travis,303,Referendum Item #2 - On A Fair Criminal Justice System,,DEM,No,23,9,14
Travis,303,Referendum Item #3 - On Climate,,DEM,No,16,11,5
Travis,303,Referendum Item #4 - On The Voting Rights Act,,DEM,No,38,17,21
Travis,303,Referendum Item #5 - On Campus Carry,,DEM,No,55,23,32
Travis,303,Referendum Item #6 - On Comprehensive Immigration Reform,,DEM,No,31,12,19
Travis,304,Referendum Item #1 - On Economic Security & Prosperity,,DEM,No,65,26,39
Travis,304,Referendum Item #2 - On A Fair Criminal Justice System,,DEM,No,40,12,28
Travis,304,Referendum Item #3 - On Climate,,DEM,No,34,14,20
Travis,304,Referendum Item #4 - On The Voting Rights Act,,DEM,No,48,23,25
Travis,304,Referendum Item #5 - On Campus Carry,,DEM,No,57,24,33
Travis,304,Referendum Item #6 - On Comprehensive Immigration Reform,,DEM,No,43,15,28
Travis,305,Referendum Item #1 - On Economic Security & Prosperity,,DEM,No,0,0,0
Travis,305,Referendum Item #2 - On A Fair Criminal Justice System,,DEM,No,0,0,0
Travis,305,Referendum Item #3 - On Climate,,DEM,No,0,0,0
Travis,305,Referendum Item #4 - On The Voting Rights Act,,DEM,No,0,0,0
Travis,305,Referendum Item #5 - On Campus Carry,,DEM,No,0,0,0
Travis,305,Referendum Item #6 - On Comprehensive Immigration Reform,,DEM,No,0,0,0
Travis,306,Referendum Item #1 - On Economic Security & Prosperity,,DEM,No,26,15,11
Travis,306,Referendum Item #2 - On A Fair Criminal Justice System,,DEM,No,11,6,5
Travis,306,Referendum Item #3 - On Climate,,DEM,No,11,7,4
Travis,306,Referendum Item #4 - On The Voting Rights Act,,DEM,No,26,16,10
Travis,306,Referendum Item #5 - On Campus Carry,,DEM,No,34,21,13
Travis,306,Referendum Item #6 - On Comprehensive Immigration Reform,,DEM,No,15,7,8
Travis,307,Referendum Item #1 - On Economic Security & Prosperity,,DEM,No,24,12,12
Travis,307,Referendum Item #2 - On A Fair Criminal Justice System,,DEM,No,11,4,7
Travis,307,Referendum Item #3 - On Climate,,DEM,No,10,7,3
Travis,307,Referendum Item #4 - On The Voting Rights Act,,DEM,No,22,11,11
Travis,307,Referendum Item #5 - On Campus Carry,,DEM,No,19,6,13
Travis,307,Referendum Item #6 - On Comprehensive Immigration Reform,,DEM,No,15,9,6
Travis,308,Referendum Item #1 - On Economic Security & Prosperity,,DEM,No,46,23,23
Travis,308,Referendum Item #2 - On A Fair Criminal Justice System,,DEM,No,33,14,19
Travis,308,Referendum Item #3 - On Climate,,DEM,No,27,13,14
Travis,308,Referendum Item #4 - On The Voting Rights Act,,DEM,No,52,26,26
Travis,308,Referendum Item #5 - On Campus Carry,,DEM,No,73,23,50
Travis,308,Referendum Item #6 - On Comprehensive Immigration Reform,,DEM,No,39,16,23
Travis,309,Referendum Item #1 - On Economic Security & Prosperity,,DEM,No,38,21,17
Travis,309,Referendum Item #2 - On A Fair Criminal Justice System,,DEM,No,26,13,13
Travis,309,Referendum Item #3 - On Climate,,DEM,No,21,11,10
Travis,309,Referendum Item #4 - On The Voting Rights Act,,DEM,No,52,23,29
Travis,309,Referendum Item #5 - On Campus Carry,,DEM,No,63,29,34
Travis,309,Referendum Item #6 - On Comprehensive Immigration Reform,,DEM,No,25,11,14
Travis,310,Referendum Item #1 - On Economic Security & Prosperity,,DEM,No,63,34,29
Travis,310,Referendum Item #2 - On A Fair Criminal Justice System,,DEM,No,27,10,17
Travis,310,Referendum Item #3 - On Climate,,DEM,No,41,21,20
Travis,310,Referendum Item #4 - On The Voting Rights Act,,DEM,No,66,34,32
Travis,310,Referendum Item #5 - On Campus Carry,,DEM,No,114,37,77
Travis,310,Referendum Item #6 - On Comprehensive Immigration Reform,,DEM,No,66,26,40
Travis,311,Referendum Item #1 - On Economic Security & Prosperity,,DEM,No,46,23,23
Travis,311,Referendum Item #2 - On A Fair Criminal Justice System,,DEM,No,20,11,9
Travis,311,Referendum Item #3 - On Climate,,DEM,No,17,9,8
Travis,311,Referendum Item #4 - On The Voting Rights Act,,DEM,No,50,25,25
Travis,311,Referendum Item #5 - On Campus Carry,,DEM,No,88,45,43
Travis,311,Referendum Item #6 - On Comprehensive Immigration Reform,,DEM,No,22,11,11
Travis,312,Referendum Item #1 - On Economic Security & Prosperity,,DEM,No,18,8,10
Travis,312,Referendum Item #2 - On A Fair Criminal Justice System,,DEM,No,9,4,5
Travis,312,Referendum Item #3 - On Climate,,DEM,No,6,5,1
Travis,312,Referendum Item #4 - On The Voting Rights Act,,DEM,No,14,6,8
Travis,312,Referendum Item #5 - On Campus Carry,,DEM,No,38,18,20
Travis,312,Referendum Item #6 - On Comprehensive Immigration Reform,,DEM,No,15,9,6
Travis,313,Referendum Item #1 - On Economic Security & Prosperity,,DEM,No,4,1,3
Travis,313,Referendum Item #2 - On A Fair Criminal Justice System,,DEM,No,1,1,0
Travis,313,Referendum Item #3 - On Climate,,DEM,No,3,2,1
Travis,313,Referendum Item #4 - On The Voting Rights Act,,DEM,No,5,3,2
Travis,313,Referendum Item #5 - On Campus Carry,,DEM,No,5,3,2
Travis,313,Referendum Item #6 - On Comprehensive Immigration Reform,,DEM,No,0,0,0
Travis,314,Referendum Item #1 - On Economic Security & Prosperity,,DEM,No,39,18,21
Travis,314,Referendum Item #2 - On A Fair Criminal Justice System,,DEM,No,19,5,14
Travis,314,Referendum Item #3 - On Climate,,DEM,No,19,9,10
Travis,314,Referendum Item #4 - On The Voting Rights Act,,DEM,No,28,12,16
Travis,314,Referendum Item #5 - On Campus Carry,,DEM,No,45,13,32
Travis,314,Referendum Item #6 - On Comprehensive Immigration Reform,,DEM,No,18,5,13
Travis,315,Referendum Item #1 - On Economic Security & Prosperity,,DEM,No,62,26,36
Travis,315,Referendum Item #2 - On A Fair Criminal Justice System,,DEM,No,40,15,25
Travis,315,Referendum Item #3 - On Climate,,DEM,No,42,25,17
Travis,315,Referendum Item #4 - On The Voting Rights Act,,DEM,No,64,30,34
Travis,315,Referendum Item #5 - On Campus Carry,,DEM,No,80,30,50
Travis,315,Referendum Item #6 - On Comprehensive Immigration Reform,,DEM,No,54,22,32
Travis,316,Referendum Item #1 - On Economic Security & Prosperity,,DEM,No,13,6,7
Travis,316,Referendum Item #2 - On A Fair Criminal Justice System,,DEM,No,10,4,6
Travis,316,Referendum Item #3 - On Climate,,DEM,No,12,3,9
Travis,316,Referendum Item #4 - On The Voting Rights Act,,DEM,No,29,13,16
Travis,316,Referendum Item #5 - On Campus Carry,,DEM,No,30,4,26
Travis,316,Referendum Item #6 - On Comprehensive Immigration Reform,,DEM,No,14,6,8
Travis,317,Referendum Item #1 - On Economic Security & Prosperity,,DEM,No,33,14,19
Travis,317,Referendum Item #2 - On A Fair Criminal Justice System,,DEM,No,18,11,7
Travis,317,Referendum Item #3 - On Climate,,DEM,No,16,8,8
Travis,317,Referendum Item #4 - On The Voting Rights Act,,DEM,No,29,11,18
Travis,317,Referendum Item #5 - On Campus Carry,,DEM,No,24,9,15
Travis,317,Referendum Item #6 - On Comprehensive Immigration Reform,,DEM,No,24,10,14
Travis,318,Referendum Item #1 - On Economic Security & Prosperity,,DEM,No,14,6,8
Travis,318,Referendum Item #2 - On A Fair Criminal Justice System,,DEM,No,7,3,4
Travis,318,Referendum Item #3 - On Climate,,DEM,No,4,3,1
Travis,318,Referendum Item #4 - On The Voting Rights Act,,DEM,No,11,4,7
Travis,318,Referendum Item #5 - On Campus Carry,,DEM,No,14,6,8
Travis,318,Referendum Item #6 - On Comprehensive Immigration Reform,,DEM,No,17,8,9
Travis,319,Referendum Item #1 - On Economic Security & Prosperity,,DEM,No,12,3,9
Travis,319,Referendum Item #2 - On A Fair Criminal Justice System,,DEM,No,10,6,4
Travis,319,Referendum Item #3 - On Climate,,DEM,No,12,4,8
Travis,319,Referendum Item #4 - On The Voting Rights Act,,DEM,No,26,11,15
Travis,319,Referendum Item #5 - On Campus Carry,,DEM,No,22,11,11
Travis,319,Referendum Item #6 - On Comprehensive Immigration Reform,,DEM,No,8,4,4
Travis,320,Referendum Item #1 - On Economic Security & Prosperity,,DEM,No,6,5,1
Travis,320,Referendum Item #2 - On A Fair Criminal Justice System,,DEM,No,8,7,1
Travis,320,Referendum Item #3 - On Climate,,DEM,No,7,6,1
Travis,320,Referendum Item #4 - On The Voting Rights Act,,DEM,No,13,10,3
Travis,320,Referendum Item #5 - On Campus Carry,,DEM,No,15,9,6
Travis,320,Referendum Item #6 - On Comprehensive Immigration Reform,,DEM,No,5,3,2
Travis,321,Referendum Item #1 - On Economic Security & Prosperity,,DEM,No,12,7,5
Travis,321,Referendum Item #2 - On A Fair Criminal Justice System,,DEM,No,5,4,1
Travis,321,Referendum Item #3 - On Climate,,DEM,No,2,1,1
Travis,321,Referendum Item #4 - On The Voting Rights Act,,DEM,No,15,7,8
Travis,321,Referendum Item #5 - On Campus Carry,,DEM,No,8,1,7
Travis,321,Referendum Item #6 - On Comprehensive Immigration Reform,,DEM,No,12,8,4
Travis,323,Referendum Item #1 - On Economic Security & Prosperity,,DEM,No,24,9,15
Travis,323,Referendum Item #2 - On A Fair Criminal Justice System,,DEM,No,14,6,8
Travis,323,Referendum Item #3 - On Climate,,DEM,No,8,3,5
Travis,323,Referendum Item #4 - On The Voting Rights Act,,DEM,No,30,19,11
Travis,323,Referendum Item #5 - On Campus Carry,,DEM,No,42,14,28
Travis,323,Referendum Item #6 - On Comprehensive Immigration Reform,,DEM,No,21,9,12
Travis,324,Referendum Item #1 - On Economic Security & Prosperity,,DEM,No,43,22,21
Travis,324,Referendum Item #2 - On A Fair Criminal Justice System,,DEM,No,27,13,14
Travis,324,Referendum Item #3 - On Climate,,DEM,No,22,12,10
Travis,324,Referendum Item #4 - On The Voting Rights Act,,DEM,No,39,21,18
Travis,324,Referendum Item #5 - On Campus Carry,,DEM,No,43,17,26
Travis,324,Referendum Item #6 - On Comprehensive Immigration Reform,,DEM,No,29,14,15
Travis,325,Referendum Item #1 - On Economic Security & Prosperity,,DEM,No,1,1,0
Travis,325,Referendum Item #2 - On A Fair Criminal Justice System,,DEM,No,1,1,0
Travis,325,Referendum Item #3 - On Climate,,DEM,No,1,1,0
Travis,325,Referendum Item #4 - On The Voting Rights Act,,DEM,No,1,1,0
Travis,325,Referendum Item #5 - On Campus Carry,,DEM,No,3,1,2
Travis,325,Referendum Item #6 - On Comprehensive Immigration Reform,,DEM,No,2,2,0
Travis,326,Referendum Item #1 - On Economic Security & Prosperity,,DEM,No,32,10,22
Travis,326,Referendum Item #2 - On A Fair Criminal Justice System,,DEM,No,10,1,9
Travis,326,Referendum Item #3 - On Climate,,DEM,No,16,7,9
Travis,326,Referendum Item #4 - On The Voting Rights Act,,DEM,No,27,9,18
Travis,326,Referendum Item #5 - On Campus Carry,,DEM,No,31,10,21
Travis,326,Referendum Item #6 - On Comprehensive Immigration Reform,,DEM,No,25,9,16
Travis,327,Referendum Item #1 - On Economic Security & Prosperity,,DEM,No,44,13,31
Travis,327,Referendum Item #2 - On A Fair Criminal Justice System,,DEM,No,20,6,14
Travis,327,Referendum Item #3 - On Climate,,DEM,No,10,4,6
Travis,327,Referendum Item #4 - On The Voting Rights Act,,DEM,No,44,16,28
Travis,327,Referendum Item #5 - On Campus Carry,,DEM,No,43,15,28
Travis,327,Referendum Item #6 - On Comprehensive Immigration Reform,,DEM,No,27,7,20
Travis,328,Referendum Item #1 - On Economic Security & Prosperity,,DEM,No,46,18,28
Travis,328,Referendum Item #2 - On A Fair Criminal Justice System,,DEM,No,32,17,15
Travis,328,Referendum Item #3 - On Climate,,DEM,No,21,13,8
Travis,328,Referendum Item #4 - On The Voting Rights Act,,DEM,No,69,36,33
Travis,328,Referendum Item #5 - On Campus Carry,,DEM,No,79,26,53
Travis,328,Referendum Item #6 - On Comprehensive Immigration Reform,,DEM,No,47,27,20
Travis,329,Referendum Item #1 - On Economic Security & Prosperity,,DEM,No,58,27,31
Travis,329,Referendum Item #2 - On A Fair Criminal Justice System,,DEM,No,23,6,17
Travis,329,Referendum Item #3 - On Climate,,DEM,No,16,8,8
Travis,329,Referendum Item #4 - On The Voting Rights Act,,DEM,No,43,19,24
Travis,329,Referendum Item #5 - On Campus Carry,,DEM,No,51,21,30
Travis,329,Referendum Item #6 - On Comprehensive Immigration Reform,,DEM,No,31,16,15
Travis,330,Referendum Item #1 - On Economic Security & Prosperity,,DEM,No,48,17,31
Travis,330,Referendum Item #2 - On A Fair Criminal Justice System,,DEM,No,17,6,11
Travis,330,Referendum Item #3 - On Climate,,DEM,No,18,7,11
Travis,330,Referendum Item #4 - On The Voting Rights Act,,DEM,No,34,10,24
Travis,330,Referendum Item #5 - On Campus Carry,,DEM,No,38,9,29
Travis,330,Referendum Item #6 - On Comprehensive Immigration Reform,,DEM,No,22,10,12
Travis,331,Referendum Item #1 - On Economic Security & Prosperity,,DEM,No,54,16,38
Travis,331,Referendum Item #2 - On A Fair Criminal Justice System,,DEM,No,29,5,24
Travis,331,Referendum Item #3 - On Climate,,DEM,No,18,8,10
Travis,331,Referendum Item #4 - On The Voting Rights Act,,DEM,No,43,5,38
Travis,331,Referendum Item #5 - On Campus Carry,,DEM,No,44,8,36
Travis,331,Referendum Item #6 - On Comprehensive Immigration Reform,,DEM,No,28,3,25
Travis,332,Referendum Item #1 - On Economic Security & Prosperity,,DEM,No,36,10,26
Travis,332,Referendum Item #2 - On A Fair Criminal Justice System,,DEM,No,21,5,16
Travis,332,Referendum Item #3 - On Climate,,DEM,No,18,3,15
Travis,332,Referendum Item #4 - On The Voting Rights Act,,DEM,No,52,15,37
Travis,332,Referendum Item #5 - On Campus Carry,,DEM,No,35,12,23
Travis,332,Referendum Item #6 - On Comprehensive Immigration Reform,,DEM,No,29,7,22
Travis,333,Referendum Item #1 - On Economic Security & Prosperity,,DEM,No,42,7,35
Travis,333,Referendum Item #2 - On A Fair Criminal Justice System,,DEM,No,19,6,13
Travis,333,Referendum Item #3 - On Climate,,DEM,No,16,5,11
Travis,333,Referendum Item #4 - On The Voting Rights Act,,DEM,No,29,6,23
Travis,333,Referendum Item #5 - On Campus Carry,,DEM,No,40,7,33
Travis,333,Referendum Item #6 - On Comprehensive Immigration Reform,,DEM,No,24,6,18
Travis,334,Referendum Item #1 - On Economic Security & Prosperity,,DEM,No,35,12,23
Travis,334,Referendum Item #2 - On A Fair Criminal Justice System,,DEM,No,17,4,13
Travis,334,Referendum Item #3 - On Climate,,DEM,No,12,4,8
Travis,334,Referendum Item #4 - On The Voting Rights Act,,DEM,No,40,15,25
Travis,334,Referendum Item #5 - On Campus Carry,,DEM,No,38,15,23
Travis,334,Referendum Item #6 - On Comprehensive Immigration Reform,,DEM,No,27,8,19
Travis,335,Referendum Item #1 - On Economic Security & Prosperity,,DEM,No,31,16,15
Travis,335,Referendum Item #2 - On A Fair Criminal Justice System,,DEM,No,17,6,11
Travis,335,Referendum Item #3 - On Climate,,DEM,No,9,4,5
Travis,335,Referendum Item #4 - On The Voting Rights Act,,DEM,No,29,13,16
Travis,335,Referendum Item #5 - On Campus Carry,,DEM,No,31,10,21
Travis,335,Referendum Item #6 - On Comprehensive Immigration Reform,,DEM,No,19,7,12
Travis,336,Referendum Item #1 - On Economic Security & Prosperity,,DEM,No,19,4,15
Travis,336,Referendum Item #2 - On A Fair Criminal Justice System,,DEM,No,12,5,7
Travis,336,Referendum Item #3 - On Climate,,DEM,No,12,2,10
Travis,336,Referendum Item #4 - On The Voting Rights Act,,DEM,No,21,7,14
Travis,336,Referendum Item #5 - On Campus Carry,,DEM,No,28,6,22
Travis,336,Referendum Item #6 - On Comprehensive Immigration Reform,,DEM,No,20,9,11
Travis,337,Referendum Item #1 - On Economic Security & Prosperity,,DEM,No,57,20,37
Travis,337,Referendum Item #2 - On A Fair Criminal Justice System,,DEM,No,34,12,22
Travis,337,Referendum Item #3 - On Climate,,DEM,No,29,12,17
Travis,337,Referendum Item #4 - On The Voting Rights Act,,DEM,No,61,18,43
Travis,337,Referendum Item #5 - On Campus Carry,,DEM,No,59,16,43
Travis,337,Referendum Item #6 - On Comprehensive Immigration Reform,,DEM,No,54,19,35
Travis,338,Referendum Item #1 - On Economic Security & Prosperity,,DEM,No,68,30,38
Travis,338,Referendum Item #2 - On A Fair Criminal Justice System,,DEM,No,41,17,24
Travis,338,Referendum Item #3 - On Climate,,DEM,No,32,12,20
Travis,338,Referendum Item #4 - On The Voting Rights Act,,DEM,No,71,26,45
Travis,338,Referendum Item #5 - On Campus Carry,,DEM,No,92,31,61
Travis,338,Referendum Item #6 - On Comprehensive Immigration Reform,,DEM,No,53,15,38
Travis,339,Referendum Item #1 - On Economic Security & Prosperity,,DEM,No,20,9,11
Travis,339,Referendum Item #2 - On A Fair Criminal Justice System,,DEM,No,14,3,11
Travis,339,Referendum Item #3 - On Climate,,DEM,No,5,2,3
Travis,339,Referendum Item #4 - On The Voting Rights Act,,DEM,No,17,4,13
Travis,339,Referendum Item #5 - On Campus Carry,,DEM,No,38,17,21
Travis,339,Referendum Item #6 - On Comprehensive Immigration Reform,,DEM,No,24,12,12
Travis,340,Referendum Item #1 - On Economic Security & Prosperity,,DEM,No,33,16,17
Travis,340,Referendum Item #2 - On A Fair Criminal Justice System,,DEM,No,24,9,15
Travis,340,Referendum Item #3 - On Climate,,DEM,No,9,4,5
Travis,340,Referendum Item #4 - On The Voting Rights Act,,DEM,No,38,16,22
Travis,340,Referendum Item #5 - On Campus Carry,,DEM,No,50,16,34
Travis,340,Referendum Item #6 - On Comprehensive Immigration Reform,,DEM,No,34,19,15
Travis,341,Referendum Item #1 - On Economic Security & Prosperity,,DEM,No,1,0,1
Travis,341,Referendum Item #2 - On A Fair Criminal Justice System,,DEM,No,1,0,1
Travis,341,Referendum Item #3 - On Climate,,DEM,No,1,0,1
Travis,341,Referendum Item #4 - On The Voting Rights Act,,DEM,No,0,0,0
Travis,341,Referendum Item #5 - On Campus Carry,,DEM,No,1,0,1
Travis,341,Referendum Item #6 - On Comprehensive Immigration Reform,,DEM,No,1,0,1
Travis,342,Referendum Item #1 - On Economic Security & Prosperity,,DEM,No,93,39,54
Travis,342,Referendum Item #2 - On A Fair Criminal Justice System,,DEM,No,47,17,30
Travis,342,Referendum Item #3 - On Climate,,DEM,No,28,13,15
Travis,342,Referendum Item #4 - On The Voting Rights Act,,DEM,No,101,39,62
Travis,342,Referendum Item #5 - On Campus Carry,,DEM,No,105,40,65
Travis,342,Referendum Item #6 - On Comprehensive Immigration Reform,,DEM,No,48,19,29
Travis,343,Referendum Item #1 - On Economic Security & Prosperity,,DEM,No,15,1,14
Travis,343,Referendum Item #2 - On A Fair Criminal Justice System,,DEM,No,9,3,6
Travis,343,Referendum Item #3 - On Climate,,DEM,No,8,3,5
Travis,343,Referendum Item #4 - On The Voting Rights Act,,DEM,No,29,11,18
Travis,343,Referendum Item #5 - On Campus Carry,,DEM,No,41,14,27
Travis,343,Referendum Item #6 - On Comprehensive Immigration Reform,,DEM,No,29,6,23
Travis,344,Referendum Item #1 - On Economic Security & Prosperity,,DEM,No,25,9,16
Travis,344,Referendum Item #2 - On A Fair Criminal Justice System,,DEM,No,12,5,7
Travis,344,Referendum Item #3 - On Climate,,DEM,No,16,6,10
Travis,344,Referendum Item #4 - On The Voting Rights Act,,DEM,No,28,11,17
Travis,344,Referendum Item #5 - On Campus Carry,,DEM,No,40,16,24
Travis,344,Referendum Item #6 - On Comprehensive Immigration Reform,,DEM,No,19,8,11
Travis,345,Referendum Item #1 - On Economic Security & Prosperity,,DEM,No,0,0,0
Travis,345,Referendum Item #2 - On A Fair Criminal Justice System,,DEM,No,0,0,0
Travis,345,Referendum Item #3 - On Climate,,DEM,No,0,0,0
Travis,345,Referendum Item #4 - On The Voting Rights Act,,DEM,No,0,0,0
Travis,345,Referendum Item #5 - On Campus Carry,,DEM,No,0,0,0
Travis,345,Referendum Item #6 - On Comprehensive Immigration Reform,,DEM,No,0,0,0
Travis,346,Referendum Item #1 - On Economic Security & Prosperity,,DEM,No,25,17,8
Travis,346,Referendum Item #2 - On A Fair Criminal Justice System,,DEM,No,13,9,4
Travis,346,Referendum Item #3 - On Climate,,DEM,No,10,7,3
Travis,346,Referendum Item #4 - On The Voting Rights Act,,DEM,No,19,13,6
Travis,346,Referendum Item #5 - On Campus Carry,,DEM,No,25,17,8
Travis,346,Referendum Item #6 - On Comprehensive Immigration Reform,,DEM,No,15,10,5
Travis,347,Referendum Item #1 - On Economic Security & Prosperity,,DEM,No,34,13,21
Travis,347,Referendum Item #2 - On A Fair Criminal Justice System,,DEM,No,15,7,8
Travis,347,Referendum Item #3 - On Climate,,DEM,No,14,6,8
Travis,347,Referendum Item #4 - On The Voting Rights Act,,DEM,No,37,20,17
Travis,347,Referendum Item #5 - On Campus Carry,,DEM,No,30,9,21
Travis,347,Referendum Item #6 - On Comprehensive Immigration Reform,,DEM,No,25,11,14
Travis,349,Referendum Item #1 - On Economic Security & Prosperity,,DEM,No,42,17,25
Travis,349,Referendum Item #2 - On A Fair Criminal Justice System,,DEM,No,34,14,20
Travis,349,Referendum Item #3 - On Climate,,DEM,No,31,15,16
Travis,349,Referendum Item #4 - On The Voting Rights Act,,DEM,No,78,27,51
Travis,349,Referendum Item #5 - On Campus Carry,,DEM,No,91,30,61
Travis,349,Referendum Item #6 - On Comprehensive Immigration Reform,,DEM,No,50,19,31
Travis,350,Referendum Item #1 - On Economic Security & Prosperity,,DEM,No,72,34,38
Travis,350,Referendum Item #2 - On A Fair Criminal Justice System,,DEM,No,44,20,24
Travis,350,Referendum Item #3 - On Climate,,DEM,No,34,17,17
Travis,350,Referendum Item #4 - On The Voting Rights Act,,DEM,No,75,37,38
Travis,350,Referendum Item #5 - On Campus Carry,,DEM,No,98,42,56
Travis,350,Referendum Item #6 - On Comprehensive Immigration Reform,,DEM,No,53,29,24
Travis,351,Referendum Item #1 - On Economic Security & Prosperity,,DEM,No,22,10,12
Travis,351,Referendum Item #2 - On A Fair Criminal Justice System,,DEM,No,12,6,6
Travis,351,Referendum Item #3 - On Climate,,DEM,No,14,6,8
Travis,351,Referendum Item #4 - On The Voting Rights Act,,DEM,No,36,14,22
Travis,351,Referendum Item #5 - On Campus Carry,,DEM,No,44,15,29
Travis,351,Referendum Item #6 - On Comprehensive Immigration Reform,,DEM,No,21,12,9
Travis,352,Referendum Item #1 - On Economic Security & Prosperity,,DEM,No,46,21,25
Travis,352,Referendum Item #2 - On A Fair Criminal Justice System,,DEM,No,26,14,12
Travis,352,Referendum Item #3 - On Climate,,DEM,No,30,19,11
Travis,352,Referendum Item #4 - On The Voting Rights Act,,DEM,No,65,28,37
Travis,352,Referendum Item #5 - On Campus Carry,,DEM,No,75,31,44
Travis,352,Referendum Item #6 - On Comprehensive Immigration Reform,,DEM,No,32,17,15
Travis,354,Referendum Item #1 - On Economic Security & Prosperity,,DEM,No,56,29,27
Travis,354,Referendum Item #2 - On A Fair Criminal Justice System,,DEM,No,32,16,16
Travis,354,Referendum Item #3 - On Climate,,DEM,No,27,14,13
Travis,354,Referendum Item #4 - On The Voting Rights Act,,DEM,No,69,36,33
Travis,354,Referendum Item #5 - On Campus Carry,,DEM,No,65,30,35
Travis,354,Referendum Item #6 - On Comprehensive Immigration Reform,,DEM,No,38,19,19
Travis,356,Referendum Item #1 - On Economic Security & Prosperity,,DEM,No,22,12,10
Travis,356,Referendum Item #2 - On A Fair Criminal Justice System,,DEM,No,22,10,12
Travis,356,Referendum Item #3 - On Climate,,DEM,No,10,7,3
Travis,356,Referendum Item #4 - On The Voting Rights Act,,DEM,No,28,15,13
Travis,356,Referendum Item #5 - On Campus Carry,,DEM,No,40,18,22
Travis,356,Referendum Item #6 - On Comprehensive Immigration Reform,,DEM,No,18,11,7
Travis,357,Referendum Item #1 - On Economic Security & Prosperity,,DEM,No,6,1,5
Travis,357,Referendum Item #2 - On A Fair Criminal Justice System,,DEM,No,3,3,0
Travis,357,Referendum Item #3 - On Climate,,DEM,No,0,0,0
Travis,357,Referendum Item #4 - On The Voting Rights Act,,DEM,No,9,4,5
Travis,357,Referendum Item #5 - On Campus Carry,,DEM,No,0,0,0
Travis,357,Referendum Item #6 - On Comprehensive Immigration Reform,,DEM,No,4,1,3
Travis,358,Referendum Item #1 - On Economic Security & Prosperity,,DEM,No,70,27,43
Travis,358,Referendum Item #2 - On A Fair Criminal Justice System,,DEM,No,42,18,24
Travis,358,Referendum Item #3 - On Climate,,DEM,No,41,20,21
Travis,358,Referendum Item #4 - On The Voting Rights Act,,DEM,No,83,29,54
Travis,358,Referendum Item #5 - On Campus Carry,,DEM,No,135,56,79
Travis,358,Referendum Item #6 - On Comprehensive Immigration Reform,,DEM,No,59,22,37
Travis,359,Referendum Item #1 - On Economic Security & Prosperity,,DEM,No,33,14,19
Travis,359,Referendum Item #2 - On A Fair Criminal Justice System,,DEM,No,19,10,9
Travis,359,Referendum Item #3 - On Climate,,DEM,No,14,4,10
Travis,359,Referendum Item #4 - On The Voting Rights Act,,DEM,No,39,18,21
Travis,359,Referendum Item #5 - On Campus Carry,,DEM,No,67,26,41
Travis,359,Referendum Item #6 - On Comprehensive Immigration Reform,,DEM,No,49,22,27
Travis,360,Referendum Item #1 - On Economic Security & Prosperity,,DEM,No,49,17,32
Travis,360,Referendum Item #2 - On A Fair Criminal Justice System,,DEM,No,31,10,21
Travis,360,Referendum Item #3 - On Climate,,DEM,No,23,7,16
Travis,360,Referendum Item #4 - On The Voting Rights Act,,DEM,No,73,26,47
Travis,360,Referendum Item #5 - On Campus Carry,,DEM,No,94,39,55
Travis,360,Referendum Item #6 - On Comprehensive Immigration Reform,,DEM,No,47,14,33
Travis,361,Referendum Item #1 - On Economic Security & Prosperity,,DEM,No,12,3,9
Travis,361,Referendum Item #2 - On A Fair Criminal Justice System,,DEM,No,6,2,4
Travis,361,Referendum Item #3 - On Climate,,DEM,No,7,2,5
Travis,361,Referendum Item #4 - On The Voting Rights Act,,DEM,No,15,4,11
Travis,361,Referendum Item #5 - On Campus Carry,,DEM,No,29,10,19
Travis,361,Referendum Item #6 - On Comprehensive Immigration Reform,,DEM,No,18,10,8
Travis,362,Referendum Item #1 - On Economic Security & Prosperity,,DEM,No,50,22,28
Travis,362,Referendum Item #2 - On A Fair Criminal Justice System,,DEM,No,31,13,18
Travis,362,Referendum Item #3 - On Climate,,DEM,No,29,17,12
Travis,362,Referendum Item #4 - On The Voting Rights Act,,DEM,No,50,30,20
Travis,362,Referendum Item #5 - On Campus Carry,,DEM,No,72,35,37
Travis,362,Referendum Item #6 - On Comprehensive Immigration Reform,,DEM,No,34,16,18
Travis,363,Referendum Item #1 - On Economic Security & Prosperity,,DEM,No,23,9,14
Travis,363,Referendum Item #2 - On A Fair Criminal Justice System,,DEM,No,13,5,8
Travis,363,Referendum Item #3 - On Climate,,DEM,No,11,5,6
Travis,363,Referendum Item #4 - On The Voting Rights Act,,DEM,No,23,7,16
Travis,363,Referendum Item #5 - On Campus Carry,,DEM,No,30,12,18
Travis,363,Referendum Item #6 - On Comprehensive Immigration Reform,,DEM,No,24,11,13
Travis,364,Referendum Item #1 - On Economic Security & Prosperity,,DEM,No,51,29,22
Travis,364,Referendum Item #2 - On A Fair Criminal Justice System,,DEM,No,29,18,11
Travis,364,Referendum Item #3 - On Climate,,DEM,No,22,13,9
Travis,364,Referendum Item #4 - On The Voting Rights Act,,DEM,No,49,32,17
Travis,364,Referendum Item #5 - On Campus Carry,,DEM,No,54,34,20
Travis,364,Referendum Item #6 - On Comprehensive Immigration Reform,,DEM,No,29,15,14
Travis,365,Referendum Item #1 - On Economic Security & Prosperity,,DEM,No,24,10,14
Travis,365,Referendum Item #2 - On A Fair Criminal Justice System,,DEM,No,9,6,3
Travis,365,Referendum Item #3 - On Climate,,DEM,No,14,8,6
Travis,365,Referendum Item #4 - On The Voting Rights Act,,DEM,No,34,13,21
Travis,365,Referendum Item #5 - On Campus Carry,,DEM,No,41,14,27
Travis,365,Referendum Item #6 - On Comprehensive Immigration Reform,,DEM,No,26,14,12
Travis,366,Referendum Item #1 - On Economic Security & Prosperity,,DEM,No,61,28,33
Travis,366,Referendum Item #2 - On A Fair Criminal Justice System,,DEM,No,34,19,15
Travis,366,Referendum Item #3 - On Climate,,DEM,No,28,15,13
Travis,366,Referendum Item #4 - On The Voting Rights Act,,DEM,No,67,34,33
Travis,366,Referendum Item #5 - On Campus Carry,,DEM,No,75,32,43
Travis,366,Referendum Item #6 - On Comprehensive Immigration Reform,,DEM,No,47,24,23
Travis,367,Referendum Item #1 - On Economic Security & Prosperity,,DEM,No,78,35,43
Travis,367,Referendum Item #2 - On A Fair Criminal Justice System,,DEM,No,33,15,18
Travis,367,Referendum Item #3 - On Climate,,DEM,No,26,12,14
Travis,367,Referendum Item #4 - On The Voting Rights Act,,DEM,No,84,29,55
Travis,367,Referendum Item #5 - On Campus Carry,,DEM,No,75,30,45
Travis,367,Referendum Item #6 - On Comprehensive Immigration Reform,,DEM,No,58,24,34
Travis,368,Referendum Item #1 - On Economic Security & Prosperity,,DEM,No,3,2,1
Travis,368,Referendum Item #2 - On A Fair Criminal Justice System,,DEM,No,1,1,0
Travis,368,Referendum Item #3 - On Climate,,DEM,No,1,1,0
Travis,368,Referendum Item #4 - On The Voting Rights Act,,DEM,No,6,5,1
Travis,368,Referendum Item #5 - On Campus Carry,,DEM,No,2,2,0
Travis,368,Referendum Item #6 - On Comprehensive Immigration Reform,,DEM,No,1,1,0
Travis,369,Referendum Item #1 - On Economic Security & Prosperity,,DEM,No,18,3,15
Travis,369,Referendum Item #2 - On A Fair Criminal Justice System,,DEM,No,8,2,6
Travis,369,Referendum Item #3 - On Climate,,DEM,No,11,4,7
Travis,369,Referendum Item #4 - On The Voting Rights Act,,DEM,No,20,2,18
Travis,369,Referendum Item #5 - On Campus Carry,,DEM,No,17,2,15
Travis,369,Referendum Item #6 - On Comprehensive Immigration Reform,,DEM,No,12,2,10
Travis,370,Referendum Item #1 - On Economic Security & Prosperity,,DEM,No,8,2,6
Travis,370,Referendum Item #2 - On A Fair Criminal Justice System,,DEM,No,7,1,6
Travis,370,Referendum Item #3 - On Climate,,DEM,No,6,1,5
Travis,370,Referendum Item #4 - On The Voting Rights Act,,DEM,No,12,1,11
Travis,370,Referendum Item #5 - On Campus Carry,,DEM,No,23,3,20
Travis,370,Referendum Item #6 - On Comprehensive Immigration Reform,,DEM,No,9,1,8
Travis,371,Referendum Item #1 - On Economic Security & Prosperity,,DEM,No,19,8,11
Travis,371,Referendum Item #2 - On A Fair Criminal Justice System,,DEM,No,4,1,3
Travis,371,Referendum Item #3 - On Climate,,DEM,No,3,1,2
Travis,371,Referendum Item #4 - On The Voting Rights Act,,DEM,No,20,4,16
Travis,371,Referendum Item #5 - On Campus Carry,,DEM,No,27,7,20
Travis,371,Referendum Item #6 - On Comprehensive Immigration Reform,,DEM,No,21,5,16
Travis,372,Referendum Item #1 - On Economic Security & Prosperity,,DEM,No,13,4,9
Travis,372,Referendum Item #2 - On A Fair Criminal Justice System,,DEM,No,5,0,5
Travis,372,Referendum Item #3 - On Climate,,DEM,No,6,2,4
Travis,372,Referendum Item #4 - On The Voting Rights Act,,DEM,No,22,7,15
Travis,372,Referendum Item #5 - On Campus Carry,,DEM,No,29,6,23
Travis,372,Referendum Item #6 - On Comprehensive Immigration Reform,,DEM,No,16,2,14
Travis,373,Referendum Item #1 - On Economic Security & Prosperity,,DEM,No,29,15,14
Travis,373,Referendum Item #2 - On A Fair Criminal Justice System,,DEM,No,22,10,12
Travis,373,Referendum Item #3 - On Climate,,DEM,No,13,4,9
Travis,373,Referendum Item #4 - On The Voting Rights Act,,DEM,No,38,13,25
Travis,373,Referendum Item #5 - On Campus Carry,,DEM,No,48,12,36
Travis,373,Referendum Item #6 - On Comprehensive Immigration Reform,,DEM,No,22,7,15
Travis,374,Referendum Item #1 - On Economic Security & Prosperity,,DEM,No,52,16,36
Travis,374,Referendum Item #2 - On A Fair Criminal Justice System,,DEM,No,31,10,21
Travis,374,Referendum Item #3 - On Climate,,DEM,No,25,7,18
Travis,374,Referendum Item #4 - On The Voting Rights Act,,DEM,No,65,19,46
Travis,374,Referendum Item #5 - On Campus Carry,,DEM,No,60,16,44
Travis,374,Referendum Item #6 - On Comprehensive Immigration Reform,,DEM,No,45,8,37
Travis,375,Referendum Item #1 - On Economic Security & Prosperity,,DEM,No,11,4,7
Travis,375,Referendum Item #2 - On A Fair Criminal Justice System,,DEM,No,3,2,1
Travis,375,Referendum Item #3 - On Climate,,DEM,No,4,2,2
Travis,375,Referendum Item #4 - On The Voting Rights Act,,DEM,No,9,2,7
Travis,375,Referendum Item #5 - On Campus Carry,,DEM,No,16,4,12
Travis,375,Referendum Item #6 - On Comprehensive Immigration Reform,,DEM,No,16,4,12
Travis,401,Referendum Item #1 - On Economic Security & Prosperity,,DEM,No,29,16,13
Travis,401,Referendum Item #2 - On A Fair Criminal Justice System,,DEM,No,24,9,15
Travis,401,Referendum Item #3 - On Climate,,DEM,No,38,18,20
Travis,401,Referendum Item #4 - On The Voting Rights Act,,DEM,No,27,11,16
Travis,401,Referendum Item #5 - On Campus Carry,,DEM,No,79,26,53
Travis,401,Referendum Item #6 - On Comprehensive Immigration Reform,,DEM,No,39,12,27
Travis,402,Referendum Item #1 - On Economic Security & Prosperity,,DEM,No,38,17,21
Travis,402,Referendum Item #2 - On A Fair Criminal Justice System,,DEM,No,28,14,14
Travis,402,Referendum Item #3 - On Climate,,DEM,No,44,14,30
Travis,402,Referendum Item #4 - On The Voting Rights Act,,DEM,No,47,21,26
Travis,402,Referendum Item #5 - On Campus Carry,,DEM,No,140,45,95
Travis,402,Referendum Item #6 - On Comprehensive Immigration Reform,,DEM,No,65,36,29
Travis,403,Referendum Item #1 - On Economic Security & Prosperity,,DEM,No,17,5,12
Travis,403,Referendum Item #2 - On A Fair Criminal Justice System,,DEM,No,13,4,9
Travis,403,Referendum Item #3 - On Climate,,DEM,No,26,10,16
Travis,403,Referendum Item #4 - On The Voting Rights Act,,DEM,No,16,4,12
Travis,403,Referendum Item #5 - On Campus Carry,,DEM,No,47,12,35
Travis,403,Referendum Item #6 - On Comprehensive Immigration Reform,,DEM,No,13,4,9
Travis,404,Referendum Item #1 - On Economic Security & Prosperity,,DEM,No,24,12,12
Travis,404,Referendum Item #2 - On A Fair Criminal Justice System,,DEM,No,20,9,11
Travis,404,Referendum Item #3 - On Climate,,DEM,No,20,11,9
Travis,404,Referendum Item #4 - On The Voting Rights Act,,DEM,No,32,11,21
Travis,404,Referendum Item #5 - On Campus Carry,,DEM,No,91,30,61
Travis,404,Referendum Item #6 - On Comprehensive Immigration Reform,,DEM,No,32,14,18
Travis,405,Referendum Item #1 - On Economic Security & Prosperity,,DEM,No,11,5,6
Travis,405,Referendum Item #2 - On A Fair Criminal Justice System,,DEM,No,3,1,2
Travis,405,Referendum Item #3 - On Climate,,DEM,No,2,0,2
Travis,405,Referendum Item #4 - On The Voting Rights Act,,DEM,No,2,0,2
Travis,405,Referendum Item #5 - On Campus Carry,,DEM,No,15,4,11
Travis,405,Referendum Item #6 - On Comprehensive Immigration Reform,,DEM,No,4,4,0
Travis,406,Referendum Item #1 - On Economic Security & Prosperity,,DEM,No,43,26,17
Travis,406,Referendum Item #2 - On A Fair Criminal Justice System,,DEM,No,26,14,12
Travis,406,Referendum Item #3 - On Climate,,DEM,No,26,15,11
Travis,406,Referendum Item #4 - On The Voting Rights Act,,DEM,No,38,23,15
Travis,406,Referendum Item #5 - On Campus Carry,,DEM,No,61,23,38
Travis,406,Referendum Item #6 - On Comprehensive Immigration Reform,,DEM,No,39,30,9
Travis,407,Referendum Item #1 - On Economic Security & Prosperity,,DEM,No,19,5,14
Travis,407,Referendum Item #2 - On A Fair Criminal Justice System,,DEM,No,8,1,7
Travis,407,Referendum Item #3 - On Climate,,DEM,No,23,8,15
Travis,407,Referendum Item #4 - On The Voting Rights Act,,DEM,No,22,7,15
Travis,407,Referendum Item #5 - On Campus Carry,,DEM,No,55,23,32
Travis,407,Referendum Item #6 - On Comprehensive Immigration Reform,,DEM,No,21,9,12
Travis,408,Referendum Item #1 - On Economic Security & Prosperity,,DEM,No,43,16,27
Travis,408,Referendum Item #2 - On A Fair Criminal Justice System,,DEM,No,27,10,17
Travis,408,Referendum Item #3 - On Climate,,DEM,No,28,13,15
Travis,408,Referendum Item #4 - On The Voting Rights Act,,DEM,No,52,21,31
Travis,408,Referendum Item #5 - On Campus Carry,,DEM,No,72,22,50
Travis,408,Referendum Item #6 - On Comprehensive Immigration Reform,,DEM,No,38,11,27
Travis,409,Referendum Item #1 - On Economic Security & Prosperity,,DEM,No,18,9,9
Travis,409,Referendum Item #2 - On A Fair Criminal Justice System,,DEM,No,20,13,7
Travis,409,Referendum Item #3 - On Climate,,DEM,No,16,6,10
Travis,409,Referendum Item #4 - On The Voting Rights Act,,DEM,No,47,16,31
Travis,409,Referendum Item #5 - On Campus Carry,,DEM,No,63,27,36
Travis,409,Referendum Item #6 - On Comprehensive Immigration Reform,,DEM,No,18,4,14
Travis,410,Referendum Item #1 - On Economic Security & Prosperity,,DEM,No,26,10,16
Travis,410,Referendum Item #2 - On A Fair Criminal Justice System,,DEM,No,21,11,10
Travis,410,Referendum Item #3 - On Climate,,DEM,No,26,14,12
Travis,410,Referendum Item #4 - On The Voting Rights Act,,DEM,No,41,19,22
Travis,410,Referendum Item #5 - On Campus Carry,,DEM,No,96,39,57
Travis,410,Referendum Item #6 - On Comprehensive Immigration Reform,,DEM,No,35,18,17
Travis,411,Referendum Item #1 - On Economic Security & Prosperity,,DEM,No,25,11,14
Travis,411,Referendum Item #2 - On A Fair Criminal Justice System,,DEM,No,15,4,11
Travis,411,Referendum Item #3 - On Climate,,DEM,No,13,4,9
Travis,411,Referendum Item #4 - On The Voting Rights Act,,DEM,No,29,9,20
Travis,411,Referendum Item #5 - On Campus Carry,,DEM,No,52,18,34
Travis,411,Referendum Item #6 - On Comprehensive Immigration Reform,,DEM,No,27,10,17
Travis,412,Referendum Item #1 - On Economic Security & Prosperity,,DEM,No,0,0,0
Travis,412,Referendum Item #2 - On A Fair Criminal Justice System,,DEM,No,1,0,1
Travis,412,Referendum Item #3 - On Climate,,DEM,No,0,0,0
Travis,412,Referendum Item #4 - On The Voting Rights Act,,DEM,No,1,1,0
Travis,412,Referendum Item #5 - On Campus Carry,,DEM,No,3,3,0
Travis,412,Referendum Item #6 - On Comprehensive Immigration Reform,,DEM,No,1,1,0
Travis,413,Referendum Item #1 - On Economic Security & Prosperity,,DEM,No,6,2,4
Travis,413,Referendum Item #2 - On A Fair Criminal Justice System,,DEM,No,6,1,5
Travis,413,Referendum Item #3 - On Climate,,DEM,No,6,1,5
Travis,413,Referendum Item #4 - On The Voting Rights Act,,DEM,No,19,5,14
Travis,413,Referendum Item #5 - On Campus Carry,,DEM,No,33,6,27
Travis,413,Referendum Item #6 - On Comprehensive Immigration Reform,,DEM,No,12,3,9
Travis,414,Referendum Item #1 - On Economic Security & Prosperity,,DEM,No,40,16,24
Travis,414,Referendum Item #2 - On A Fair Criminal Justice System,,DEM,No,22,6,16
Travis,414,Referendum Item #3 - On Climate,,DEM,No,34,15,19
Travis,414,Referendum Item #4 - On The Voting Rights Act,,DEM,No,53,24,29
Travis,414,Referendum Item #5 - On Campus Carry,,DEM,No,94,23,71
Travis,414,Referendum Item #6 - On Comprehensive Immigration Reform,,DEM,No,48,25,23
Travis,415,Referendum Item #1 - On Economic Security & Prosperity,,DEM,No,16,7,9
Travis,415,Referendum Item #2 - On A Fair Criminal Justice System,,DEM,No,5,2,3
Travis,415,Referendum Item #3 - On Climate,,DEM,No,7,5,2
Travis,415,Referendum Item #4 - On The Voting Rights Act,,DEM,No,16,6,10
Travis,415,Referendum Item #5 - On Campus Carry,,DEM,No,38,15,23
Travis,415,Referendum Item #6 - On Comprehensive Immigration Reform,,DEM,No,12,4,8
Travis,416,Referendum Item #1 - On Economic Security & Prosperity,,DEM,No,1,0,1
Travis,416,Referendum Item #2 - On A Fair Criminal Justice System,,DEM,No,0,0,0
Travis,416,Referendum Item #3 - On Climate,,DEM,No,2,0,2
Travis,416,Referendum Item #4 - On The Voting Rights Act,,DEM,No,1,1,0
Travis,416,Referendum Item #5 - On Campus Carry,,DEM,No,3,0,3
Travis,416,Referendum Item #6 - On Comprehensive Immigration Reform,,DEM,No,0,0,0
Travis,417,Referendum Item #1 - On Economic Security & Prosperity,,DEM,No,22,12,10
Travis,417,Referendum Item #2 - On A Fair Criminal Justice System,,DEM,No,16,9,7
Travis,417,Referendum Item #3 - On Climate,,DEM,No,18,12,6
Travis,417,Referendum Item #4 - On The Voting Rights Act,,DEM,No,31,18,13
Travis,417,Referendum Item #5 - On Campus Carry,,DEM,No,42,18,24
Travis,417,Referendum Item #6 - On Comprehensive Immigration Reform,,DEM,No,20,13,7
Travis,418,Referendum Item #1 - On Economic Security & Prosperity,,DEM,No,0,0,0
Travis,418,Referendum Item #2 - On A Fair Criminal Justice System,,DEM,No,0,0,0
Travis,418,Referendum Item #3 - On Climate,,DEM,No,0,0,0
Travis,418,Referendum Item #4 - On The Voting Rights Act,,DEM,No,0,0,0
Travis,418,Referendum Item #5 - On Campus Carry,,DEM,No,0,0,0
Travis,418,Referendum Item #6 - On Comprehensive Immigration Reform,,DEM,No,0,0,0
Travis,419,Referendum Item #1 - On Economic Security & Prosperity,,DEM,No,6,2,4
Travis,419,Referendum Item #2 - On A Fair Criminal Justice System,,DEM,No,3,0,3
Travis,419,Referendum Item #3 - On Climate,,DEM,No,8,4,4
Travis,419,Referendum Item #4 - On The Voting Rights Act,,DEM,No,9,6,3
Travis,419,Referendum Item #5 - On Campus Carry,,DEM,No,15,6,9
Travis,419,Referendum Item #6 - On Comprehensive Immigration Reform,,DEM,No,8,2,6
Travis,420,Referendum Item #1 - On Economic Security & Prosperity,,DEM,No,33,12,21
Travis,420,Referendum Item #2 - On A Fair Criminal Justice System,,DEM,No,21,6,15
Travis,420,Referendum Item #3 - On Climate,,DEM,No,14,6,8
Travis,420,Referendum Item #4 - On The Voting Rights Act,,DEM,No,42,12,30
Travis,420,Referendum Item #5 - On Campus Carry,,DEM,No,72,31,41
Travis,420,Referendum Item #6 - On Comprehensive Immigration Reform,,DEM,No,37,18,19
Travis,421,Referendum Item #1 - On Economic Security & Prosperity,,DEM,No,45,20,25
Travis,421,Referendum Item #2 - On A Fair Criminal Justice System,,DEM,No,22,9,13
Travis,421,Referendum Item #3 - On Climate,,DEM,No,15,7,8
Travis,421,Referendum Item #4 - On The Voting Rights Act,,DEM,No,38,19,19
Travis,421,Referendum Item #5 - On Campus Carry,,DEM,No,54,15,39
Travis,421,Referendum Item #6 - On Comprehensive Immigration Reform,,DEM,No,20,9,11
Travis,422,Referendum Item #1 - On Economic Security & Prosperity,,DEM,No,31,12,19
Travis,422,Referendum Item #2 - On A Fair Criminal Justice System,,DEM,No,17,7,10
Travis,422,Referendum Item #3 - On Climate,,DEM,No,7,2,5
Travis,422,Referendum Item #4 - On The Voting Rights Act,,DEM,No,33,14,19
Travis,422,Referendum Item #5 - On Campus Carry,,DEM,No,40,11,29
Travis,422,Referendum Item #6 - On Comprehensive Immigration Reform,,DEM,No,21,6,15
Travis,423,Referendum Item #1 - On Economic Security & Prosperity,,DEM,No,41,18,23
Travis,423,Referendum Item #2 - On A Fair Criminal Justice System,,DEM,No,35,10,25
Travis,423,Referendum Item #3 - On Climate,,DEM,No,57,27,30
Travis,423,Referendum Item #4 - On The Voting Rights Act,,DEM,No,31,16,15
Travis,423,Referendum Item #5 - On Campus Carry,,DEM,No,131,51,80
Travis,423,Referendum Item #6 - On Comprehensive Immigration Reform,,DEM,No,57,26,31
Travis,424,Referendum Item #1 - On Economic Security & Prosperity,,DEM,No,35,11,24
Travis,424,Referendum Item #2 - On A Fair Criminal Justice System,,DEM,No,24,7,17
Travis,424,Referendum Item #3 - On Climate,,DEM,No,22,9,13
Travis,424,Referendum Item #4 - On The Voting Rights Act,,DEM,No,35,15,20
Travis,424,Referendum Item #5 - On Campus Carry,,DEM,No,44,15,29
Travis,424,Referendum Item #6 - On Comprehensive Immigration Reform,,DEM,No,32,12,20
Travis,425,Referendum Item #1 - On Economic Security & Prosperity,,DEM,No,14,6,8
Travis,425,Referendum Item #2 - On A Fair Criminal Justice System,,DEM,No,10,5,5
Travis,425,Referendum Item #3 - On Climate,,DEM,No,10,4,6
Travis,425,Referendum Item #4 - On The Voting Rights Act,,DEM,No,22,5,17
Travis,425,Referendum Item #5 - On Campus Carry,,DEM,No,31,12,19
Travis,425,Referendum Item #6 - On Comprehensive Immigration Reform,,DEM,No,15,5,10
Travis,426,Referendum Item #1 - On Economic Security & Prosperity,,DEM,No,43,20,23
Travis,426,Referendum Item #2 - On A Fair Criminal Justice System,,DEM,No,31,16,15
Travis,426,Referendum Item #3 - On Climate,,DEM,No,65,29,36
Travis,426,Referendum Item #4 - On The Voting Rights Act,,DEM,No,41,17,24
Travis,426,Referendum Item #5 - On Campus Carry,,DEM,No,116,56,60
Travis,426,Referendum Item #6 - On Comprehensive Immigration Reform,,DEM,No,38,18,20
Travis,427,Referendum Item #1 - On Economic Security & Prosperity,,DEM,No,28,14,14
Travis,427,Referendum Item #2 - On A Fair Criminal Justice System,,DEM,No,23,11,12
Travis,427,Referendum Item #3 - On Climate,,DEM,No,35,18,17
Travis,427,Referendum Item #4 - On The Voting Rights Act,,DEM,No,42,20,22
Travis,427,Referendum Item #5 - On Campus Carry,,DEM,No,86,41,45
Travis,427,Referendum Item #6 - On Comprehensive Immigration Reform,,DEM,No,41,20,21
Travis,428,Referendum Item #1 - On Economic Security & Prosperity,,DEM,No,20,9,11
Travis,428,Referendum Item #2 - On A Fair Criminal Justice System,,DEM,No,9,4,5
Travis,428,Referendum Item #3 - On Climate,,DEM,No,11,6,5
Travis,428,Referendum Item #4 - On The Voting Rights Act,,DEM,No,22,10,12
Travis,428,Referendum Item #5 - On Campus Carry,,DEM,No,23,12,11
Travis,428,Referendum Item #6 - On Comprehensive Immigration Reform,,DEM,No,14,5,9
Travis,429,Referendum Item #1 - On Economic Security & Prosperity,,DEM,No,66,30,36
Travis,429,Referendum Item #2 - On A Fair Criminal Justice System,,DEM,No,42,19,23
Travis,429,Referendum Item #3 - On Climate,,DEM,No,23,11,12
Travis,429,Referendum Item #4 - On The Voting Rights Act,,DEM,No,89,35,54
Travis,429,Referendum Item #5 - On Campus Carry,,DEM,No,180,61,119
Travis,429,Referendum Item #6 - On Comprehensive Immigration Reform,,DEM,No,46,21,25
Travis,430,Referendum Item #1 - On Economic Security & Prosperity,,DEM,No,10,2,8
Travis,430,Referendum Item #2 - On A Fair Criminal Justice System,,DEM,No,5,2,3
Travis,430,Referendum Item #3 - On Climate,,DEM,No,6,3,3
Travis,430,Referendum Item #4 - On The Voting Rights Act,,DEM,No,25,11,14
Travis,430,Referendum Item #5 - On Campus Carry,,DEM,No,39,14,25
Travis,430,Referendum Item #6 - On Comprehensive Immigration Reform,,DEM,No,14,6,8
Travis,431,Referendum Item #1 - On Economic Security & Prosperity,,DEM,No,55,19,36
Travis,431,Referendum Item #2 - On A Fair Criminal Justice System,,DEM,No,50,20,30
Travis,431,Referendum Item #3 - On Climate,,DEM,No,40,13,27
Travis,431,Referendum Item #4 - On The Voting Rights Act,,DEM,No,104,37,67
Travis,431,Referendum Item #5 - On Campus Carry,,DEM,No,193,77,116
Travis,431,Referendum Item #6 - On Comprehensive Immigration Reform,,DEM,No,70,27,43
Travis,432,Referendum Item #1 - On Economic Security & Prosperity,,DEM,No,0,0,0
Travis,432,Referendum Item #2 - On A Fair Criminal Justice System,,DEM,No,0,0,0
Travis,432,Referendum Item #3 - On Climate,,DEM,No,1,1,0
Travis,432,Referendum Item #4 - On The Voting Rights Act,,DEM,No,1,1,0
Travis,432,Referendum Item #5 - On Campus Carry,,DEM,No,0,0,0
Travis,432,Referendum Item #6 - On Comprehensive Immigration Reform,,DEM,No,0,0,0
Travis,433,Referendum Item #1 - On Economic Security & Prosperity,,DEM,No,37,15,22
Travis,433,Referendum Item #2 - On A Fair Criminal Justice System,,DEM,No,24,9,15
Travis,433,Referendum Item #3 - On Climate,,DEM,No,28,13,15
Travis,433,Referendum Item #4 - On The Voting Rights Act,,DEM,No,46,15,31
Travis,433,Referendum Item #5 - On Campus Carry,,DEM,No,82,39,43
Travis,433,Referendum Item #6 - On Comprehensive Immigration Reform,,DEM,No,25,8,17
Travis,434,Referendum Item #1 - On Economic Security & Prosperity,,DEM,No,0,0,0
Travis,434,Referendum Item #2 - On A Fair Criminal Justice System,,DEM,No,1,1,0
Travis,434,Referendum Item #3 - On Climate,,DEM,No,0,0,0
Travis,434,Referendum Item #4 - On The Voting Rights Act,,DEM,No,1,1,0
Travis,434,Referendum Item #5 - On Campus Carry,,DEM,No,0,0,0
Travis,434,Referendum Item #6 - On Comprehensive Immigration Reform,,DEM,No,0,0,0
Travis,435,Referendum Item #1 - On Economic Security & Prosperity,,DEM,No,69,27,42
Travis,435,Referendum Item #2 - On A Fair Criminal Justice System,,DEM,No,43,14,29
Travis,435,Referendum Item #3 - On Climate,,DEM,No,36,9,27
Travis,435,Referendum Item #4 - On The Voting Rights Act,,DEM,No,67,23,44
Travis,435,Referendum Item #5 - On Campus Carry,,DEM,No,118,33,85
Travis,435,Referendum Item #6 - On Comprehensive Immigration Reform,,DEM,No,56,23,33
Travis,436,Referendum Item #1 - On Economic Security & Prosperity,,DEM,No,4,3,1
Travis,436,Referendum Item #2 - On A Fair Criminal Justice System,,DEM,No,0,0,0
Travis,436,Referendum Item #3 - On Climate,,DEM,No,5,3,2
Travis,436,Referendum Item #4 - On The Voting Rights Act,,DEM,No,4,1,3
Travis,436,Referendum Item #5 - On Campus Carry,,DEM,No,15,6,9
Travis,436,Referendum Item #6 - On Comprehensive Immigration Reform,,DEM,No,8,4,4
Travis,437,Referendum Item #1 - On Economic Security & Prosperity,,DEM,No,46,22,24
Travis,437,Referendum Item #2 - On A Fair Criminal Justice System,,DEM,No,19,9,10
Travis,437,Referendum Item #3 - On Climate,,DEM,No,13,7,6
Travis,437,Referendum Item #4 - On The Voting Rights Act,,DEM,No,39,16,23
Travis,437,Referendum Item #5 - On Campus Carry,,DEM,No,55,18,37
Travis,437,Referendum Item #6 - On Comprehensive Immigration Reform,,DEM,No,22,9,13
Travis,438,Referendum Item #1 - On Economic Security & Prosperity,,DEM,No,26,6,20
Travis,438,Referendum Item #2 - On A Fair Criminal Justice System,,DEM,No,17,5,12
Travis,438,Referendum Item #3 - On Climate,,DEM,No,17,5,12
Travis,438,Referendum Item #4 - On The Voting Rights Act,,DEM,No,23,6,17
Travis,438,Referendum Item #5 - On Campus Carry,,DEM,No,59,23,36
Travis,438,Referendum Item #6 - On Comprehensive Immigration Reform,,DEM,No,18,7,11
Travis,439,Referendum Item #1 - On Economic Security & Prosperity,,DEM,No,39,14,25
Travis,439,Referendum Item #2 - On A Fair Criminal Justice System,,DEM,No,25,11,14
Travis,439,Referendum Item #3 - On Climate,,DEM,No,34,14,20
Travis,439,Referendum Item #4 - On The Voting Rights Act,,DEM,No,40,17,23
Travis,439,Referendum Item #5 - On Campus Carry,,DEM,No,109,43,66
Travis,439,Referendum Item #6 - On Comprehensive Immigration Reform,,DEM,No,28,15,13
Travis,440,Referendum Item #1 - On Economic Security & Prosperity,,DEM,No,16,6,10
Travis,440,Referendum Item #2 - On A Fair Criminal Justice System,,DEM,No,9,3,6
Travis,440,Referendum Item #3 - On Climate,,DEM,No,9,3,6
Travis,440,Referendum Item #4 - On The Voting Rights Act,,DEM,No,19,9,10
Travis,440,Referendum Item #5 - On Campus Carry,,DEM,No,37,14,23
Travis,440,Referendum Item #6 - On Comprehensive Immigration Reform,,DEM,No,9,5,4
Travis,441,Referendum Item #1 - On Economic Security & Prosperity,,DEM,No,36,19,17
Travis,441,Referendum Item #2 - On A Fair Criminal Justice System,,DEM,No,25,13,12
Travis,441,Referendum Item #3 - On Climate,,DEM,No,32,23,9
Travis,441,Referendum Item #4 - On The Voting Rights Act,,DEM,No,55,24,31
Travis,441,Referendum Item #5 - On Campus Carry,,DEM,No,102,51,51
Travis,441,Referendum Item #6 - On Comprehensive Immigration Reform,,DEM,No,61,27,34
Travis,442,Referendum Item #1 - On Economic Security & Prosperity,,DEM,No,11,3,8
Travis,442,Referendum Item #2 - On A Fair Criminal Justice System,,DEM,No,7,3,4
Travis,442,Referendum Item #3 - On Climate,,DEM,No,6,2,4
Travis,442,Referendum Item #4 - On The Voting Rights Act,,DEM,No,17,4,13
Travis,442,Referendum Item #5 - On Campus Carry,,DEM,No,26,8,18
Travis,442,Referendum Item #6 - On Comprehensive Immigration Reform,,DEM,No,10,2,8
Travis,443,Referendum Item #1 - On Economic Security & Prosperity,,DEM,No,25,11,14
Travis,443,Referendum Item #2 - On A Fair Criminal Justice System,,DEM,No,22,8,14
Travis,443,Referendum Item #3 - On Climate,,DEM,No,43,21,22
Travis,443,Referendum Item #4 - On The Voting Rights Act,,DEM,No,32,13,19
Travis,443,Referendum Item #5 - On Campus Carry,,DEM,No,131,47,84
Travis,443,Referendum Item #6 - On Comprehensive Immigration Reform,,DEM,No,48,21,27
Travis,444,Referendum Item #1 - On Economic Security & Prosperity,,DEM,No,0,0,0
Travis,444,Referendum Item #2 - On A Fair Criminal Justice System,,DEM,No,3,1,2
Travis,444,Referendum Item #3 - On Climate,,DEM,No,2,0,2
Travis,444,Referendum Item #4 - On The Voting Rights Act,,DEM,No,4,2,2
Travis,444,Referendum Item #5 - On Campus Carry,,DEM,No,7,4,3
Travis,444,Referendum Item #6 - On Comprehensive Immigration Reform,,DEM,No,3,1,2
Travis,446,Referendum Item #1 - On Economic Security & Prosperity,,DEM,No,22,9,13
Travis,446,Referendum Item #2 - On A Fair Criminal Justice System,,DEM,No,10,4,6
Travis,446,Referendum Item #3 - On Climate,,DEM,No,14,8,6
Travis,446,Referendum Item #4 - On The Voting Rights Act,,DEM,No,20,10,10
Travis,446,Referendum Item #5 - On Campus Carry,,DEM,No,37,21,16
Travis,446,Referendum Item #6 - On Comprehensive Immigration Reform,,DEM,No,24,10,14
Travis,447,Referendum Item #1 - On Economic Security & Prosperity,,DEM,No,44,18,26
Travis,447,Referendum Item #2 - On A Fair Criminal Justice System,,DEM,No,31,16,15
Travis,447,Referendum Item #3 - On Climate,,DEM,No,31,16,15
Travis,447,Referendum Item #4 - On The Voting Rights Act,,DEM,No,64,33,31
Travis,447,Referendum Item #5 - On Campus Carry,,DEM,No,110,37,73
Travis,447,Referendum Item #6 - On Comprehensive Immigration Reform,,DEM,No,43,22,21
Travis,448,Referendum Item #1 - On Economic Security & Prosperity,,DEM,No,19,7,12
Travis,448,Referendum Item #2 - On A Fair Criminal Justice System,,DEM,No,20,6,14
Travis,448,Referendum Item #3 - On Climate,,DEM,No,26,10,16
Travis,448,Referendum Item #4 - On The Voting Rights Act,,DEM,No,31,10,21
Travis,448,Referendum Item #5 - On Campus Carry,,DEM,No,93,33,60
Travis,448,Referendum Item #6 - On Comprehensive Immigration Reform,,DEM,No,47,22,25
Travis,450,Referendum Item #1 - On Economic Security & Prosperity,,DEM,No,43,18,25
Travis,450,Referendum Item #2 - On A Fair Criminal Justice System,,DEM,No,30,12,18
Travis,450,Referendum Item #3 - On Climate,,DEM,No,63,25,38
Travis,450,Referendum Item #4 - On The Voting Rights Act,,DEM,No,53,17,36
Travis,450,Referendum Item #5 - On Campus Carry,,DEM,No,168,56,112
Travis,450,Referendum Item #6 - On Comprehensive Immigration Reform,,DEM,No,69,25,44
Travis,451,Referendum Item #1 - On Economic Security & Prosperity,,DEM,No,35,14,21
Travis,451,Referendum Item #2 - On A Fair Criminal Justice System,,DEM,No,20,8,12
Travis,451,Referendum Item #3 - On Climate,,DEM,No,29,10,19
Travis,451,Referendum Item #4 - On The Voting Rights Act,,DEM,No,43,15,28
Travis,451,Referendum Item #5 - On Campus Carry,,DEM,No,106,46,60
Travis,451,Referendum Item #6 - On Comprehensive Immigration Reform,,DEM,No,35,17,18
Travis,452,Referendum Item #1 - On Economic Security & Prosperity,,DEM,No,13,6,7
Travis,452,Referendum Item #2 - On A Fair Criminal Justice System,,DEM,No,24,8,16
Travis,452,Referendum Item #3 - On Climate,,DEM,No,31,13,18
Travis,452,Referendum Item #4 - On The Voting Rights Act,,DEM,No,21,9,12
Travis,452,Referendum Item #5 - On Campus Carry,,DEM,No,87,28,59
Travis,452,Referendum Item #6 - On Comprehensive Immigration Reform,,DEM,No,34,14,20
Travis,454,Referendum Item #1 - On Economic Security & Prosperity,,DEM,No,29,14,15
Travis,454,Referendum Item #2 - On A Fair Criminal Justice System,,DEM,No,13,7,6
Travis,454,Referendum Item #3 - On Climate,,DEM,No,14,6,8
Travis,454,Referendum Item #4 - On The Voting Rights Act,,DEM,No,24,11,13
Travis,454,Referendum Item #5 - On Campus Carry,,DEM,No,52,25,27
Travis,454,Referendum Item #6 - On Comprehensive Immigration Reform,,DEM,No,29,12,17
Travis,458,Referendum Item #1 - On Economic Security & Prosperity,,DEM,No,54,30,24
Travis,458,Referendum Item #2 - On A Fair Criminal Justice System,,DEM,No,31,17,14
Travis,458,Referendum Item #3 - On Climate,,DEM,No,38,26,12
Travis,458,Referendum Item #4 - On The Voting Rights Act,,DEM,No,61,36,25
Travis,458,Referendum Item #5 - On Campus Carry,,DEM,No,107,50,57
Travis,458,Referendum Item #6 - On Comprehensive Immigration Reform,,DEM,No,47,30,17
Travis,460,Referendum Item #1 - On Economic Security & Prosperity,,DEM,No,52,26,26
Travis,460,Referendum Item #2 - On A Fair Criminal Justice System,,DEM,No,39,19,20
Travis,460,Referendum Item #3 - On Climate,,DEM,No,30,17,13
Travis,460,Referendum Item #4 - On The Voting Rights Act,,DEM,No,63,36,27
Travis,460,Referendum Item #5 - On Campus Carry,,DEM,No,98,42,56
Travis,460,Referendum Item #6 - On Comprehensive Immigration Reform,,DEM,No,61,28,33
Travis,461,Referendum Item #1 - On Economic Security & Prosperity,,DEM,No,43,14,29
Travis,461,Referendum Item #2 - On A Fair Criminal Justice System,,DEM,No,32,11,21
Travis,461,Referendum Item #3 - On Climate,,DEM,No,25,13,12
Travis,461,Referendum Item #4 - On The Voting Rights Act,,DEM,No,57,18,39
Travis,461,Referendum Item #5 - On Campus Carry,,DEM,No,83,26,57
Travis,461,Referendum Item #6 - On Comprehensive Immigration Reform,,DEM,No,31,13,18
Travis,463,Referendum Item #1 - On Economic Security & Prosperity,,DEM,No,47,21,26
Travis,463,Referendum Item #2 - On A Fair Criminal Justice System,,DEM,No,36,13,23
Travis,463,Referendum Item #3 - On Climate,,DEM,No,39,19,20
Travis,463,Referendum Item #4 - On The Voting Rights Act,,DEM,No,54,25,29
Travis,463,Referendum Item #5 - On Campus Carry,,DEM,No,105,43,62
Travis,463,Referendum Item #6 - On Comprehensive Immigration Reform,,DEM,No,54,30,24
Travis,101,"District Judge, 167th Judicial District",,DEM,P. David Wahlberg,776,275,501
Travis,102,"District Judge, 167th Judicial District",,DEM,P. David Wahlberg,167,57,110
Travis,103,"District Judge, 167th Judicial District",,DEM,P. David Wahlberg,261,106,155
Travis,104,"District Judge, 167th Judicial District",,DEM,P. David Wahlberg,199,88,111
Travis,105,"District Judge, 167th Judicial District",,DEM,P. David Wahlberg,857,382,475
Travis,106,"District Judge, 167th Judicial District",,DEM,P. David Wahlberg,314,135,179
Travis,107,"District Judge, 167th Judicial District",,DEM,P. David Wahlberg,33,11,22
Travis,108,"District Judge, 167th Judicial District",,DEM,P. David Wahlberg,287,89,198
Travis,109,"District Judge, 167th Judicial District",,DEM,P. David Wahlberg,342,119,223
Travis,110,"District Judge, 167th Judicial District",,DEM,P. David Wahlberg,649,247,402
Travis,111,"District Judge, 167th Judicial District",,DEM,P. David Wahlberg,619,237,382
Travis,112,"District Judge, 167th Judicial District",,DEM,P. David Wahlberg,193,68,125
Travis,113,"District Judge, 167th Judicial District",,DEM,P. David Wahlberg,809,287,522
Travis,114,"District Judge, 167th Judicial District",,DEM,P. David Wahlberg,48,20,28
Travis,115,"District Judge, 167th Judicial District",,DEM,P. David Wahlberg,1,0,1
Travis,116,"District Judge, 167th Judicial District",,DEM,P. David Wahlberg,1,0,1
Travis,117,"District Judge, 167th Judicial District",,DEM,P. David Wahlberg,446,203,243
Travis,118,"District Judge, 167th Judicial District",,DEM,P. David Wahlberg,82,40,42
Travis,119,"District Judge, 167th Judicial District",,DEM,P. David Wahlberg,0,0,0
Travis,120,"District Judge, 167th Judicial District",,DEM,P. David Wahlberg,26,16,10
Travis,121,"District Judge, 167th Judicial District",,DEM,P. David Wahlberg,151,76,75
Travis,122,"District Judge, 167th Judicial District",,DEM,P. David Wahlberg,635,325,310
Travis,123,"District Judge, 167th Judicial District",,DEM,P. David Wahlberg,478,173,305
Travis,124,"District Judge, 167th Judicial District",,DEM,P. David Wahlberg,1069,514,555
Travis,125,"District Judge, 167th Judicial District",,DEM,P. David Wahlberg,0,0,0
Travis,126,"District Judge, 167th Judicial District",,DEM,P. David Wahlberg,1195,545,650
Travis,127,"District Judge, 167th Judicial District",,DEM,P. David Wahlberg,0,0,0
Travis,128,"District Judge, 167th Judicial District",,DEM,P. David Wahlberg,0,0,0
Travis,129,"District Judge, 167th Judicial District",,DEM,P. David Wahlberg,561,286,275
Travis,130,"District Judge, 167th Judicial District",,DEM,P. David Wahlberg,503,195,308
Travis,131,"District Judge, 167th Judicial District",,DEM,P. David Wahlberg,0,0,0
Travis,132,"District Judge, 167th Judicial District",,DEM,P. David Wahlberg,614,274,340
Travis,133,"District Judge, 167th Judicial District",,DEM,P. David Wahlberg,624,234,390
Travis,134,"District Judge, 167th Judicial District",,DEM,P. David Wahlberg,0,0,0
Travis,135,"District Judge, 167th Judicial District",,DEM,P. David Wahlberg,1665,717,948
Travis,136,"District Judge, 167th Judicial District",,DEM,P. David Wahlberg,382,163,219
Travis,137,"District Judge, 167th Judicial District",,DEM,P. David Wahlberg,874,325,549
Travis,138,"District Judge, 167th Judicial District",,DEM,P. David Wahlberg,0,0,0
Travis,139,"District Judge, 167th Judicial District",,DEM,P. David Wahlberg,570,249,321
Travis,140,"District Judge, 167th Judicial District",,DEM,P. David Wahlberg,294,123,171
Travis,141,"District Judge, 167th Judicial District",,DEM,P. David Wahlberg,63,21,42
Travis,142,"District Judge, 167th Judicial District",,DEM,P. David Wahlberg,207,95,112
Travis,145,"District Judge, 167th Judicial District",,DEM,P. David Wahlberg,380,140,240
Travis,146,"District Judge, 167th Judicial District",,DEM,P. David Wahlberg,368,179,189
Travis,148,"District Judge, 167th Judicial District",,DEM,P. David Wahlberg,484,196,288
Travis,149,"District Judge, 167th Judicial District",,DEM,P. David Wahlberg,418,161,257
Travis,150,"District Judge, 167th Judicial District",,DEM,P. David Wahlberg,232,93,139
Travis,151,"District Judge, 167th Judicial District",,DEM,P. David Wahlberg,568,238,330
Travis,152,"District Judge, 167th Judicial District",,DEM,P. David Wahlberg,1120,498,622
Travis,153,"District Judge, 167th Judicial District",,DEM,P. David Wahlberg,763,281,482
Travis,154,"District Judge, 167th Judicial District",,DEM,P. David Wahlberg,457,143,314
Travis,156,"District Judge, 167th Judicial District",,DEM,P. David Wahlberg,1038,474,564
Travis,160,"District Judge, 167th Judicial District",,DEM,P. David Wahlberg,259,95,164
Travis,161,"District Judge, 167th Judicial District",,DEM,P. David Wahlberg,184,73,111
Travis,163,"District Judge, 167th Judicial District",,DEM,P. David Wahlberg,24,10,14
Travis,164,"District Judge, 167th Judicial District",,DEM,P. David Wahlberg,260,97,163
Travis,200,"District Judge, 167th Judicial District",,DEM,P. David Wahlberg,1219,553,666
Travis,202,"District Judge, 167th Judicial District",,DEM,P. David Wahlberg,890,403,487
Travis,203,"District Judge, 167th Judicial District",,DEM,P. David Wahlberg,93,28,65
Travis,205,"District Judge, 167th Judicial District",,DEM,P. David Wahlberg,397,152,245
Travis,206,"District Judge, 167th Judicial District",,DEM,P. David Wahlberg,268,130,138
Travis,207,"District Judge, 167th Judicial District",,DEM,P. David Wahlberg,673,271,402
Travis,208,"District Judge, 167th Judicial District",,DEM,P. David Wahlberg,1473,818,655
Travis,209,"District Judge, 167th Judicial District",,DEM,P. David Wahlberg,167,78,89
Travis,210,"District Judge, 167th Judicial District",,DEM,P. David Wahlberg,298,156,142
Travis,211,"District Judge, 167th Judicial District",,DEM,P. David Wahlberg,340,132,208
Travis,212,"District Judge, 167th Judicial District",,DEM,P. David Wahlberg,374,196,178
Travis,213,"District Judge, 167th Judicial District",,DEM,P. David Wahlberg,0,0,0
Travis,214,"District Judge, 167th Judicial District",,DEM,P. David Wahlberg,507,214,293
Travis,215,"District Judge, 167th Judicial District",,DEM,P. David Wahlberg,329,115,214
Travis,216,"District Judge, 167th Judicial District",,DEM,P. David Wahlberg,248,79,169
Travis,217,"District Judge, 167th Judicial District",,DEM,P. David Wahlberg,360,141,219
Travis,218,"District Judge, 167th Judicial District",,DEM,P. David Wahlberg,756,306,450
Travis,219,"District Judge, 167th Judicial District",,DEM,P. David Wahlberg,394,143,251
Travis,220,"District Judge, 167th Judicial District",,DEM,P. David Wahlberg,324,154,170
Travis,221,"District Judge, 167th Judicial District",,DEM,P. David Wahlberg,92,41,51
Travis,222,"District Judge, 167th Judicial District",,DEM,P. David Wahlberg,490,183,307
Travis,223,"District Judge, 167th Judicial District",,DEM,P. David Wahlberg,103,40,63
Travis,224,"District Judge, 167th Judicial District",,DEM,P. David Wahlberg,17,8,9
Travis,225,"District Judge, 167th Judicial District",,DEM,P. David Wahlberg,475,166,309
Travis,226,"District Judge, 167th Judicial District",,DEM,P. David Wahlberg,283,101,182
Travis,227,"District Judge, 167th Judicial District",,DEM,P. David Wahlberg,76,32,44
Travis,228,"District Judge, 167th Judicial District",,DEM,P. David Wahlberg,310,161,149
Travis,229,"District Judge, 167th Judicial District",,DEM,P. David Wahlberg,378,145,233
Travis,231,"District Judge, 167th Judicial District",,DEM,P. David Wahlberg,539,238,301
Travis,232,"District Judge, 167th Judicial District",,DEM,P. David Wahlberg,488,235,253
Travis,233,"District Judge, 167th Judicial District",,DEM,P. David Wahlberg,391,147,244
Travis,234,"District Judge, 167th Judicial District",,DEM,P. David Wahlberg,217,98,119
Travis,235,"District Judge, 167th Judicial District",,DEM,P. David Wahlberg,709,288,421
Travis,236,"District Judge, 167th Judicial District",,DEM,P. David Wahlberg,861,300,561
Travis,237,"District Judge, 167th Judicial District",,DEM,P. David Wahlberg,399,176,223
Travis,238,"District Judge, 167th Judicial District",,DEM,P. David Wahlberg,611,259,352
Travis,239,"District Judge, 167th Judicial District",,DEM,P. David Wahlberg,645,272,373
Travis,240,"District Judge, 167th Judicial District",,DEM,P. David Wahlberg,266,85,181
Travis,241,"District Judge, 167th Judicial District",,DEM,P. David Wahlberg,437,161,276
Travis,242,"District Judge, 167th Judicial District",,DEM,P. David Wahlberg,1327,587,740
Travis,243,"District Judge, 167th Judicial District",,DEM,P. David Wahlberg,460,234,226
Travis,244,"District Judge, 167th Judicial District",,DEM,P. David Wahlberg,370,192,178
Travis,245,"District Judge, 167th Judicial District",,DEM,P. David Wahlberg,145,52,93
Travis,246,"District Judge, 167th Judicial District",,DEM,P. David Wahlberg,363,144,219
Travis,247,"District Judge, 167th Judicial District",,DEM,P. David Wahlberg,148,60,88
Travis,248,"District Judge, 167th Judicial District",,DEM,P. David Wahlberg,549,239,310
Travis,249,"District Judge, 167th Judicial District",,DEM,P. David Wahlberg,553,241,312
Travis,250,"District Judge, 167th Judicial District",,DEM,P. David Wahlberg,1031,443,588
Travis,251,"District Judge, 167th Judicial District",,DEM,P. David Wahlberg,600,278,322
Travis,252,"District Judge, 167th Judicial District",,DEM,P. David Wahlberg,586,278,308
Travis,253,"District Judge, 167th Judicial District",,DEM,P. David Wahlberg,480,233,247
Travis,254,"District Judge, 167th Judicial District",,DEM,P. David Wahlberg,503,230,273
Travis,256,"District Judge, 167th Judicial District",,DEM,P. David Wahlberg,302,154,148
Travis,258,"District Judge, 167th Judicial District",,DEM,P. David Wahlberg,453,205,248
Travis,259,"District Judge, 167th Judicial District",,DEM,P. David Wahlberg,518,201,317
Travis,260,"District Judge, 167th Judicial District",,DEM,P. David Wahlberg,153,50,103
Travis,262,"District Judge, 167th Judicial District",,DEM,P. David Wahlberg,856,416,440
Travis,263,"District Judge, 167th Judicial District",,DEM,P. David Wahlberg,560,209,351
Travis,266,"District Judge, 167th Judicial District",,DEM,P. David Wahlberg,78,44,34
Travis,267,"District Judge, 167th Judicial District",,DEM,P. David Wahlberg,268,145,123
Travis,268,"District Judge, 167th Judicial District",,DEM,P. David Wahlberg,181,67,114
Travis,273,"District Judge, 167th Judicial District",,DEM,P. David Wahlberg,727,306,421
Travis,274,"District Judge, 167th Judicial District",,DEM,P. David Wahlberg,705,316,389
Travis,275,"District Judge, 167th Judicial District",,DEM,P. David Wahlberg,914,374,540
Travis,277,"District Judge, 167th Judicial District",,DEM,P. David Wahlberg,887,484,403
Travis,301,"District Judge, 167th Judicial District",,DEM,P. David Wahlberg,235,93,142
Travis,302,"District Judge, 167th Judicial District",,DEM,P. David Wahlberg,478,254,224
Travis,303,"District Judge, 167th Judicial District",,DEM,P. David Wahlberg,398,201,197
Travis,304,"District Judge, 167th Judicial District",,DEM,P. David Wahlberg,643,285,358
Travis,305,"District Judge, 167th Judicial District",,DEM,P. David Wahlberg,3,2,1
Travis,306,"District Judge, 167th Judicial District",,DEM,P. David Wahlberg,259,142,117
Travis,307,"District Judge, 167th Judicial District",,DEM,P. David Wahlberg,239,117,122
Travis,308,"District Judge, 167th Judicial District",,DEM,P. David Wahlberg,481,207,274
Travis,309,"District Judge, 167th Judicial District",,DEM,P. David Wahlberg,420,220,200
Travis,310,"District Judge, 167th Judicial District",,DEM,P. David Wahlberg,716,334,382
Travis,311,"District Judge, 167th Judicial District",,DEM,P. David Wahlberg,899,525,374
Travis,312,"District Judge, 167th Judicial District",,DEM,P. David Wahlberg,230,110,120
Travis,313,"District Judge, 167th Judicial District",,DEM,P. David Wahlberg,87,33,54
Travis,314,"District Judge, 167th Judicial District",,DEM,P. David Wahlberg,408,206,202
Travis,315,"District Judge, 167th Judicial District",,DEM,P. David Wahlberg,651,296,355
Travis,316,"District Judge, 167th Judicial District",,DEM,P. David Wahlberg,238,101,137
Travis,317,"District Judge, 167th Judicial District",,DEM,P. David Wahlberg,368,184,184
Travis,318,"District Judge, 167th Judicial District",,DEM,P. David Wahlberg,91,34,57
Travis,319,"District Judge, 167th Judicial District",,DEM,P. David Wahlberg,182,94,88
Travis,320,"District Judge, 167th Judicial District",,DEM,P. David Wahlberg,151,98,53
Travis,321,"District Judge, 167th Judicial District",,DEM,P. David Wahlberg,126,58,68
Travis,323,"District Judge, 167th Judicial District",,DEM,P. David Wahlberg,366,164,202
Travis,324,"District Judge, 167th Judicial District",,DEM,P. David Wahlberg,396,204,192
Travis,325,"District Judge, 167th Judicial District",,DEM,P. David Wahlberg,12,7,5
Travis,326,"District Judge, 167th Judicial District",,DEM,P. David Wahlberg,299,127,172
Travis,327,"District Judge, 167th Judicial District",,DEM,P. David Wahlberg,465,209,256
Travis,328,"District Judge, 167th Judicial District",,DEM,P. David Wahlberg,682,321,361
Travis,329,"District Judge, 167th Judicial District",,DEM,P. David Wahlberg,392,203,189
Travis,330,"District Judge, 167th Judicial District",,DEM,P. David Wahlberg,336,145,191
Travis,331,"District Judge, 167th Judicial District",,DEM,P. David Wahlberg,463,152,311
Travis,332,"District Judge, 167th Judicial District",,DEM,P. David Wahlberg,764,273,491
Travis,333,"District Judge, 167th Judicial District",,DEM,P. David Wahlberg,386,101,285
Travis,334,"District Judge, 167th Judicial District",,DEM,P. David Wahlberg,296,120,176
Travis,335,"District Judge, 167th Judicial District",,DEM,P. David Wahlberg,350,155,195
Travis,336,"District Judge, 167th Judicial District",,DEM,P. David Wahlberg,315,123,192
Travis,337,"District Judge, 167th Judicial District",,DEM,P. David Wahlberg,566,204,362
Travis,338,"District Judge, 167th Judicial District",,DEM,P. David Wahlberg,744,288,456
Travis,339,"District Judge, 167th Judicial District",,DEM,P. David Wahlberg,314,153,161
Travis,340,"District Judge, 167th Judicial District",,DEM,P. David Wahlberg,515,205,310
Travis,341,"District Judge, 167th Judicial District",,DEM,P. David Wahlberg,5,0,5
Travis,342,"District Judge, 167th Judicial District",,DEM,P. David Wahlberg,1191,523,668
Travis,343,"District Judge, 167th Judicial District",,DEM,P. David Wahlberg,233,84,149
Travis,344,"District Judge, 167th Judicial District",,DEM,P. David Wahlberg,390,176,214
Travis,345,"District Judge, 167th Judicial District",,DEM,P. David Wahlberg,1,1,0
Travis,346,"District Judge, 167th Judicial District",,DEM,P. David Wahlberg,232,144,88
Travis,347,"District Judge, 167th Judicial District",,DEM,P. David Wahlberg,379,193,186
Travis,349,"District Judge, 167th Judicial District",,DEM,P. David Wahlberg,757,330,427
Travis,350,"District Judge, 167th Judicial District",,DEM,P. David Wahlberg,794,372,422
Travis,351,"District Judge, 167th Judicial District",,DEM,P. David Wahlberg,266,127,139
Travis,352,"District Judge, 167th Judicial District",,DEM,P. David Wahlberg,690,361,329
Travis,354,"District Judge, 167th Judicial District",,DEM,P. David Wahlberg,738,432,306
Travis,356,"District Judge, 167th Judicial District",,DEM,P. David Wahlberg,267,123,144
Travis,357,"District Judge, 167th Judicial District",,DEM,P. David Wahlberg,87,35,52
Travis,358,"District Judge, 167th Judicial District",,DEM,P. David Wahlberg,985,463,522
Travis,359,"District Judge, 167th Judicial District",,DEM,P. David Wahlberg,481,221,260
Travis,360,"District Judge, 167th Judicial District",,DEM,P. David Wahlberg,700,305,395
Travis,361,"District Judge, 167th Judicial District",,DEM,P. David Wahlberg,201,92,109
Travis,362,"District Judge, 167th Judicial District",,DEM,P. David Wahlberg,610,311,299
Travis,363,"District Judge, 167th Judicial District",,DEM,P. David Wahlberg,283,138,145
Travis,364,"District Judge, 167th Judicial District",,DEM,P. David Wahlberg,533,312,221
Travis,365,"District Judge, 167th Judicial District",,DEM,P. David Wahlberg,292,119,173
Travis,366,"District Judge, 167th Judicial District",,DEM,P. David Wahlberg,844,396,448
Travis,367,"District Judge, 167th Judicial District",,DEM,P. David Wahlberg,787,351,436
Travis,368,"District Judge, 167th Judicial District",,DEM,P. David Wahlberg,23,14,9
Travis,369,"District Judge, 167th Judicial District",,DEM,P. David Wahlberg,169,52,117
Travis,370,"District Judge, 167th Judicial District",,DEM,P. David Wahlberg,125,17,108
Travis,371,"District Judge, 167th Judicial District",,DEM,P. David Wahlberg,210,85,125
Travis,372,"District Judge, 167th Judicial District",,DEM,P. David Wahlberg,152,51,101
Travis,373,"District Judge, 167th Judicial District",,DEM,P. David Wahlberg,340,132,208
Travis,374,"District Judge, 167th Judicial District",,DEM,P. David Wahlberg,427,156,271
Travis,375,"District Judge, 167th Judicial District",,DEM,P. David Wahlberg,81,28,53
Travis,401,"District Judge, 167th Judicial District",,DEM,P. David Wahlberg,315,148,167
Travis,402,"District Judge, 167th Judicial District",,DEM,P. David Wahlberg,406,171,235
Travis,403,"District Judge, 167th Judicial District",,DEM,P. David Wahlberg,161,56,105
Travis,404,"District Judge, 167th Judicial District",,DEM,P. David Wahlberg,399,149,250
Travis,405,"District Judge, 167th Judicial District",,DEM,P. David Wahlberg,82,32,50
Travis,406,"District Judge, 167th Judicial District",,DEM,P. David Wahlberg,391,228,163
Travis,407,"District Judge, 167th Judicial District",,DEM,P. David Wahlberg,286,123,163
Travis,408,"District Judge, 167th Judicial District",,DEM,P. David Wahlberg,525,204,321
Travis,409,"District Judge, 167th Judicial District",,DEM,P. David Wahlberg,518,219,299
Travis,410,"District Judge, 167th Judicial District",,DEM,P. David Wahlberg,567,278,289
Travis,411,"District Judge, 167th Judicial District",,DEM,P. David Wahlberg,294,125,169
Travis,412,"District Judge, 167th Judicial District",,DEM,P. David Wahlberg,25,15,10
Travis,413,"District Judge, 167th Judicial District",,DEM,P. David Wahlberg,165,68,97
Travis,414,"District Judge, 167th Judicial District",,DEM,P. David Wahlberg,604,264,340
Travis,415,"District Judge, 167th Judicial District",,DEM,P. David Wahlberg,227,82,145
Travis,416,"District Judge, 167th Judicial District",,DEM,P. David Wahlberg,22,10,12
Travis,417,"District Judge, 167th Judicial District",,DEM,P. David Wahlberg,260,132,128
Travis,418,"District Judge, 167th Judicial District",,DEM,P. David Wahlberg,0,0,0
Travis,419,"District Judge, 167th Judicial District",,DEM,P. David Wahlberg,86,52,34
Travis,420,"District Judge, 167th Judicial District",,DEM,P. David Wahlberg,528,227,301
Travis,421,"District Judge, 167th Judicial District",,DEM,P. David Wahlberg,569,231,338
Travis,422,"District Judge, 167th Judicial District",,DEM,P. David Wahlberg,563,249,314
Travis,423,"District Judge, 167th Judicial District",,DEM,P. David Wahlberg,563,230,333
Travis,424,"District Judge, 167th Judicial District",,DEM,P. David Wahlberg,542,221,321
Travis,425,"District Judge, 167th Judicial District",,DEM,P. David Wahlberg,185,83,102
Travis,426,"District Judge, 167th Judicial District",,DEM,P. David Wahlberg,583,263,320
Travis,427,"District Judge, 167th Judicial District",,DEM,P. David Wahlberg,431,208,223
Travis,428,"District Judge, 167th Judicial District",,DEM,P. David Wahlberg,210,94,116
Travis,429,"District Judge, 167th Judicial District",,DEM,P. David Wahlberg,1179,516,663
Travis,430,"District Judge, 167th Judicial District",,DEM,P. David Wahlberg,294,117,177
Travis,431,"District Judge, 167th Judicial District",,DEM,P. David Wahlberg,1066,435,631
Travis,432,"District Judge, 167th Judicial District",,DEM,P. David Wahlberg,1,1,0
Travis,433,"District Judge, 167th Judicial District",,DEM,P. David Wahlberg,602,288,314
Travis,434,"District Judge, 167th Judicial District",,DEM,P. David Wahlberg,2,1,1
Travis,435,"District Judge, 167th Judicial District",,DEM,P. David Wahlberg,985,434,551
Travis,436,"District Judge, 167th Judicial District",,DEM,P. David Wahlberg,63,27,36
Travis,437,"District Judge, 167th Judicial District",,DEM,P. David Wahlberg,532,205,327
Travis,438,"District Judge, 167th Judicial District",,DEM,P. David Wahlberg,318,144,174
Travis,439,"District Judge, 167th Judicial District",,DEM,P. David Wahlberg,594,250,344
Travis,440,"District Judge, 167th Judicial District",,DEM,P. David Wahlberg,203,96,107
Travis,441,"District Judge, 167th Judicial District",,DEM,P. David Wahlberg,792,380,412
Travis,442,"District Judge, 167th Judicial District",,DEM,P. David Wahlberg,301,122,179
Travis,443,"District Judge, 167th Judicial District",,DEM,P. David Wahlberg,451,199,252
Travis,444,"District Judge, 167th Judicial District",,DEM,P. David Wahlberg,25,12,13
Travis,446,"District Judge, 167th Judicial District",,DEM,P. David Wahlberg,250,100,150
Travis,447,"District Judge, 167th Judicial District",,DEM,P. David Wahlberg,736,304,432
Travis,448,"District Judge, 167th Judicial District",,DEM,P. David Wahlberg,385,166,219
Travis,450,"District Judge, 167th Judicial District",,DEM,P. David Wahlberg,622,265,357
Travis,451,"District Judge, 167th Judicial District",,DEM,P. David Wahlberg,621,257,364
Travis,452,"District Judge, 167th Judicial District",,DEM,P. David Wahlberg,293,123,170
Travis,454,"District Judge, 167th Judicial District",,DEM,P. David Wahlberg,464,239,225
Travis,458,"District Judge, 167th Judicial District",,DEM,P. David Wahlberg,654,338,316
Travis,460,"District Judge, 167th Judicial District",,DEM,P. David Wahlberg,788,394,394
Travis,461,"District Judge, 167th Judicial District",,DEM,P. David Wahlberg,859,378,481
Travis,463,"District Judge, 167th Judicial District",,DEM,P. David Wahlberg,642,264,378
Travis,101,"District 5, Member, State Board Of Education",,DEM,Rebecca Bell-Metereau,792,278,514
Travis,114,"District 5, Member, State Board Of Education",,DEM,Rebecca Bell-Metereau,49,20,29
Travis,115,"District 5, Member, State Board Of Education",,DEM,Rebecca Bell-Metereau,1,0,1
Travis,116,"District 5, Member, State Board Of Education",,DEM,Rebecca Bell-Metereau,1,0,1
Travis,117,"District 5, Member, State Board Of Education",,DEM,Rebecca Bell-Metereau,453,206,247
Travis,118,"District 5, Member, State Board Of Education",,DEM,Rebecca Bell-Metereau,86,41,45
Travis,119,"District 5, Member, State Board Of Education",,DEM,Rebecca Bell-Metereau,0,0,0
Travis,121,"District 5, Member, State Board Of Education",,DEM,Rebecca Bell-Metereau,149,76,73
Travis,122,"District 5, Member, State Board Of Education",,DEM,Rebecca Bell-Metereau,650,332,318
Travis,124,"District 5, Member, State Board Of Education",,DEM,Rebecca Bell-Metereau,1089,523,566
Travis,126,"District 5, Member, State Board Of Education",,DEM,Rebecca Bell-Metereau,1213,551,662
Travis,127,"District 5, Member, State Board Of Education",,DEM,Rebecca Bell-Metereau,0,0,0
Travis,129,"District 5, Member, State Board Of Education",,DEM,Rebecca Bell-Metereau,561,283,278
Travis,130,"District 5, Member, State Board Of Education",,DEM,Rebecca Bell-Metereau,511,200,311
Travis,132,"District 5, Member, State Board Of Education",,DEM,Rebecca Bell-Metereau,624,284,340
Travis,133,"District 5, Member, State Board Of Education",,DEM,Rebecca Bell-Metereau,624,230,394
Travis,135,"District 5, Member, State Board Of Education",,DEM,Rebecca Bell-Metereau,1690,735,955
Travis,138,"District 5, Member, State Board Of Education",,DEM,Rebecca Bell-Metereau,0,0,0
Travis,142,"District 5, Member, State Board Of Education",,DEM,Rebecca Bell-Metereau,213,97,116
Travis,151,"District 5, Member, State Board Of Education",,DEM,Rebecca Bell-Metereau,575,241,334
Travis,152,"District 5, Member, State Board Of Education",,DEM,Rebecca Bell-Metereau,1136,504,632
Travis,200,"District 5, Member, State Board Of Education",,DEM,Rebecca Bell-Metereau,1240,566,674
Travis,202,"District 5, Member, State Board Of Education",,DEM,Rebecca Bell-Metereau,909,409,500
Travis,206,"District 5, Member, State Board Of Education",,DEM,Rebecca Bell-Metereau,279,137,142
Travis,208,"District 5, Member, State Board Of Education",,DEM,Rebecca Bell-Metereau,1494,829,665
Travis,210,"District 5, Member, State Board Of Education",,DEM,Rebecca Bell-Metereau,294,151,143
Travis,212,"District 5, Member, State Board Of Education",,DEM,Rebecca Bell-Metereau,373,197,176
Travis,213,"District 5, Member, State Board Of Education",,DEM,Rebecca Bell-Metereau,0,0,0
Travis,214,"District 5, Member, State Board Of Education",,DEM,Rebecca Bell-Metereau,506,214,292
Travis,221,"District 5, Member, State Board Of Education",,DEM,Rebecca Bell-Metereau,91,40,51
Travis,235,"District 5, Member, State Board Of Education",,DEM,Rebecca Bell-Metereau,718,284,434
Travis,236,"District 5, Member, State Board Of Education",,DEM,Rebecca Bell-Metereau,866,303,563
Travis,250,"District 5, Member, State Board Of Education",,DEM,Rebecca Bell-Metereau,1008,428,580
Travis,251,"District 5, Member, State Board Of Education",,DEM,Rebecca Bell-Metereau,604,280,324
Travis,256,"District 5, Member, State Board Of Education",,DEM,Rebecca Bell-Metereau,299,153,146
Travis,266,"District 5, Member, State Board Of Education",,DEM,Rebecca Bell-Metereau,79,46,33
Travis,273,"District 5, Member, State Board Of Education",,DEM,Rebecca Bell-Metereau,729,305,424
Travis,274,"District 5, Member, State Board Of Education",,DEM,Rebecca Bell-Metereau,717,323,394
Travis,275,"District 5, Member, State Board Of Education",,DEM,Rebecca Bell-Metereau,936,383,553
Travis,277,"District 5, Member, State Board Of Education",,DEM,Rebecca Bell-Metereau,896,491,405
Travis,301,"District 5, Member, State Board Of Education",,DEM,Rebecca Bell-Metereau,238,93,145
Travis,302,"District 5, Member, State Board Of Education",,DEM,Rebecca Bell-Metereau,485,259,226
Travis,303,"District 5, Member, State Board Of Education",,DEM,Rebecca Bell-Metereau,405,202,203
Travis,304,"District 5, Member, State Board Of Education",,DEM,Rebecca Bell-Metereau,651,287,364
Travis,307,"District 5, Member, State Board Of Education",,DEM,Rebecca Bell-Metereau,238,113,125
Travis,309,"District 5, Member, State Board Of Education",,DEM,Rebecca Bell-Metereau,430,221,209
Travis,310,"District 5, Member, State Board Of Education",,DEM,Rebecca Bell-Metereau,726,337,389
Travis,311,"District 5, Member, State Board Of Education",,DEM,Rebecca Bell-Metereau,911,530,381
Travis,313,"District 5, Member, State Board Of Education",,DEM,Rebecca Bell-Metereau,95,39,56
Travis,314,"District 5, Member, State Board Of Education",,DEM,Rebecca Bell-Metereau,419,217,202
Travis,315,"District 5, Member, State Board Of Education",,DEM,Rebecca Bell-Metereau,666,300,366
Travis,317,"District 5, Member, State Board Of Education",,DEM,Rebecca Bell-Metereau,374,187,187
Travis,318,"District 5, Member, State Board Of Education",,DEM,Rebecca Bell-Metereau,90,33,57
Travis,325,"District 5, Member, State Board Of Education",,DEM,Rebecca Bell-Metereau,15,8,7
Travis,329,"District 5, Member, State Board Of Education",,DEM,Rebecca Bell-Metereau,392,200,192
Travis,330,"District 5, Member, State Board Of Education",,DEM,Rebecca Bell-Metereau,334,146,188
Travis,332,"District 5, Member, State Board Of Education",,DEM,Rebecca Bell-Metereau,763,276,487
Travis,338,"District 5, Member, State Board Of Education",,DEM,Rebecca Bell-Metereau,753,293,460
Travis,339,"District 5, Member, State Board Of Education",,DEM,Rebecca Bell-Metereau,317,152,165
Travis,340,"District 5, Member, State Board Of Education",,DEM,Rebecca Bell-Metereau,523,211,312
Travis,341,"District 5, Member, State Board Of Education",,DEM,Rebecca Bell-Metereau,5,0,5
Travis,342,"District 5, Member, State Board Of Education",,DEM,Rebecca Bell-Metereau,1198,523,675
Travis,344,"District 5, Member, State Board Of Education",,DEM,Rebecca Bell-Metereau,401,180,221
Travis,347,"District 5, Member, State Board Of Education",,DEM,Rebecca Bell-Metereau,381,196,185
Travis,349,"District 5, Member, State Board Of Education",,DEM,Rebecca Bell-Metereau,768,334,434
Travis,350,"District 5, Member, State Board Of Education",,DEM,Rebecca Bell-Metereau,803,378,425
Travis,351,"District 5, Member, State Board Of Education",,DEM,Rebecca Bell-Metereau,266,125,141
Travis,352,"District 5, Member, State Board Of Education",,DEM,Rebecca Bell-Metereau,696,358,338
Travis,354,"District 5, Member, State Board Of Education",,DEM,Rebecca Bell-Metereau,748,438,310
Travis,356,"District 5, Member, State Board Of Education",,DEM,Rebecca Bell-Metereau,269,121,148
Travis,357,"District 5, Member, State Board Of Education",,DEM,Rebecca Bell-Metereau,88,35,53
Travis,358,"District 5, Member, State Board Of Education",,DEM,Rebecca Bell-Metereau,1003,469,534
Travis,360,"District 5, Member, State Board Of Education",,DEM,Rebecca Bell-Metereau,719,315,404
Travis,361,"District 5, Member, State Board Of Education",,DEM,Rebecca Bell-Metereau,204,94,110
Travis,362,"District 5, Member, State Board Of Education",,DEM,Rebecca Bell-Metereau,618,312,306
Travis,363,"District 5, Member, State Board Of Education",,DEM,Rebecca Bell-Metereau,280,136,144
Travis,364,"District 5, Member, State Board Of Education",,DEM,Rebecca Bell-Metereau,555,320,235
Travis,365,"District 5, Member, State Board Of Education",,DEM,Rebecca Bell-Metereau,293,118,175
Travis,366,"District 5, Member, State Board Of Education",,DEM,Rebecca Bell-Metereau,857,401,456
Travis,367,"District 5, Member, State Board Of Education",,DEM,Rebecca Bell-Metereau,811,360,451
Travis,401,"District 5, Member, State Board Of Education",,DEM,Rebecca Bell-Metereau,322,152,170
Travis,402,"District 5, Member, State Board Of Education",,DEM,Rebecca Bell-Metereau,411,173,238
Travis,403,"District 5, Member, State Board Of Education",,DEM,Rebecca Bell-Metereau,162,56,106
Travis,404,"District 5, Member, State Board Of Education",,DEM,Rebecca Bell-Metereau,413,156,257
Travis,405,"District 5, Member, State Board Of Education",,DEM,Rebecca Bell-Metereau,85,33,52
Travis,406,"District 5, Member, State Board Of Education",,DEM,Rebecca Bell-Metereau,399,234,165
Travis,407,"District 5, Member, State Board Of Education",,DEM,Rebecca Bell-Metereau,290,124,166
Travis,408,"District 5, Member, State Board Of Education",,DEM,Rebecca Bell-Metereau,527,205,322
Travis,409,"District 5, Member, State Board Of Education",,DEM,Rebecca Bell-Metereau,525,225,300
Travis,410,"District 5, Member, State Board Of Education",,DEM,Rebecca Bell-Metereau,577,281,296
Travis,411,"District 5, Member, State Board Of Education",,DEM,Rebecca Bell-Metereau,307,132,175
Travis,412,"District 5, Member, State Board Of Education",,DEM,Rebecca Bell-Metereau,26,15,11
Travis,413,"District 5, Member, State Board Of Education",,DEM,Rebecca Bell-Metereau,167,70,97
Travis,414,"District 5, Member, State Board Of Education",,DEM,Rebecca Bell-Metereau,612,265,347
Travis,415,"District 5, Member, State Board Of Education",,DEM,Rebecca Bell-Metereau,234,88,146
Travis,416,"District 5, Member, State Board Of Education",,DEM,Rebecca Bell-Metereau,22,10,12
Travis,417,"District 5, Member, State Board Of Education",,DEM,Rebecca Bell-Metereau,265,134,131
Travis,418,"District 5, Member, State Board Of Education",,DEM,Rebecca Bell-Metereau,0,0,0
Travis,419,"District 5, Member, State Board Of Education",,DEM,Rebecca Bell-Metereau,91,54,37
Travis,420,"District 5, Member, State Board Of Education",,DEM,Rebecca Bell-Metereau,542,233,309
Travis,421,"District 5, Member, State Board Of Education",,DEM,Rebecca Bell-Metereau,582,238,344
Travis,422,"District 5, Member, State Board Of Education",,DEM,Rebecca Bell-Metereau,565,250,315
Travis,423,"District 5, Member, State Board Of Education",,DEM,Rebecca Bell-Metereau,572,235,337
Travis,424,"District 5, Member, State Board Of Education",,DEM,Rebecca Bell-Metereau,551,221,330
Travis,425,"District 5, Member, State Board Of Education",,DEM,Rebecca Bell-Metereau,185,83,102
Travis,426,"District 5, Member, State Board Of Education",,DEM,Rebecca Bell-Metereau,601,270,331
Travis,427,"District 5, Member, State Board Of Education",,DEM,Rebecca Bell-Metereau,440,210,230
Travis,428,"District 5, Member, State Board Of Education",,DEM,Rebecca Bell-Metereau,217,98,119
Travis,429,"District 5, Member, State Board Of Education",,DEM,Rebecca Bell-Metereau,1210,536,674
Travis,430,"District 5, Member, State Board Of Education",,DEM,Rebecca Bell-Metereau,303,120,183
Travis,431,"District 5, Member, State Board Of Education",,DEM,Rebecca Bell-Metereau,1090,446,644
Travis,432,"District 5, Member, State Board Of Education",,DEM,Rebecca Bell-Metereau,1,1,0
Travis,433,"District 5, Member, State Board Of Education",,DEM,Rebecca Bell-Metereau,611,294,317
Travis,434,"District 5, Member, State Board Of Education",,DEM,Rebecca Bell-Metereau,2,1,1
Travis,435,"District 5, Member, State Board Of Education",,DEM,Rebecca Bell-Metereau,1006,443,563
Travis,436,"District 5, Member, State Board Of Education",,DEM,Rebecca Bell-Metereau,64,27,37
Travis,437,"District 5, Member, State Board Of Education",,DEM,Rebecca Bell-Metereau,549,211,338
Travis,438,"District 5, Member, State Board Of Education",,DEM,Rebecca Bell-Metereau,327,149,178
Travis,439,"District 5, Member, State Board Of Education",,DEM,Rebecca Bell-Metereau,613,255,358
Travis,440,"District 5, Member, State Board Of Education",,DEM,Rebecca Bell-Metereau,209,100,109
Travis,441,"District 5, Member, State Board Of Education",,DEM,Rebecca Bell-Metereau,814,390,424
Travis,442,"District 5, Member, State Board Of Education",,DEM,Rebecca Bell-Metereau,310,122,188
Travis,443,"District 5, Member, State Board Of Education",,DEM,Rebecca Bell-Metereau,459,198,261
Travis,444,"District 5, Member, State Board Of Education",,DEM,Rebecca Bell-Metereau,26,12,14
Travis,446,"District 5, Member, State Board Of Education",,DEM,Rebecca Bell-Metereau,255,105,150
Travis,447,"District 5, Member, State Board Of Education",,DEM,Rebecca Bell-Metereau,753,311,442
Travis,448,"District 5, Member, State Board Of Education",,DEM,Rebecca Bell-Metereau,395,164,231
Travis,450,"District 5, Member, State Board Of Education",,DEM,Rebecca Bell-Metereau,641,272,369
Travis,451,"District 5, Member, State Board Of Education",,DEM,Rebecca Bell-Metereau,631,263,368
Travis,452,"District 5, Member, State Board Of Education",,DEM,Rebecca Bell-Metereau,304,126,178
Travis,454,"District 5, Member, State Board Of Education",,DEM,Rebecca Bell-Metereau,470,242,228
Travis,458,"District 5, Member, State Board Of Education",,DEM,Rebecca Bell-Metereau,668,345,323
Travis,460,"District 5, Member, State Board Of Education",,DEM,Rebecca Bell-Metereau,799,396,403
Travis,461,"District 5, Member, State Board Of Education",,DEM,Rebecca Bell-Metereau,871,378,493
Travis,463,"District 5, Member, State Board Of Education",,DEM,Rebecca Bell-Metereau,654,267,387
Travis,101,"District Judge, 98th Judicial District",,DEM,Rhonda Hurley,785,275,510
Travis,102,"District Judge, 98th Judicial District",,DEM,Rhonda Hurley,172,59,113
Travis,103,"District Judge, 98th Judicial District",,DEM,Rhonda Hurley,262,105,157
Travis,104,"District Judge, 98th Judicial District",,DEM,Rhonda Hurley,201,89,112
Travis,105,"District Judge, 98th Judicial District",,DEM,Rhonda Hurley,871,394,477
Travis,106,"District Judge, 98th Judicial District",,DEM,Rhonda Hurley,321,137,184
Travis,107,"District Judge, 98th Judicial District",,DEM,Rhonda Hurley,34,12,22
Travis,108,"District Judge, 98th Judicial District",,DEM,Rhonda Hurley,292,89,203
Travis,109,"District Judge, 98th Judicial District",,DEM,Rhonda Hurley,347,123,224
Travis,110,"District Judge, 98th Judicial District",,DEM,Rhonda Hurley,649,244,405
Travis,111,"District Judge, 98th Judicial District",,DEM,Rhonda Hurley,622,238,384
Travis,112,"District Judge, 98th Judicial District",,DEM,Rhonda Hurley,194,68,126
Travis,113,"District Judge, 98th Judicial District",,DEM,Rhonda Hurley,821,290,531
Travis,114,"District Judge, 98th Judicial District",,DEM,Rhonda Hurley,49,20,29
Travis,115,"District Judge, 98th Judicial District",,DEM,Rhonda Hurley,1,0,1
Travis,116,"District Judge, 98th Judicial District",,DEM,Rhonda Hurley,1,0,1
Travis,117,"District Judge, 98th Judicial District",,DEM,Rhonda Hurley,450,205,245
Travis,118,"District Judge, 98th Judicial District",,DEM,Rhonda Hurley,84,41,43
Travis,119,"District Judge, 98th Judicial District",,DEM,Rhonda Hurley,0,0,0
Travis,120,"District Judge, 98th Judicial District",,DEM,Rhonda Hurley,26,16,10
Travis,121,"District Judge, 98th Judicial District",,DEM,Rhonda Hurley,155,79,76
Travis,122,"District Judge, 98th Judicial District",,DEM,Rhonda Hurley,639,326,313
Travis,123,"District Judge, 98th Judicial District",,DEM,Rhonda Hurley,483,174,309
Travis,124,"District Judge, 98th Judicial District",,DEM,Rhonda Hurley,1073,517,556
Travis,125,"District Judge, 98th Judicial District",,DEM,Rhonda Hurley,0,0,0
Travis,126,"District Judge, 98th Judicial District",,DEM,Rhonda Hurley,1201,545,656
Travis,127,"District Judge, 98th Judicial District",,DEM,Rhonda Hurley,0,0,0
Travis,128,"District Judge, 98th Judicial District",,DEM,Rhonda Hurley,0,0,0
Travis,129,"District Judge, 98th Judicial District",,DEM,Rhonda Hurley,565,285,280
Travis,130,"District Judge, 98th Judicial District",,DEM,Rhonda Hurley,509,198,311
Travis,131,"District Judge, 98th Judicial District",,DEM,Rhonda Hurley,0,0,0
Travis,132,"District Judge, 98th Judicial District",,DEM,Rhonda Hurley,620,280,340
Travis,133,"District Judge, 98th Judicial District",,DEM,Rhonda Hurley,617,230,387
Travis,134,"District Judge, 98th Judicial District",,DEM,Rhonda Hurley,0,0,0
Travis,135,"District Judge, 98th Judicial District",,DEM,Rhonda Hurley,1675,721,954
Travis,136,"District Judge, 98th Judicial District",,DEM,Rhonda Hurley,389,169,220
Travis,137,"District Judge, 98th Judicial District",,DEM,Rhonda Hurley,882,326,556
Travis,138,"District Judge, 98th Judicial District",,DEM,Rhonda Hurley,0,0,0
Travis,139,"District Judge, 98th Judicial District",,DEM,Rhonda Hurley,579,252,327
Travis,140,"District Judge, 98th Judicial District",,DEM,Rhonda Hurley,299,126,173
Travis,141,"District Judge, 98th Judicial District",,DEM,Rhonda Hurley,65,21,44
Travis,142,"District Judge, 98th Judicial District",,DEM,Rhonda Hurley,210,96,114
Travis,145,"District Judge, 98th Judicial District",,DEM,Rhonda Hurley,386,142,244
Travis,146,"District Judge, 98th Judicial District",,DEM,Rhonda Hurley,376,184,192
Travis,148,"District Judge, 98th Judicial District",,DEM,Rhonda Hurley,495,202,293
Travis,149,"District Judge, 98th Judicial District",,DEM,Rhonda Hurley,423,164,259
Travis,150,"District Judge, 98th Judicial District",,DEM,Rhonda Hurley,233,95,138
Travis,151,"District Judge, 98th Judicial District",,DEM,Rhonda Hurley,578,240,338
Travis,152,"District Judge, 98th Judicial District",,DEM,Rhonda Hurley,1123,498,625
Travis,153,"District Judge, 98th Judicial District",,DEM,Rhonda Hurley,769,284,485
Travis,154,"District Judge, 98th Judicial District",,DEM,Rhonda Hurley,463,141,322
Travis,156,"District Judge, 98th Judicial District",,DEM,Rhonda Hurley,1040,472,568
Travis,160,"District Judge, 98th Judicial District",,DEM,Rhonda Hurley,263,96,167
Travis,161,"District Judge, 98th Judicial District",,DEM,Rhonda Hurley,183,72,111
Travis,163,"District Judge, 98th Judicial District",,DEM,Rhonda Hurley,23,10,13
Travis,164,"District Judge, 98th Judicial District",,DEM,Rhonda Hurley,264,99,165
Travis,200,"District Judge, 98th Judicial District",,DEM,Rhonda Hurley,1229,560,669
Travis,202,"District Judge, 98th Judicial District",,DEM,Rhonda Hurley,898,407,491
Travis,203,"District Judge, 98th Judicial District",,DEM,Rhonda Hurley,94,29,65
Travis,205,"District Judge, 98th Judicial District",,DEM,Rhonda Hurley,401,154,247
Travis,206,"District Judge, 98th Judicial District",,DEM,Rhonda Hurley,274,133,141
Travis,207,"District Judge, 98th Judicial District",,DEM,Rhonda Hurley,679,271,408
Travis,208,"District Judge, 98th Judicial District",,DEM,Rhonda Hurley,1486,825,661
Travis,209,"District Judge, 98th Judicial District",,DEM,Rhonda Hurley,169,79,90
Travis,210,"District Judge, 98th Judicial District",,DEM,Rhonda Hurley,299,155,144
Travis,211,"District Judge, 98th Judicial District",,DEM,Rhonda Hurley,336,133,203
Travis,212,"District Judge, 98th Judicial District",,DEM,Rhonda Hurley,374,198,176
Travis,213,"District Judge, 98th Judicial District",,DEM,Rhonda Hurley,0,0,0
Travis,214,"District Judge, 98th Judicial District",,DEM,Rhonda Hurley,507,214,293
Travis,215,"District Judge, 98th Judicial District",,DEM,Rhonda Hurley,334,119,215
Travis,216,"District Judge, 98th Judicial District",,DEM,Rhonda Hurley,253,80,173
Travis,217,"District Judge, 98th Judicial District",,DEM,Rhonda Hurley,365,144,221
Travis,218,"District Judge, 98th Judicial District",,DEM,Rhonda Hurley,757,307,450
Travis,219,"District Judge, 98th Judicial District",,DEM,Rhonda Hurley,402,148,254
Travis,220,"District Judge, 98th Judicial District",,DEM,Rhonda Hurley,332,157,175
Travis,221,"District Judge, 98th Judicial District",,DEM,Rhonda Hurley,91,40,51
Travis,222,"District Judge, 98th Judicial District",,DEM,Rhonda Hurley,493,183,310
Travis,223,"District Judge, 98th Judicial District",,DEM,Rhonda Hurley,108,41,67
Travis,224,"District Judge, 98th Judicial District",,DEM,Rhonda Hurley,17,7,10
Travis,225,"District Judge, 98th Judicial District",,DEM,Rhonda Hurley,476,166,310
Travis,226,"District Judge, 98th Judicial District",,DEM,Rhonda Hurley,286,103,183
Travis,227,"District Judge, 98th Judicial District",,DEM,Rhonda Hurley,77,31,46
Travis,228,"District Judge, 98th Judicial District",,DEM,Rhonda Hurley,311,162,149
Travis,229,"District Judge, 98th Judicial District",,DEM,Rhonda Hurley,386,145,241
Travis,231,"District Judge, 98th Judicial District",,DEM,Rhonda Hurley,543,239,304
Travis,232,"District Judge, 98th Judicial District",,DEM,Rhonda Hurley,490,237,253
Travis,233,"District Judge, 98th Judicial District",,DEM,Rhonda Hurley,390,146,244
Travis,234,"District Judge, 98th Judicial District",,DEM,Rhonda Hurley,217,99,118
Travis,235,"District Judge, 98th Judicial District",,DEM,Rhonda Hurley,718,289,429
Travis,236,"District Judge, 98th Judicial District",,DEM,Rhonda Hurley,866,301,565
Travis,237,"District Judge, 98th Judicial District",,DEM,Rhonda Hurley,409,179,230
Travis,238,"District Judge, 98th Judicial District",,DEM,Rhonda Hurley,617,258,359
Travis,239,"District Judge, 98th Judicial District",,DEM,Rhonda Hurley,654,276,378
Travis,240,"District Judge, 98th Judicial District",,DEM,Rhonda Hurley,265,85,180
Travis,241,"District Judge, 98th Judicial District",,DEM,Rhonda Hurley,434,159,275
Travis,242,"District Judge, 98th Judicial District",,DEM,Rhonda Hurley,1337,592,745
Travis,243,"District Judge, 98th Judicial District",,DEM,Rhonda Hurley,464,236,228
Travis,244,"District Judge, 98th Judicial District",,DEM,Rhonda Hurley,370,192,178
Travis,245,"District Judge, 98th Judicial District",,DEM,Rhonda Hurley,146,52,94
Travis,246,"District Judge, 98th Judicial District",,DEM,Rhonda Hurley,366,142,224
Travis,247,"District Judge, 98th Judicial District",,DEM,Rhonda Hurley,144,56,88
Travis,248,"District Judge, 98th Judicial District",,DEM,Rhonda Hurley,553,240,313
Travis,249,"District Judge, 98th Judicial District",,DEM,Rhonda Hurley,555,245,310
Travis,250,"District Judge, 98th Judicial District",,DEM,Rhonda Hurley,1032,439,593
Travis,251,"District Judge, 98th Judicial District",,DEM,Rhonda Hurley,609,281,328
Travis,252,"District Judge, 98th Judicial District",,DEM,Rhonda Hurley,589,280,309
Travis,253,"District Judge, 98th Judicial District",,DEM,Rhonda Hurley,484,235,249
Travis,254,"District Judge, 98th Judicial District",,DEM,Rhonda Hurley,506,227,279
Travis,256,"District Judge, 98th Judicial District",,DEM,Rhonda Hurley,303,154,149
Travis,258,"District Judge, 98th Judicial District",,DEM,Rhonda Hurley,455,206,249
Travis,259,"District Judge, 98th Judicial District",,DEM,Rhonda Hurley,515,199,316
Travis,260,"District Judge, 98th Judicial District",,DEM,Rhonda Hurley,150,50,100
Travis,262,"District Judge, 98th Judicial District",,DEM,Rhonda Hurley,856,417,439
Travis,263,"District Judge, 98th Judicial District",,DEM,Rhonda Hurley,563,211,352
Travis,266,"District Judge, 98th Judicial District",,DEM,Rhonda Hurley,82,47,35
Travis,267,"District Judge, 98th Judicial District",,DEM,Rhonda Hurley,277,150,127
Travis,268,"District Judge, 98th Judicial District",,DEM,Rhonda Hurley,182,68,114
Travis,273,"District Judge, 98th Judicial District",,DEM,Rhonda Hurley,727,303,424
Travis,274,"District Judge, 98th Judicial District",,DEM,Rhonda Hurley,710,318,392
Travis,275,"District Judge, 98th Judicial District",,DEM,Rhonda Hurley,923,378,545
Travis,277,"District Judge, 98th Judicial District",,DEM,Rhonda Hurley,897,490,407
Travis,301,"District Judge, 98th Judicial District",,DEM,Rhonda Hurley,236,93,143
Travis,302,"District Judge, 98th Judicial District",,DEM,Rhonda Hurley,481,256,225
Travis,303,"District Judge, 98th Judicial District",,DEM,Rhonda Hurley,404,206,198
Travis,304,"District Judge, 98th Judicial District",,DEM,Rhonda Hurley,643,283,360
Travis,305,"District Judge, 98th Judicial District",,DEM,Rhonda Hurley,3,2,1
Travis,306,"District Judge, 98th Judicial District",,DEM,Rhonda Hurley,267,149,118
Travis,307,"District Judge, 98th Judicial District",,DEM,Rhonda Hurley,241,117,124
Travis,308,"District Judge, 98th Judicial District",,DEM,Rhonda Hurley,485,210,275
Travis,309,"District Judge, 98th Judicial District",,DEM,Rhonda Hurley,420,219,201
Travis,310,"District Judge, 98th Judicial District",,DEM,Rhonda Hurley,721,335,386
Travis,311,"District Judge, 98th Judicial District",,DEM,Rhonda Hurley,907,525,382
Travis,312,"District Judge, 98th Judicial District",,DEM,Rhonda Hurley,231,110,121
Travis,313,"District Judge, 98th Judicial District",,DEM,Rhonda Hurley,90,35,55
Travis,314,"District Judge, 98th Judicial District",,DEM,Rhonda Hurley,413,209,204
Travis,315,"District Judge, 98th Judicial District",,DEM,Rhonda Hurley,650,300,350
Travis,316,"District Judge, 98th Judicial District",,DEM,Rhonda Hurley,240,103,137
Travis,317,"District Judge, 98th Judicial District",,DEM,Rhonda Hurley,372,186,186
Travis,318,"District Judge, 98th Judicial District",,DEM,Rhonda Hurley,92,34,58
Travis,319,"District Judge, 98th Judicial District",,DEM,Rhonda Hurley,187,99,88
Travis,320,"District Judge, 98th Judicial District",,DEM,Rhonda Hurley,155,99,56
Travis,321,"District Judge, 98th Judicial District",,DEM,Rhonda Hurley,125,57,68
Travis,323,"District Judge, 98th Judicial District",,DEM,Rhonda Hurley,367,163,204
Travis,324,"District Judge, 98th Judicial District",,DEM,Rhonda Hurley,395,202,193
Travis,325,"District Judge, 98th Judicial District",,DEM,Rhonda Hurley,13,8,5
Travis,326,"District Judge, 98th Judicial District",,DEM,Rhonda Hurley,298,127,171
Travis,327,"District Judge, 98th Judicial District",,DEM,Rhonda Hurley,467,211,256
Travis,328,"District Judge, 98th Judicial District",,DEM,Rhonda Hurley,694,325,369
Travis,329,"District Judge, 98th Judicial District",,DEM,Rhonda Hurley,390,204,186
Travis,330,"District Judge, 98th Judicial District",,DEM,Rhonda Hurley,335,146,189
Travis,331,"District Judge, 98th Judicial District",,DEM,Rhonda Hurley,471,154,317
Travis,332,"District Judge, 98th Judicial District",,DEM,Rhonda Hurley,769,275,494
Travis,333,"District Judge, 98th Judicial District",,DEM,Rhonda Hurley,390,103,287
Travis,334,"District Judge, 98th Judicial District",,DEM,Rhonda Hurley,298,120,178
Travis,335,"District Judge, 98th Judicial District",,DEM,Rhonda Hurley,345,151,194
Travis,336,"District Judge, 98th Judicial District",,DEM,Rhonda Hurley,317,123,194
Travis,337,"District Judge, 98th Judicial District",,DEM,Rhonda Hurley,578,214,364
Travis,338,"District Judge, 98th Judicial District",,DEM,Rhonda Hurley,747,289,458
Travis,339,"District Judge, 98th Judicial District",,DEM,Rhonda Hurley,319,153,166
Travis,340,"District Judge, 98th Judicial District",,DEM,Rhonda Hurley,523,211,312
Travis,341,"District Judge, 98th Judicial District",,DEM,Rhonda Hurley,5,0,5
Travis,342,"District Judge, 98th Judicial District",,DEM,Rhonda Hurley,1199,521,678
Travis,343,"District Judge, 98th Judicial District",,DEM,Rhonda Hurley,238,85,153
Travis,344,"District Judge, 98th Judicial District",,DEM,Rhonda Hurley,391,175,216
Travis,345,"District Judge, 98th Judicial District",,DEM,Rhonda Hurley,1,1,0
Travis,346,"District Judge, 98th Judicial District",,DEM,Rhonda Hurley,234,143,91
Travis,347,"District Judge, 98th Judicial District",,DEM,Rhonda Hurley,379,191,188
Travis,349,"District Judge, 98th Judicial District",,DEM,Rhonda Hurley,771,337,434
Travis,350,"District Judge, 98th Judicial District",,DEM,Rhonda Hurley,790,370,420
Travis,351,"District Judge, 98th Judicial District",,DEM,Rhonda Hurley,266,126,140
Travis,352,"District Judge, 98th Judicial District",,DEM,Rhonda Hurley,694,359,335
Travis,354,"District Judge, 98th Judicial District",,DEM,Rhonda Hurley,751,439,312
Travis,356,"District Judge, 98th Judicial District",,DEM,Rhonda Hurley,266,121,145
Travis,357,"District Judge, 98th Judicial District",,DEM,Rhonda Hurley,88,36,52
Travis,358,"District Judge, 98th Judicial District",,DEM,Rhonda Hurley,999,467,532
Travis,359,"District Judge, 98th Judicial District",,DEM,Rhonda Hurley,484,224,260
Travis,360,"District Judge, 98th Judicial District",,DEM,Rhonda Hurley,704,306,398
Travis,361,"District Judge, 98th Judicial District",,DEM,Rhonda Hurley,200,91,109
Travis,362,"District Judge, 98th Judicial District",,DEM,Rhonda Hurley,618,317,301
Travis,363,"District Judge, 98th Judicial District",,DEM,Rhonda Hurley,283,138,145
Travis,364,"District Judge, 98th Judicial District",,DEM,Rhonda Hurley,543,313,230
Travis,365,"District Judge, 98th Judicial District",,DEM,Rhonda Hurley,296,118,178
Travis,366,"District Judge, 98th Judicial District",,DEM,Rhonda Hurley,850,397,453
Travis,367,"District Judge, 98th Judicial District",,DEM,Rhonda Hurley,796,355,441
Travis,368,"District Judge, 98th Judicial District",,DEM,Rhonda Hurley,23,13,10
Travis,369,"District Judge, 98th Judicial District",,DEM,Rhonda Hurley,171,52,119
Travis,370,"District Judge, 98th Judicial District",,DEM,Rhonda Hurley,131,19,112
Travis,371,"District Judge, 98th Judicial District",,DEM,Rhonda Hurley,210,86,124
Travis,372,"District Judge, 98th Judicial District",,DEM,Rhonda Hurley,153,51,102
Travis,373,"District Judge, 98th Judicial District",,DEM,Rhonda Hurley,345,133,212
Travis,374,"District Judge, 98th Judicial District",,DEM,Rhonda Hurley,425,155,270
Travis,375,"District Judge, 98th Judicial District",,DEM,Rhonda Hurley,80,28,52
Travis,401,"District Judge, 98th Judicial District",,DEM,Rhonda Hurley,316,149,167
Travis,402,"District Judge, 98th Judicial District",,DEM,Rhonda Hurley,412,176,236
Travis,403,"District Judge, 98th Judicial District",,DEM,Rhonda Hurley,157,56,101
Travis,404,"District Judge, 98th Judicial District",,DEM,Rhonda Hurley,405,152,253
Travis,405,"District Judge, 98th Judicial District",,DEM,Rhonda Hurley,82,32,50
Travis,406,"District Judge, 98th Judicial District",,DEM,Rhonda Hurley,393,234,159
Travis,407,"District Judge, 98th Judicial District",,DEM,Rhonda Hurley,284,118,166
Travis,408,"District Judge, 98th Judicial District",,DEM,Rhonda Hurley,533,208,325
Travis,409,"District Judge, 98th Judicial District",,DEM,Rhonda Hurley,517,218,299
Travis,410,"District Judge, 98th Judicial District",,DEM,Rhonda Hurley,575,280,295
Travis,411,"District Judge, 98th Judicial District",,DEM,Rhonda Hurley,298,128,170
Travis,412,"District Judge, 98th Judicial District",,DEM,Rhonda Hurley,26,15,11
Travis,413,"District Judge, 98th Judicial District",,DEM,Rhonda Hurley,169,70,99
Travis,414,"District Judge, 98th Judicial District",,DEM,Rhonda Hurley,608,266,342
Travis,415,"District Judge, 98th Judicial District",,DEM,Rhonda Hurley,229,83,146
Travis,416,"District Judge, 98th Judicial District",,DEM,Rhonda Hurley,23,10,13
Travis,417,"District Judge, 98th Judicial District",,DEM,Rhonda Hurley,264,134,130
Travis,418,"District Judge, 98th Judicial District",,DEM,Rhonda Hurley,0,0,0
Travis,419,"District Judge, 98th Judicial District",,DEM,Rhonda Hurley,87,52,35
Travis,420,"District Judge, 98th Judicial District",,DEM,Rhonda Hurley,541,234,307
Travis,421,"District Judge, 98th Judicial District",,DEM,Rhonda Hurley,574,233,341
Travis,422,"District Judge, 98th Judicial District",,DEM,Rhonda Hurley,562,248,314
Travis,423,"District Judge, 98th Judicial District",,DEM,Rhonda Hurley,562,232,330
Travis,424,"District Judge, 98th Judicial District",,DEM,Rhonda Hurley,547,215,332
Travis,425,"District Judge, 98th Judicial District",,DEM,Rhonda Hurley,185,82,103
Travis,426,"District Judge, 98th Judicial District",,DEM,Rhonda Hurley,590,266,324
Travis,427,"District Judge, 98th Judicial District",,DEM,Rhonda Hurley,437,208,229
Travis,428,"District Judge, 98th Judicial District",,DEM,Rhonda Hurley,216,98,118
Travis,429,"District Judge, 98th Judicial District",,DEM,Rhonda Hurley,1188,524,664
Travis,430,"District Judge, 98th Judicial District",,DEM,Rhonda Hurley,297,118,179
Travis,431,"District Judge, 98th Judicial District",,DEM,Rhonda Hurley,1087,444,643
Travis,432,"District Judge, 98th Judicial District",,DEM,Rhonda Hurley,1,1,0
Travis,433,"District Judge, 98th Judicial District",,DEM,Rhonda Hurley,611,293,318
Travis,434,"District Judge, 98th Judicial District",,DEM,Rhonda Hurley,2,1,1
Travis,435,"District Judge, 98th Judicial District",,DEM,Rhonda Hurley,996,440,556
Travis,436,"District Judge, 98th Judicial District",,DEM,Rhonda Hurley,64,27,37
Travis,437,"District Judge, 98th Judicial District",,DEM,Rhonda Hurley,541,207,334
Travis,438,"District Judge, 98th Judicial District",,DEM,Rhonda Hurley,322,144,178
Travis,439,"District Judge, 98th Judicial District",,DEM,Rhonda Hurley,602,250,352
Travis,440,"District Judge, 98th Judicial District",,DEM,Rhonda Hurley,204,98,106
Travis,441,"District Judge, 98th Judicial District",,DEM,Rhonda Hurley,799,386,413
Travis,442,"District Judge, 98th Judicial District",,DEM,Rhonda Hurley,307,122,185
Travis,443,"District Judge, 98th Judicial District",,DEM,Rhonda Hurley,451,197,254
Travis,444,"District Judge, 98th Judicial District",,DEM,Rhonda Hurley,26,12,14
Travis,446,"District Judge, 98th Judicial District",,DEM,Rhonda Hurley,259,105,154
Travis,447,"District Judge, 98th Judicial District",,DEM,Rhonda Hurley,746,308,438
Travis,448,"District Judge, 98th Judicial District",,DEM,Rhonda Hurley,388,168,220
Travis,450,"District Judge, 98th Judicial District",,DEM,Rhonda Hurley,626,268,358
Travis,451,"District Judge, 98th Judicial District",,DEM,Rhonda Hurley,626,259,367
Travis,452,"District Judge, 98th Judicial District",,DEM,Rhonda Hurley,297,123,174
Travis,454,"District Judge, 98th Judicial District",,DEM,Rhonda Hurley,468,242,226
Travis,458,"District Judge, 98th Judicial District",,DEM,Rhonda Hurley,660,340,320
Travis,460,"District Judge, 98th Judicial District",,DEM,Rhonda Hurley,797,394,403
Travis,461,"District Judge, 98th Judicial District",,DEM,Rhonda Hurley,869,377,492
Travis,463,"District Judge, 98th Judicial District",,DEM,Rhonda Hurley,652,265,387
Travis,101,"Precinct No. 1, County Commissioner",,DEM,Richard Franklin III,281,79,202
Travis,102,"Precinct No. 1, County Commissioner",,DEM,Richard Franklin III,14,5,9
Travis,103,"Precinct No. 1, County Commissioner",,DEM,Richard Franklin III,22,6,16
Travis,104,"Precinct No. 1, County Commissioner",,DEM,Richard Franklin III,19,11,8
Travis,105,"Precinct No. 1, County Commissioner",,DEM,Richard Franklin III,162,74,88
Travis,106,"Precinct No. 1, County Commissioner",,DEM,Richard Franklin III,65,23,42
Travis,107,"Precinct No. 1, County Commissioner",,DEM,Richard Franklin III,3,0,3
Travis,108,"Precinct No. 1, County Commissioner",,DEM,Richard Franklin III,34,9,25
Travis,109,"Precinct No. 1, County Commissioner",,DEM,Richard Franklin III,36,12,24
Travis,110,"Precinct No. 1, County Commissioner",,DEM,Richard Franklin III,92,34,58
Travis,111,"Precinct No. 1, County Commissioner",,DEM,Richard Franklin III,74,26,48
Travis,112,"Precinct No. 1, County Commissioner",,DEM,Richard Franklin III,26,10,16
Travis,113,"Precinct No. 1, County Commissioner",,DEM,Richard Franklin III,101,25,76
Travis,114,"Precinct No. 1, County Commissioner",,DEM,Richard Franklin III,7,2,5
Travis,115,"Precinct No. 1, County Commissioner",,DEM,Richard Franklin III,0,0,0
Travis,116,"Precinct No. 1, County Commissioner",,DEM,Richard Franklin III,0,0,0
Travis,117,"Precinct No. 1, County Commissioner",,DEM,Richard Franklin III,73,31,42
Travis,118,"Precinct No. 1, County Commissioner",,DEM,Richard Franklin III,11,2,9
Travis,119,"Precinct No. 1, County Commissioner",,DEM,Richard Franklin III,0,0,0
Travis,120,"Precinct No. 1, County Commissioner",,DEM,Richard Franklin III,4,3,1
Travis,121,"Precinct No. 1, County Commissioner",,DEM,Richard Franklin III,30,12,18
Travis,122,"Precinct No. 1, County Commissioner",,DEM,Richard Franklin III,72,33,39
Travis,123,"Precinct No. 1, County Commissioner",,DEM,Richard Franklin III,71,25,46
Travis,124,"Precinct No. 1, County Commissioner",,DEM,Richard Franklin III,111,52,59
Travis,125,"Precinct No. 1, County Commissioner",,DEM,Richard Franklin III,0,0,0
Travis,126,"Precinct No. 1, County Commissioner",,DEM,Richard Franklin III,118,52,66
Travis,127,"Precinct No. 1, County Commissioner",,DEM,Richard Franklin III,0,0,0
Travis,128,"Precinct No. 1, County Commissioner",,DEM,Richard Franklin III,0,0,0
Travis,129,"Precinct No. 1, County Commissioner",,DEM,Richard Franklin III,65,34,31
Travis,130,"Precinct No. 1, County Commissioner",,DEM,Richard Franklin III,38,11,27
Travis,131,"Precinct No. 1, County Commissioner",,DEM,Richard Franklin III,0,0,0
Travis,132,"Precinct No. 1, County Commissioner",,DEM,Richard Franklin III,77,29,48
Travis,133,"Precinct No. 1, County Commissioner",,DEM,Richard Franklin III,38,10,28
Travis,134,"Precinct No. 1, County Commissioner",,DEM,Richard Franklin III,0,0,0
Travis,135,"Precinct No. 1, County Commissioner",,DEM,Richard Franklin III,91,46,45
Travis,136,"Precinct No. 1, County Commissioner",,DEM,Richard Franklin III,50,22,28
Travis,137,"Precinct No. 1, County Commissioner",,DEM,Richard Franklin III,97,28,69
Travis,138,"Precinct No. 1, County Commissioner",,DEM,Richard Franklin III,0,0,0
Travis,139,"Precinct No. 1, County Commissioner",,DEM,Richard Franklin III,62,29,33
Travis,140,"Precinct No. 1, County Commissioner",,DEM,Richard Franklin III,43,16,27
Travis,141,"Precinct No. 1, County Commissioner",,DEM,Richard Franklin III,9,1,8
Travis,142,"Precinct No. 1, County Commissioner",,DEM,Richard Franklin III,24,10,14
Travis,145,"Precinct No. 1, County Commissioner",,DEM,Richard Franklin III,53,21,32
Travis,146,"Precinct No. 1, County Commissioner",,DEM,Richard Franklin III,46,17,29
Travis,148,"Precinct No. 1, County Commissioner",,DEM,Richard Franklin III,76,29,47
Travis,149,"Precinct No. 1, County Commissioner",,DEM,Richard Franklin III,29,12,17
Travis,150,"Precinct No. 1, County Commissioner",,DEM,Richard Franklin III,21,6,15
Travis,151,"Precinct No. 1, County Commissioner",,DEM,Richard Franklin III,37,11,26
Travis,152,"Precinct No. 1, County Commissioner",,DEM,Richard Franklin III,60,30,30
Travis,153,"Precinct No. 1, County Commissioner",,DEM,Richard Franklin III,104,25,79
Travis,154,"Precinct No. 1, County Commissioner",,DEM,Richard Franklin III,59,20,39
Travis,156,"Precinct No. 1, County Commissioner",,DEM,Richard Franklin III,104,38,66
Travis,160,"Precinct No. 1, County Commissioner",,DEM,Richard Franklin III,51,16,35
Travis,161,"Precinct No. 1, County Commissioner",,DEM,Richard Franklin III,28,6,22
Travis,163,"Precinct No. 1, County Commissioner",,DEM,Richard Franklin III,2,1,1
Travis,164,"Precinct No. 1, County Commissioner",,DEM,Richard Franklin III,35,11,24
Travis,101,"District Attorney, 53rd Judicial District",,DEM,Rick Reed,74,33,41
Travis,102,"District Attorney, 53rd Judicial District",,DEM,Rick Reed,15,2,13
Travis,103,"District Attorney, 53rd Judicial District",,DEM,Rick Reed,22,10,12
Travis,104,"District Attorney, 53rd Judicial District",,DEM,Rick Reed,12,9,3
Travis,105,"District Attorney, 53rd Judicial District",,DEM,Rick Reed,97,41,56
Travis,106,"District Attorney, 53rd Judicial District",,DEM,Rick Reed,23,14,9
Travis,107,"District Attorney, 53rd Judicial District",,DEM,Rick Reed,3,2,1
Travis,108,"District Attorney, 53rd Judicial District",,DEM,Rick Reed,34,10,24
Travis,109,"District Attorney, 53rd Judicial District",,DEM,Rick Reed,28,13,15
Travis,110,"District Attorney, 53rd Judicial District",,DEM,Rick Reed,58,20,38
Travis,111,"District Attorney, 53rd Judicial District",,DEM,Rick Reed,64,14,50
Travis,112,"District Attorney, 53rd Judicial District",,DEM,Rick Reed,22,7,15
Travis,113,"District Attorney, 53rd Judicial District",,DEM,Rick Reed,74,25,49
Travis,114,"District Attorney, 53rd Judicial District",,DEM,Rick Reed,1,0,1
Travis,115,"District Attorney, 53rd Judicial District",,DEM,Rick Reed,0,0,0
Travis,116,"District Attorney, 53rd Judicial District",,DEM,Rick Reed,1,0,1
Travis,117,"District Attorney, 53rd Judicial District",,DEM,Rick Reed,34,15,19
Travis,118,"District Attorney, 53rd Judicial District",,DEM,Rick Reed,6,3,3
Travis,119,"District Attorney, 53rd Judicial District",,DEM,Rick Reed,0,0,0
Travis,120,"District Attorney, 53rd Judicial District",,DEM,Rick Reed,2,1,1
Travis,121,"District Attorney, 53rd Judicial District",,DEM,Rick Reed,9,4,5
Travis,122,"District Attorney, 53rd Judicial District",,DEM,Rick Reed,38,18,20
Travis,123,"District Attorney, 53rd Judicial District",,DEM,Rick Reed,39,19,20
Travis,124,"District Attorney, 53rd Judicial District",,DEM,Rick Reed,53,23,30
Travis,125,"District Attorney, 53rd Judicial District",,DEM,Rick Reed,0,0,0
Travis,126,"District Attorney, 53rd Judicial District",,DEM,Rick Reed,66,31,35
Travis,127,"District Attorney, 53rd Judicial District",,DEM,Rick Reed,0,0,0
Travis,128,"District Attorney, 53rd Judicial District",,DEM,Rick Reed,0,0,0
Travis,129,"District Attorney, 53rd Judicial District",,DEM,Rick Reed,24,17,7
Travis,130,"District Attorney, 53rd Judicial District",,DEM,Rick Reed,31,11,20
Travis,131,"District Attorney, 53rd Judicial District",,DEM,Rick Reed,0,0,0
Travis,132,"District Attorney, 53rd Judicial District",,DEM,Rick Reed,31,16,15
Travis,133,"District Attorney, 53rd Judicial District",,DEM,Rick Reed,36,10,26
Travis,134,"District Attorney, 53rd Judicial District",,DEM,Rick Reed,0,0,0
Travis,135,"District Attorney, 53rd Judicial District",,DEM,Rick Reed,80,34,46
Travis,136,"District Attorney, 53rd Judicial District",,DEM,Rick Reed,38,17,21
Travis,137,"District Attorney, 53rd Judicial District",,DEM,Rick Reed,79,31,48
Travis,138,"District Attorney, 53rd Judicial District",,DEM,Rick Reed,0,0,0
Travis,139,"District Attorney, 53rd Judicial District",,DEM,Rick Reed,40,18,22
Travis,140,"District Attorney, 53rd Judicial District",,DEM,Rick Reed,23,10,13
Travis,141,"District Attorney, 53rd Judicial District",,DEM,Rick Reed,6,1,5
Travis,142,"District Attorney, 53rd Judicial District",,DEM,Rick Reed,10,2,8
Travis,145,"District Attorney, 53rd Judicial District",,DEM,Rick Reed,30,8,22
Travis,146,"District Attorney, 53rd Judicial District",,DEM,Rick Reed,44,18,26
Travis,148,"District Attorney, 53rd Judicial District",,DEM,Rick Reed,39,17,22
Travis,149,"District Attorney, 53rd Judicial District",,DEM,Rick Reed,28,12,16
Travis,150,"District Attorney, 53rd Judicial District",,DEM,Rick Reed,17,7,10
Travis,151,"District Attorney, 53rd Judicial District",,DEM,Rick Reed,37,13,24
Travis,152,"District Attorney, 53rd Judicial District",,DEM,Rick Reed,40,15,25
Travis,153,"District Attorney, 53rd Judicial District",,DEM,Rick Reed,63,23,40
Travis,154,"District Attorney, 53rd Judicial District",,DEM,Rick Reed,25,7,18
Travis,156,"District Attorney, 53rd Judicial District",,DEM,Rick Reed,64,26,38
Travis,160,"District Attorney, 53rd Judicial District",,DEM,Rick Reed,21,5,16
Travis,161,"District Attorney, 53rd Judicial District",,DEM,Rick Reed,16,5,11
Travis,163,"District Attorney, 53rd Judicial District",,DEM,Rick Reed,1,1,0
Travis,164,"District Attorney, 53rd Judicial District",,DEM,Rick Reed,27,11,16
Travis,200,"District Attorney, 53rd Judicial District",,DEM,Rick Reed,71,38,33
Travis,202,"District Attorney, 53rd Judicial District",,DEM,Rick Reed,47,21,26
Travis,203,"District Attorney, 53rd Judicial District",,DEM,Rick Reed,7,2,5
Travis,205,"District Attorney, 53rd Judicial District",,DEM,Rick Reed,34,15,19
Travis,206,"District Attorney, 53rd Judicial District",,DEM,Rick Reed,21,7,14
Travis,207,"District Attorney, 53rd Judicial District",,DEM,Rick Reed,48,18,30
Travis,208,"District Attorney, 53rd Judicial District",,DEM,Rick Reed,109,74,35
Travis,209,"District Attorney, 53rd Judicial District",,DEM,Rick Reed,20,9,11
Travis,210,"District Attorney, 53rd Judicial District",,DEM,Rick Reed,14,6,8
Travis,211,"District Attorney, 53rd Judicial District",,DEM,Rick Reed,25,12,13
Travis,212,"District Attorney, 53rd Judicial District",,DEM,Rick Reed,21,13,8
Travis,213,"District Attorney, 53rd Judicial District",,DEM,Rick Reed,0,0,0
Travis,214,"District Attorney, 53rd Judicial District",,DEM,Rick Reed,18,11,7
Travis,215,"District Attorney, 53rd Judicial District",,DEM,Rick Reed,31,13,18
Travis,216,"District Attorney, 53rd Judicial District",,DEM,Rick Reed,30,10,20
Travis,217,"District Attorney, 53rd Judicial District",,DEM,Rick Reed,27,12,15
Travis,218,"District Attorney, 53rd Judicial District",,DEM,Rick Reed,58,19,39
Travis,219,"District Attorney, 53rd Judicial District",,DEM,Rick Reed,37,8,29
Travis,220,"District Attorney, 53rd Judicial District",,DEM,Rick Reed,13,7,6
Travis,221,"District Attorney, 53rd Judicial District",,DEM,Rick Reed,5,4,1
Travis,222,"District Attorney, 53rd Judicial District",,DEM,Rick Reed,52,23,29
Travis,223,"District Attorney, 53rd Judicial District",,DEM,Rick Reed,12,4,8
Travis,224,"District Attorney, 53rd Judicial District",,DEM,Rick Reed,4,3,1
Travis,225,"District Attorney, 53rd Judicial District",,DEM,Rick Reed,55,19,36
Travis,226,"District Attorney, 53rd Judicial District",,DEM,Rick Reed,21,9,12
Travis,227,"District Attorney, 53rd Judicial District",,DEM,Rick Reed,9,2,7
Travis,228,"District Attorney, 53rd Judicial District",,DEM,Rick Reed,22,12,10
Travis,229,"District Attorney, 53rd Judicial District",,DEM,Rick Reed,26,8,18
Travis,231,"District Attorney, 53rd Judicial District",,DEM,Rick Reed,24,15,9
Travis,232,"District Attorney, 53rd Judicial District",,DEM,Rick Reed,35,17,18
Travis,233,"District Attorney, 53rd Judicial District",,DEM,Rick Reed,26,7,19
Travis,234,"District Attorney, 53rd Judicial District",,DEM,Rick Reed,16,7,9
Travis,235,"District Attorney, 53rd Judicial District",,DEM,Rick Reed,46,19,27
Travis,236,"District Attorney, 53rd Judicial District",,DEM,Rick Reed,50,18,32
Travis,237,"District Attorney, 53rd Judicial District",,DEM,Rick Reed,21,6,15
Travis,238,"District Attorney, 53rd Judicial District",,DEM,Rick Reed,28,13,15
Travis,239,"District Attorney, 53rd Judicial District",,DEM,Rick Reed,29,10,19
Travis,240,"District Attorney, 53rd Judicial District",,DEM,Rick Reed,7,2,5
Travis,241,"District Attorney, 53rd Judicial District",,DEM,Rick Reed,18,8,10
Travis,242,"District Attorney, 53rd Judicial District",,DEM,Rick Reed,61,23,38
Travis,243,"District Attorney, 53rd Judicial District",,DEM,Rick Reed,20,8,12
Travis,244,"District Attorney, 53rd Judicial District",,DEM,Rick Reed,34,21,13
Travis,245,"District Attorney, 53rd Judicial District",,DEM,Rick Reed,13,5,8
Travis,246,"District Attorney, 53rd Judicial District",,DEM,Rick Reed,24,11,13
Travis,247,"District Attorney, 53rd Judicial District",,DEM,Rick Reed,8,3,5
Travis,248,"District Attorney, 53rd Judicial District",,DEM,Rick Reed,46,19,27
Travis,249,"District Attorney, 53rd Judicial District",,DEM,Rick Reed,35,11,24
Travis,250,"District Attorney, 53rd Judicial District",,DEM,Rick Reed,44,21,23
Travis,251,"District Attorney, 53rd Judicial District",,DEM,Rick Reed,23,11,12
Travis,252,"District Attorney, 53rd Judicial District",,DEM,Rick Reed,38,17,21
Travis,253,"District Attorney, 53rd Judicial District",,DEM,Rick Reed,28,13,15
Travis,254,"District Attorney, 53rd Judicial District",,DEM,Rick Reed,47,22,25
Travis,256,"District Attorney, 53rd Judicial District",,DEM,Rick Reed,12,7,5
Travis,258,"District Attorney, 53rd Judicial District",,DEM,Rick Reed,27,17,10
Travis,259,"District Attorney, 53rd Judicial District",,DEM,Rick Reed,28,6,22
Travis,260,"District Attorney, 53rd Judicial District",,DEM,Rick Reed,17,8,9
Travis,262,"District Attorney, 53rd Judicial District",,DEM,Rick Reed,50,28,22
Travis,263,"District Attorney, 53rd Judicial District",,DEM,Rick Reed,51,15,36
Travis,266,"District Attorney, 53rd Judicial District",,DEM,Rick Reed,3,1,2
Travis,267,"District Attorney, 53rd Judicial District",,DEM,Rick Reed,12,7,5
Travis,268,"District Attorney, 53rd Judicial District",,DEM,Rick Reed,23,10,13
Travis,273,"District Attorney, 53rd Judicial District",,DEM,Rick Reed,40,19,21
Travis,274,"District Attorney, 53rd Judicial District",,DEM,Rick Reed,25,10,15
Travis,275,"District Attorney, 53rd Judicial District",,DEM,Rick Reed,29,10,19
Travis,277,"District Attorney, 53rd Judicial District",,DEM,Rick Reed,66,44,22
Travis,301,"District Attorney, 53rd Judicial District",,DEM,Rick Reed,12,2,10
Travis,302,"District Attorney, 53rd Judicial District",,DEM,Rick Reed,30,16,14
Travis,303,"District Attorney, 53rd Judicial District",,DEM,Rick Reed,18,5,13
Travis,304,"District Attorney, 53rd Judicial District",,DEM,Rick Reed,35,15,20
Travis,305,"District Attorney, 53rd Judicial District",,DEM,Rick Reed,0,0,0
Travis,306,"District Attorney, 53rd Judicial District",,DEM,Rick Reed,30,18,12
Travis,307,"District Attorney, 53rd Judicial District",,DEM,Rick Reed,9,7,2
Travis,308,"District Attorney, 53rd Judicial District",,DEM,Rick Reed,34,15,19
Travis,309,"District Attorney, 53rd Judicial District",,DEM,Rick Reed,33,16,17
Travis,310,"District Attorney, 53rd Judicial District",,DEM,Rick Reed,58,24,34
Travis,311,"District Attorney, 53rd Judicial District",,DEM,Rick Reed,67,48,19
Travis,312,"District Attorney, 53rd Judicial District",,DEM,Rick Reed,17,7,10
Travis,313,"District Attorney, 53rd Judicial District",,DEM,Rick Reed,6,4,2
Travis,314,"District Attorney, 53rd Judicial District",,DEM,Rick Reed,33,17,16
Travis,315,"District Attorney, 53rd Judicial District",,DEM,Rick Reed,48,25,23
Travis,316,"District Attorney, 53rd Judicial District",,DEM,Rick Reed,16,8,8
Travis,317,"District Attorney, 53rd Judicial District",,DEM,Rick Reed,15,7,8
Travis,318,"District Attorney, 53rd Judicial District",,DEM,Rick Reed,4,4,0
Travis,319,"District Attorney, 53rd Judicial District",,DEM,Rick Reed,9,5,4
Travis,320,"District Attorney, 53rd Judicial District",,DEM,Rick Reed,5,5,0
Travis,321,"District Attorney, 53rd Judicial District",,DEM,Rick Reed,9,4,5
Travis,323,"District Attorney, 53rd Judicial District",,DEM,Rick Reed,27,13,14
Travis,324,"District Attorney, 53rd Judicial District",,DEM,Rick Reed,20,7,13
Travis,325,"District Attorney, 53rd Judicial District",,DEM,Rick Reed,0,0,0
Travis,326,"District Attorney, 53rd Judicial District",,DEM,Rick Reed,22,7,15
Travis,327,"District Attorney, 53rd Judicial District",,DEM,Rick Reed,31,12,19
Travis,328,"District Attorney, 53rd Judicial District",,DEM,Rick Reed,42,16,26
Travis,329,"District Attorney, 53rd Judicial District",,DEM,Rick Reed,33,13,20
Travis,330,"District Attorney, 53rd Judicial District",,DEM,Rick Reed,16,6,10
Travis,331,"District Attorney, 53rd Judicial District",,DEM,Rick Reed,43,15,28
Travis,332,"District Attorney, 53rd Judicial District",,DEM,Rick Reed,27,8,19
Travis,333,"District Attorney, 53rd Judicial District",,DEM,Rick Reed,26,5,21
Travis,334,"District Attorney, 53rd Judicial District",,DEM,Rick Reed,19,7,12
Travis,335,"District Attorney, 53rd Judicial District",,DEM,Rick Reed,22,8,14
Travis,336,"District Attorney, 53rd Judicial District",,DEM,Rick Reed,19,8,11
Travis,337,"District Attorney, 53rd Judicial District",,DEM,Rick Reed,31,11,20
Travis,338,"District Attorney, 53rd Judicial District",,DEM,Rick Reed,34,11,23
Travis,339,"District Attorney, 53rd Judicial District",,DEM,Rick Reed,17,9,8
Travis,340,"District Attorney, 53rd Judicial District",,DEM,Rick Reed,39,17,22
Travis,341,"District Attorney, 53rd Judicial District",,DEM,Rick Reed,1,0,1
Travis,342,"District Attorney, 53rd Judicial District",,DEM,Rick Reed,66,32,34
Travis,343,"District Attorney, 53rd Judicial District",,DEM,Rick Reed,15,7,8
Travis,344,"District Attorney, 53rd Judicial District",,DEM,Rick Reed,34,16,18
Travis,345,"District Attorney, 53rd Judicial District",,DEM,Rick Reed,0,0,0
Travis,346,"District Attorney, 53rd Judicial District",,DEM,Rick Reed,22,15,7
Travis,347,"District Attorney, 53rd Judicial District",,DEM,Rick Reed,19,7,12
Travis,349,"District Attorney, 53rd Judicial District",,DEM,Rick Reed,48,15,33
Travis,350,"District Attorney, 53rd Judicial District",,DEM,Rick Reed,49,22,27
Travis,351,"District Attorney, 53rd Judicial District",,DEM,Rick Reed,22,10,12
Travis,352,"District Attorney, 53rd Judicial District",,DEM,Rick Reed,33,15,18
Travis,354,"District Attorney, 53rd Judicial District",,DEM,Rick Reed,47,29,18
Travis,356,"District Attorney, 53rd Judicial District",,DEM,Rick Reed,18,12,6
Travis,357,"District Attorney, 53rd Judicial District",,DEM,Rick Reed,8,4,4
Travis,358,"District Attorney, 53rd Judicial District",,DEM,Rick Reed,60,27,33
Travis,359,"District Attorney, 53rd Judicial District",,DEM,Rick Reed,35,19,16
Travis,360,"District Attorney, 53rd Judicial District",,DEM,Rick Reed,44,19,25
Travis,361,"District Attorney, 53rd Judicial District",,DEM,Rick Reed,19,9,10
Travis,362,"District Attorney, 53rd Judicial District",,DEM,Rick Reed,46,23,23
Travis,363,"District Attorney, 53rd Judicial District",,DEM,Rick Reed,5,4,1
Travis,364,"District Attorney, 53rd Judicial District",,DEM,Rick Reed,17,10,7
Travis,365,"District Attorney, 53rd Judicial District",,DEM,Rick Reed,26,10,16
Travis,366,"District Attorney, 53rd Judicial District",,DEM,Rick Reed,44,20,24
Travis,367,"District Attorney, 53rd Judicial District",,DEM,Rick Reed,42,22,20
Travis,368,"District Attorney, 53rd Judicial District",,DEM,Rick Reed,1,1,0
Travis,369,"District Attorney, 53rd Judicial District",,DEM,Rick Reed,21,4,17
Travis,370,"District Attorney, 53rd Judicial District",,DEM,Rick Reed,12,1,11
Travis,371,"District Attorney, 53rd Judicial District",,DEM,Rick Reed,22,9,13
Travis,372,"District Attorney, 53rd Judicial District",,DEM,Rick Reed,16,5,11
Travis,373,"District Attorney, 53rd Judicial District",,DEM,Rick Reed,31,11,20
Travis,374,"District Attorney, 53rd Judicial District",,DEM,Rick Reed,49,12,37
Travis,375,"District Attorney, 53rd Judicial District",,DEM,Rick Reed,10,2,8
Travis,401,"District Attorney, 53rd Judicial District",,DEM,Rick Reed,29,15,14
Travis,402,"District Attorney, 53rd Judicial District",,DEM,Rick Reed,42,14,28
Travis,403,"District Attorney, 53rd Judicial District",,DEM,Rick Reed,17,4,13
Travis,404,"District Attorney, 53rd Judicial District",,DEM,Rick Reed,29,8,21
Travis,405,"District Attorney, 53rd Judicial District",,DEM,Rick Reed,3,0,3
Travis,406,"District Attorney, 53rd Judicial District",,DEM,Rick Reed,27,14,13
Travis,407,"District Attorney, 53rd Judicial District",,DEM,Rick Reed,21,7,14
Travis,408,"District Attorney, 53rd Judicial District",,DEM,Rick Reed,34,9,25
Travis,409,"District Attorney, 53rd Judicial District",,DEM,Rick Reed,29,10,19
Travis,410,"District Attorney, 53rd Judicial District",,DEM,Rick Reed,45,15,30
Travis,411,"District Attorney, 53rd Judicial District",,DEM,Rick Reed,27,12,15
Travis,412,"District Attorney, 53rd Judicial District",,DEM,Rick Reed,2,1,1
Travis,413,"District Attorney, 53rd Judicial District",,DEM,Rick Reed,15,5,10
Travis,414,"District Attorney, 53rd Judicial District",,DEM,Rick Reed,39,19,20
Travis,415,"District Attorney, 53rd Judicial District",,DEM,Rick Reed,13,6,7
Travis,416,"District Attorney, 53rd Judicial District",,DEM,Rick Reed,4,2,2
Travis,417,"District Attorney, 53rd Judicial District",,DEM,Rick Reed,7,4,3
Travis,418,"District Attorney, 53rd Judicial District",,DEM,Rick Reed,0,0,0
Travis,419,"District Attorney, 53rd Judicial District",,DEM,Rick Reed,6,4,2
Travis,420,"District Attorney, 53rd Judicial District",,DEM,Rick Reed,38,17,21
Travis,421,"District Attorney, 53rd Judicial District",,DEM,Rick Reed,24,8,16
Travis,422,"District Attorney, 53rd Judicial District",,DEM,Rick Reed,21,5,16
Travis,423,"District Attorney, 53rd Judicial District",,DEM,Rick Reed,48,16,32
Travis,424,"District Attorney, 53rd Judicial District",,DEM,Rick Reed,29,15,14
Travis,425,"District Attorney, 53rd Judicial District",,DEM,Rick Reed,17,5,12
Travis,426,"District Attorney, 53rd Judicial District",,DEM,Rick Reed,29,12,17
Travis,427,"District Attorney, 53rd Judicial District",,DEM,Rick Reed,22,9,13
Travis,428,"District Attorney, 53rd Judicial District",,DEM,Rick Reed,14,7,7
Travis,429,"District Attorney, 53rd Judicial District",,DEM,Rick Reed,98,47,51
Travis,430,"District Attorney, 53rd Judicial District",,DEM,Rick Reed,22,9,13
Travis,431,"District Attorney, 53rd Judicial District",,DEM,Rick Reed,83,34,49
Travis,432,"District Attorney, 53rd Judicial District",,DEM,Rick Reed,0,0,0
Travis,433,"District Attorney, 53rd Judicial District",,DEM,Rick Reed,36,15,21
Travis,434,"District Attorney, 53rd Judicial District",,DEM,Rick Reed,0,0,0
Travis,435,"District Attorney, 53rd Judicial District",,DEM,Rick Reed,72,37,35
Travis,436,"District Attorney, 53rd Judicial District",,DEM,Rick Reed,3,1,2
Travis,437,"District Attorney, 53rd Judicial District",,DEM,Rick Reed,26,10,16
Travis,438,"District Attorney, 53rd Judicial District",,DEM,Rick Reed,27,12,15
Travis,439,"District Attorney, 53rd Judicial District",,DEM,Rick Reed,26,8,18
Travis,440,"District Attorney, 53rd Judicial District",,DEM,Rick Reed,18,9,9
Travis,441,"District Attorney, 53rd Judicial District",,DEM,Rick Reed,46,19,27
Travis,442,"District Attorney, 53rd Judicial District",,DEM,Rick Reed,20,7,13
Travis,443,"District Attorney, 53rd Judicial District",,DEM,Rick Reed,45,14,31
Travis,444,"District Attorney, 53rd Judicial District",,DEM,Rick Reed,2,1,1
Travis,446,"District Attorney, 53rd Judicial District",,DEM,Rick Reed,17,9,8
Travis,447,"District Attorney, 53rd Judicial District",,DEM,Rick Reed,47,16,31
Travis,448,"District Attorney, 53rd Judicial District",,DEM,Rick Reed,28,13,15
Travis,450,"District Attorney, 53rd Judicial District",,DEM,Rick Reed,33,14,19
Travis,451,"District Attorney, 53rd Judicial District",,DEM,Rick Reed,44,16,28
Travis,452,"District Attorney, 53rd Judicial District",,DEM,Rick Reed,30,10,20
Travis,454,"District Attorney, 53rd Judicial District",,DEM,Rick Reed,24,13,11
Travis,458,"District Attorney, 53rd Judicial District",,DEM,Rick Reed,43,19,24
Travis,460,"District Attorney, 53rd Judicial District",,DEM,Rick Reed,50,23,27
Travis,461,"District Attorney, 53rd Judicial District",,DEM,Rick Reed,48,18,30
Travis,463,"District Attorney, 53rd Judicial District",,DEM,Rick Reed,44,16,28
Travis,101,"Precinct No. 1, Constable",,DEM,Rick Schumacher,118,39,79
Travis,102,"Precinct No. 1, Constable",,DEM,Rick Schumacher,48,17,31
Travis,103,"Precinct No. 1, Constable",,DEM,Rick Schumacher,117,45,72
Travis,105,"Precinct No. 1, Constable",,DEM,Rick Schumacher,163,70,93
Travis,106,"Precinct No. 1, Constable",,DEM,Rick Schumacher,72,28,44
Travis,107,"Precinct No. 1, Constable",,DEM,Rick Schumacher,16,7,9
Travis,108,"Precinct No. 1, Constable",,DEM,Rick Schumacher,84,28,56
Travis,112,"Precinct No. 1, Constable",,DEM,Rick Schumacher,43,16,27
Travis,113,"Precinct No. 1, Constable",,DEM,Rick Schumacher,172,66,106
Travis,114,"Precinct No. 1, Constable",,DEM,Rick Schumacher,9,6,3
Travis,116,"Precinct No. 1, Constable",,DEM,Rick Schumacher,1,0,1
Travis,117,"Precinct No. 1, Constable",,DEM,Rick Schumacher,82,38,44
Travis,118,"Precinct No. 1, Constable",,DEM,Rick Schumacher,17,6,11
Travis,119,"Precinct No. 1, Constable",,DEM,Rick Schumacher,0,0,0
Travis,120,"Precinct No. 1, Constable",,DEM,Rick Schumacher,2,2,0
Travis,121,"Precinct No. 1, Constable",,DEM,Rick Schumacher,24,13,11
Travis,122,"Precinct No. 1, Constable",,DEM,Rick Schumacher,85,43,42
Travis,124,"Precinct No. 1, Constable",,DEM,Rick Schumacher,358,192,166
Travis,125,"Precinct No. 1, Constable",,DEM,Rick Schumacher,0,0,0
Travis,126,"Precinct No. 1, Constable",,DEM,Rick Schumacher,360,161,199
Travis,127,"Precinct No. 1, Constable",,DEM,Rick Schumacher,0,0,0
Travis,128,"Precinct No. 1, Constable",,DEM,Rick Schumacher,0,0,0
Travis,129,"Precinct No. 1, Constable",,DEM,Rick Schumacher,117,54,63
Travis,130,"Precinct No. 1, Constable",,DEM,Rick Schumacher,166,57,109
Travis,131,"Precinct No. 1, Constable",,DEM,Rick Schumacher,0,0,0
Travis,132,"Precinct No. 1, Constable",,DEM,Rick Schumacher,155,68,87
Travis,134,"Precinct No. 1, Constable",,DEM,Rick Schumacher,0,0,0
Travis,139,"Precinct No. 1, Constable",,DEM,Rick Schumacher,140,59,81
Travis,140,"Precinct No. 1, Constable",,DEM,Rick Schumacher,72,40,32
Travis,141,"Precinct No. 1, Constable",,DEM,Rick Schumacher,9,2,7
Travis,149,"Precinct No. 1, Constable",,DEM,Rick Schumacher,191,85,106
Travis,151,"Precinct No. 1, Constable",,DEM,Rick Schumacher,168,81,87
Travis,152,"Precinct No. 1, Constable",,DEM,Rick Schumacher,518,212,306
Travis,153,"Precinct No. 1, Constable",,DEM,Rick Schumacher,197,78,119
Travis,154,"Precinct No. 1, Constable",,DEM,Rick Schumacher,85,25,60
Travis,156,"Precinct No. 1, Constable",,DEM,Rick Schumacher,325,157,168
Travis,164,"Precinct No. 1, Constable",,DEM,Rick Schumacher,75,31,44
Travis,226,"Precinct No. 1, Constable",,DEM,Rick Schumacher,61,22,39
Travis,227,"Precinct No. 1, Constable",,DEM,Rick Schumacher,20,8,12
Travis,101,"Place 6, Judge, Court Of Criminal Appeals",,DEM,Robert Burns,784,279,505
Travis,102,"Place 6, Judge, Court Of Criminal Appeals",,DEM,Robert Burns,169,55,114
Travis,103,"Place 6, Judge, Court Of Criminal Appeals",,DEM,Robert Burns,263,105,158
Travis,104,"Place 6, Judge, Court Of Criminal Appeals",,DEM,Robert Burns,202,90,112
Travis,105,"Place 6, Judge, Court Of Criminal Appeals",,DEM,Robert Burns,862,386,476
Travis,106,"Place 6, Judge, Court Of Criminal Appeals",,DEM,Robert Burns,315,133,182
Travis,107,"Place 6, Judge, Court Of Criminal Appeals",,DEM,Robert Burns,34,12,22
Travis,108,"Place 6, Judge, Court Of Criminal Appeals",,DEM,Robert Burns,288,91,197
Travis,109,"Place 6, Judge, Court Of Criminal Appeals",,DEM,Robert Burns,348,122,226
Travis,110,"Place 6, Judge, Court Of Criminal Appeals",,DEM,Robert Burns,652,243,409
Travis,111,"Place 6, Judge, Court Of Criminal Appeals",,DEM,Robert Burns,628,238,390
Travis,112,"Place 6, Judge, Court Of Criminal Appeals",,DEM,Robert Burns,192,66,126
Travis,113,"Place 6, Judge, Court Of Criminal Appeals",,DEM,Robert Burns,818,287,531
Travis,114,"Place 6, Judge, Court Of Criminal Appeals",,DEM,Robert Burns,49,21,28
Travis,115,"Place 6, Judge, Court Of Criminal Appeals",,DEM,Robert Burns,1,0,1
Travis,116,"Place 6, Judge, Court Of Criminal Appeals",,DEM,Robert Burns,1,0,1
Travis,117,"Place 6, Judge, Court Of Criminal Appeals",,DEM,Robert Burns,448,201,247
Travis,118,"Place 6, Judge, Court Of Criminal Appeals",,DEM,Robert Burns,87,41,46
Travis,119,"Place 6, Judge, Court Of Criminal Appeals",,DEM,Robert Burns,0,0,0
Travis,120,"Place 6, Judge, Court Of Criminal Appeals",,DEM,Robert Burns,25,15,10
Travis,121,"Place 6, Judge, Court Of Criminal Appeals",,DEM,Robert Burns,151,79,72
Travis,122,"Place 6, Judge, Court Of Criminal Appeals",,DEM,Robert Burns,639,325,314
Travis,123,"Place 6, Judge, Court Of Criminal Appeals",,DEM,Robert Burns,477,171,306
Travis,124,"Place 6, Judge, Court Of Criminal Appeals",,DEM,Robert Burns,1074,515,559
Travis,125,"Place 6, Judge, Court Of Criminal Appeals",,DEM,Robert Burns,0,0,0
Travis,126,"Place 6, Judge, Court Of Criminal Appeals",,DEM,Robert Burns,1197,551,646
Travis,127,"Place 6, Judge, Court Of Criminal Appeals",,DEM,Robert Burns,0,0,0
Travis,128,"Place 6, Judge, Court Of Criminal Appeals",,DEM,Robert Burns,0,0,0
Travis,129,"Place 6, Judge, Court Of Criminal Appeals",,DEM,Robert Burns,553,282,271
Travis,130,"Place 6, Judge, Court Of Criminal Appeals",,DEM,Robert Burns,509,196,313
Travis,131,"Place 6, Judge, Court Of Criminal Appeals",,DEM,Robert Burns,0,0,0
Travis,132,"Place 6, Judge, Court Of Criminal Appeals",,DEM,Robert Burns,615,273,342
Travis,133,"Place 6, Judge, Court Of Criminal Appeals",,DEM,Robert Burns,625,234,391
Travis,134,"Place 6, Judge, Court Of Criminal Appeals",,DEM,Robert Burns,0,0,0
Travis,135,"Place 6, Judge, Court Of Criminal Appeals",,DEM,Robert Burns,1668,723,945
Travis,136,"Place 6, Judge, Court Of Criminal Appeals",,DEM,Robert Burns,382,163,219
Travis,137,"Place 6, Judge, Court Of Criminal Appeals",,DEM,Robert Burns,876,325,551
Travis,138,"Place 6, Judge, Court Of Criminal Appeals",,DEM,Robert Burns,0,0,0
Travis,139,"Place 6, Judge, Court Of Criminal Appeals",,DEM,Robert Burns,575,250,325
Travis,140,"Place 6, Judge, Court Of Criminal Appeals",,DEM,Robert Burns,298,125,173
Travis,141,"Place 6, Judge, Court Of Criminal Appeals",,DEM,Robert Burns,64,21,43
Travis,142,"Place 6, Judge, Court Of Criminal Appeals",,DEM,Robert Burns,210,96,114
Travis,145,"Place 6, Judge, Court Of Criminal Appeals",,DEM,Robert Burns,386,139,247
Travis,146,"Place 6, Judge, Court Of Criminal Appeals",,DEM,Robert Burns,374,185,189
Travis,148,"Place 6, Judge, Court Of Criminal Appeals",,DEM,Robert Burns,483,197,286
Travis,149,"Place 6, Judge, Court Of Criminal Appeals",,DEM,Robert Burns,419,161,258
Travis,150,"Place 6, Judge, Court Of Criminal Appeals",,DEM,Robert Burns,232,94,138
Travis,151,"Place 6, Judge, Court Of Criminal Appeals",,DEM,Robert Burns,574,240,334
Travis,152,"Place 6, Judge, Court Of Criminal Appeals",,DEM,Robert Burns,1132,500,632
Travis,153,"Place 6, Judge, Court Of Criminal Appeals",,DEM,Robert Burns,771,286,485
Travis,154,"Place 6, Judge, Court Of Criminal Appeals",,DEM,Robert Burns,455,140,315
Travis,156,"Place 6, Judge, Court Of Criminal Appeals",,DEM,Robert Burns,1041,475,566
Travis,160,"Place 6, Judge, Court Of Criminal Appeals",,DEM,Robert Burns,260,96,164
Travis,161,"Place 6, Judge, Court Of Criminal Appeals",,DEM,Robert Burns,188,75,113
Travis,163,"Place 6, Judge, Court Of Criminal Appeals",,DEM,Robert Burns,22,9,13
Travis,164,"Place 6, Judge, Court Of Criminal Appeals",,DEM,Robert Burns,267,99,168
Travis,200,"Place 6, Judge, Court Of Criminal Appeals",,DEM,Robert Burns,1227,557,670
Travis,202,"Place 6, Judge, Court Of Criminal Appeals",,DEM,Robert Burns,902,405,497
Travis,203,"Place 6, Judge, Court Of Criminal Appeals",,DEM,Robert Burns,92,29,63
Travis,205,"Place 6, Judge, Court Of Criminal Appeals",,DEM,Robert Burns,396,152,244
Travis,206,"Place 6, Judge, Court Of Criminal Appeals",,DEM,Robert Burns,277,136,141
Travis,207,"Place 6, Judge, Court Of Criminal Appeals",,DEM,Robert Burns,680,274,406
Travis,208,"Place 6, Judge, Court Of Criminal Appeals",,DEM,Robert Burns,1496,826,670
Travis,209,"Place 6, Judge, Court Of Criminal Appeals",,DEM,Robert Burns,167,80,87
Travis,210,"Place 6, Judge, Court Of Criminal Appeals",,DEM,Robert Burns,295,154,141
Travis,211,"Place 6, Judge, Court Of Criminal Appeals",,DEM,Robert Burns,339,133,206
Travis,212,"Place 6, Judge, Court Of Criminal Appeals",,DEM,Robert Burns,372,195,177
Travis,213,"Place 6, Judge, Court Of Criminal Appeals",,DEM,Robert Burns,0,0,0
Travis,214,"Place 6, Judge, Court Of Criminal Appeals",,DEM,Robert Burns,499,211,288
Travis,215,"Place 6, Judge, Court Of Criminal Appeals",,DEM,Robert Burns,332,118,214
Travis,216,"Place 6, Judge, Court Of Criminal Appeals",,DEM,Robert Burns,247,78,169
Travis,217,"Place 6, Judge, Court Of Criminal Appeals",,DEM,Robert Burns,359,141,218
Travis,218,"Place 6, Judge, Court Of Criminal Appeals",,DEM,Robert Burns,752,302,450
Travis,219,"Place 6, Judge, Court Of Criminal Appeals",,DEM,Robert Burns,398,142,256
Travis,220,"Place 6, Judge, Court Of Criminal Appeals",,DEM,Robert Burns,324,152,172
Travis,221,"Place 6, Judge, Court Of Criminal Appeals",,DEM,Robert Burns,90,40,50
Travis,222,"Place 6, Judge, Court Of Criminal Appeals",,DEM,Robert Burns,490,184,306
Travis,223,"Place 6, Judge, Court Of Criminal Appeals",,DEM,Robert Burns,105,42,63
Travis,224,"Place 6, Judge, Court Of Criminal Appeals",,DEM,Robert Burns,17,8,9
Travis,225,"Place 6, Judge, Court Of Criminal Appeals",,DEM,Robert Burns,477,166,311
Travis,226,"Place 6, Judge, Court Of Criminal Appeals",,DEM,Robert Burns,284,102,182
Travis,227,"Place 6, Judge, Court Of Criminal Appeals",,DEM,Robert Burns,77,31,46
Travis,228,"Place 6, Judge, Court Of Criminal Appeals",,DEM,Robert Burns,308,160,148
Travis,229,"Place 6, Judge, Court Of Criminal Appeals",,DEM,Robert Burns,379,141,238
Travis,231,"Place 6, Judge, Court Of Criminal Appeals",,DEM,Robert Burns,534,232,302
Travis,232,"Place 6, Judge, Court Of Criminal Appeals",,DEM,Robert Burns,491,237,254
Travis,233,"Place 6, Judge, Court Of Criminal Appeals",,DEM,Robert Burns,390,144,246
Travis,234,"Place 6, Judge, Court Of Criminal Appeals",,DEM,Robert Burns,221,99,122
Travis,235,"Place 6, Judge, Court Of Criminal Appeals",,DEM,Robert Burns,711,281,430
Travis,236,"Place 6, Judge, Court Of Criminal Appeals",,DEM,Robert Burns,850,295,555
Travis,237,"Place 6, Judge, Court Of Criminal Appeals",,DEM,Robert Burns,392,169,223
Travis,238,"Place 6, Judge, Court Of Criminal Appeals",,DEM,Robert Burns,620,258,362
Travis,239,"Place 6, Judge, Court Of Criminal Appeals",,DEM,Robert Burns,641,271,370
Travis,240,"Place 6, Judge, Court Of Criminal Appeals",,DEM,Robert Burns,261,83,178
Travis,241,"Place 6, Judge, Court Of Criminal Appeals",,DEM,Robert Burns,440,161,279
Travis,242,"Place 6, Judge, Court Of Criminal Appeals",,DEM,Robert Burns,1327,585,742
Travis,243,"Place 6, Judge, Court Of Criminal Appeals",,DEM,Robert Burns,463,234,229
Travis,244,"Place 6, Judge, Court Of Criminal Appeals",,DEM,Robert Burns,367,187,180
Travis,245,"Place 6, Judge, Court Of Criminal Appeals",,DEM,Robert Burns,146,52,94
Travis,246,"Place 6, Judge, Court Of Criminal Appeals",,DEM,Robert Burns,361,143,218
Travis,247,"Place 6, Judge, Court Of Criminal Appeals",,DEM,Robert Burns,143,56,87
Travis,248,"Place 6, Judge, Court Of Criminal Appeals",,DEM,Robert Burns,554,239,315
Travis,249,"Place 6, Judge, Court Of Criminal Appeals",,DEM,Robert Burns,547,239,308
Travis,250,"Place 6, Judge, Court Of Criminal Appeals",,DEM,Robert Burns,1002,427,575
Travis,251,"Place 6, Judge, Court Of Criminal Appeals",,DEM,Robert Burns,599,278,321
Travis,252,"Place 6, Judge, Court Of Criminal Appeals",,DEM,Robert Burns,586,277,309
Travis,253,"Place 6, Judge, Court Of Criminal Appeals",,DEM,Robert Burns,476,234,242
Travis,254,"Place 6, Judge, Court Of Criminal Appeals",,DEM,Robert Burns,511,232,279
Travis,256,"Place 6, Judge, Court Of Criminal Appeals",,DEM,Robert Burns,296,151,145
Travis,258,"Place 6, Judge, Court Of Criminal Appeals",,DEM,Robert Burns,451,206,245
Travis,259,"Place 6, Judge, Court Of Criminal Appeals",,DEM,Robert Burns,512,197,315
Travis,260,"Place 6, Judge, Court Of Criminal Appeals",,DEM,Robert Burns,153,49,104
Travis,262,"Place 6, Judge, Court Of Criminal Appeals",,DEM,Robert Burns,859,414,445
Travis,263,"Place 6, Judge, Court Of Criminal Appeals",,DEM,Robert Burns,564,211,353
Travis,266,"Place 6, Judge, Court Of Criminal Appeals",,DEM,Robert Burns,75,43,32
Travis,267,"Place 6, Judge, Court Of Criminal Appeals",,DEM,Robert Burns,274,145,129
Travis,268,"Place 6, Judge, Court Of Criminal Appeals",,DEM,Robert Burns,184,71,113
Travis,273,"Place 6, Judge, Court Of Criminal Appeals",,DEM,Robert Burns,714,297,417
Travis,274,"Place 6, Judge, Court Of Criminal Appeals",,DEM,Robert Burns,710,317,393
Travis,275,"Place 6, Judge, Court Of Criminal Appeals",,DEM,Robert Burns,920,380,540
Travis,277,"Place 6, Judge, Court Of Criminal Appeals",,DEM,Robert Burns,907,495,412
Travis,301,"Place 6, Judge, Court Of Criminal Appeals",,DEM,Robert Burns,235,92,143
Travis,302,"Place 6, Judge, Court Of Criminal Appeals",,DEM,Robert Burns,480,257,223
Travis,303,"Place 6, Judge, Court Of Criminal Appeals",,DEM,Robert Burns,405,203,202
Travis,304,"Place 6, Judge, Court Of Criminal Appeals",,DEM,Robert Burns,645,282,363
Travis,305,"Place 6, Judge, Court Of Criminal Appeals",,DEM,Robert Burns,3,2,1
Travis,306,"Place 6, Judge, Court Of Criminal Appeals",,DEM,Robert Burns,262,145,117
Travis,307,"Place 6, Judge, Court Of Criminal Appeals",,DEM,Robert Burns,235,113,122
Travis,308,"Place 6, Judge, Court Of Criminal Appeals",,DEM,Robert Burns,482,210,272
Travis,309,"Place 6, Judge, Court Of Criminal Appeals",,DEM,Robert Burns,427,220,207
Travis,310,"Place 6, Judge, Court Of Criminal Appeals",,DEM,Robert Burns,714,334,380
Travis,311,"Place 6, Judge, Court Of Criminal Appeals",,DEM,Robert Burns,903,525,378
Travis,312,"Place 6, Judge, Court Of Criminal Appeals",,DEM,Robert Burns,231,110,121
Travis,313,"Place 6, Judge, Court Of Criminal Appeals",,DEM,Robert Burns,92,34,58
Travis,314,"Place 6, Judge, Court Of Criminal Appeals",,DEM,Robert Burns,410,209,201
Travis,315,"Place 6, Judge, Court Of Criminal Appeals",,DEM,Robert Burns,656,295,361
Travis,316,"Place 6, Judge, Court Of Criminal Appeals",,DEM,Robert Burns,237,101,136
Travis,317,"Place 6, Judge, Court Of Criminal Appeals",,DEM,Robert Burns,358,183,175
Travis,318,"Place 6, Judge, Court Of Criminal Appeals",,DEM,Robert Burns,91,33,58
Travis,319,"Place 6, Judge, Court Of Criminal Appeals",,DEM,Robert Burns,184,95,89
Travis,320,"Place 6, Judge, Court Of Criminal Appeals",,DEM,Robert Burns,150,98,52
Travis,321,"Place 6, Judge, Court Of Criminal Appeals",,DEM,Robert Burns,123,54,69
Travis,323,"Place 6, Judge, Court Of Criminal Appeals",,DEM,Robert Burns,369,165,204
Travis,324,"Place 6, Judge, Court Of Criminal Appeals",,DEM,Robert Burns,391,196,195
Travis,325,"Place 6, Judge, Court Of Criminal Appeals",,DEM,Robert Burns,14,7,7
Travis,326,"Place 6, Judge, Court Of Criminal Appeals",,DEM,Robert Burns,297,125,172
Travis,327,"Place 6, Judge, Court Of Criminal Appeals",,DEM,Robert Burns,471,208,263
Travis,328,"Place 6, Judge, Court Of Criminal Appeals",,DEM,Robert Burns,693,323,370
Travis,329,"Place 6, Judge, Court Of Criminal Appeals",,DEM,Robert Burns,391,202,189
Travis,330,"Place 6, Judge, Court Of Criminal Appeals",,DEM,Robert Burns,335,143,192
Travis,331,"Place 6, Judge, Court Of Criminal Appeals",,DEM,Robert Burns,471,157,314
Travis,332,"Place 6, Judge, Court Of Criminal Appeals",,DEM,Robert Burns,756,270,486
Travis,333,"Place 6, Judge, Court Of Criminal Appeals",,DEM,Robert Burns,392,103,289
Travis,334,"Place 6, Judge, Court Of Criminal Appeals",,DEM,Robert Burns,299,120,179
Travis,335,"Place 6, Judge, Court Of Criminal Appeals",,DEM,Robert Burns,348,154,194
Travis,336,"Place 6, Judge, Court Of Criminal Appeals",,DEM,Robert Burns,316,123,193
Travis,337,"Place 6, Judge, Court Of Criminal Appeals",,DEM,Robert Burns,563,208,355
Travis,338,"Place 6, Judge, Court Of Criminal Appeals",,DEM,Robert Burns,744,290,454
Travis,339,"Place 6, Judge, Court Of Criminal Appeals",,DEM,Robert Burns,314,152,162
Travis,340,"Place 6, Judge, Court Of Criminal Appeals",,DEM,Robert Burns,518,211,307
Travis,341,"Place 6, Judge, Court Of Criminal Appeals",,DEM,Robert Burns,5,0,5
Travis,342,"Place 6, Judge, Court Of Criminal Appeals",,DEM,Robert Burns,1179,515,664
Travis,343,"Place 6, Judge, Court Of Criminal Appeals",,DEM,Robert Burns,235,84,151
Travis,344,"Place 6, Judge, Court Of Criminal Appeals",,DEM,Robert Burns,392,176,216
Travis,345,"Place 6, Judge, Court Of Criminal Appeals",,DEM,Robert Burns,1,1,0
Travis,346,"Place 6, Judge, Court Of Criminal Appeals",,DEM,Robert Burns,230,141,89
Travis,347,"Place 6, Judge, Court Of Criminal Appeals",,DEM,Robert Burns,375,191,184
Travis,349,"Place 6, Judge, Court Of Criminal Appeals",,DEM,Robert Burns,763,330,433
Travis,350,"Place 6, Judge, Court Of Criminal Appeals",,DEM,Robert Burns,794,373,421
Travis,351,"Place 6, Judge, Court Of Criminal Appeals",,DEM,Robert Burns,269,127,142
Travis,352,"Place 6, Judge, Court Of Criminal Appeals",,DEM,Robert Burns,692,362,330
Travis,354,"Place 6, Judge, Court Of Criminal Appeals",,DEM,Robert Burns,740,428,312
Travis,356,"Place 6, Judge, Court Of Criminal Appeals",,DEM,Robert Burns,267,122,145
Travis,357,"Place 6, Judge, Court Of Criminal Appeals",,DEM,Robert Burns,89,36,53
Travis,358,"Place 6, Judge, Court Of Criminal Appeals",,DEM,Robert Burns,993,464,529
Travis,359,"Place 6, Judge, Court Of Criminal Appeals",,DEM,Robert Burns,474,217,257
Travis,360,"Place 6, Judge, Court Of Criminal Appeals",,DEM,Robert Burns,704,309,395
Travis,361,"Place 6, Judge, Court Of Criminal Appeals",,DEM,Robert Burns,205,93,112
Travis,362,"Place 6, Judge, Court Of Criminal Appeals",,DEM,Robert Burns,615,311,304
Travis,363,"Place 6, Judge, Court Of Criminal Appeals",,DEM,Robert Burns,282,136,146
Travis,364,"Place 6, Judge, Court Of Criminal Appeals",,DEM,Robert Burns,533,309,224
Travis,365,"Place 6, Judge, Court Of Criminal Appeals",,DEM,Robert Burns,289,116,173
Travis,366,"Place 6, Judge, Court Of Criminal Appeals",,DEM,Robert Burns,851,396,455
Travis,367,"Place 6, Judge, Court Of Criminal Appeals",,DEM,Robert Burns,799,357,442
Travis,368,"Place 6, Judge, Court Of Criminal Appeals",,DEM,Robert Burns,22,13,9
Travis,369,"Place 6, Judge, Court Of Criminal Appeals",,DEM,Robert Burns,170,52,118
Travis,370,"Place 6, Judge, Court Of Criminal Appeals",,DEM,Robert Burns,127,19,108
Travis,371,"Place 6, Judge, Court Of Criminal Appeals",,DEM,Robert Burns,209,87,122
Travis,372,"Place 6, Judge, Court Of Criminal Appeals",,DEM,Robert Burns,157,51,106
Travis,373,"Place 6, Judge, Court Of Criminal Appeals",,DEM,Robert Burns,341,133,208
Travis,374,"Place 6, Judge, Court Of Criminal Appeals",,DEM,Robert Burns,430,155,275
Travis,375,"Place 6, Judge, Court Of Criminal Appeals",,DEM,Robert Burns,79,27,52
Travis,401,"Place 6, Judge, Court Of Criminal Appeals",,DEM,Robert Burns,324,149,175
Travis,402,"Place 6, Judge, Court Of Criminal Appeals",,DEM,Robert Burns,409,176,233
Travis,403,"Place 6, Judge, Court Of Criminal Appeals",,DEM,Robert Burns,162,56,106
Travis,404,"Place 6, Judge, Court Of Criminal Appeals",,DEM,Robert Burns,400,150,250
Travis,405,"Place 6, Judge, Court Of Criminal Appeals",,DEM,Robert Burns,82,32,50
Travis,406,"Place 6, Judge, Court Of Criminal Appeals",,DEM,Robert Burns,389,227,162
Travis,407,"Place 6, Judge, Court Of Criminal Appeals",,DEM,Robert Burns,285,124,161
Travis,408,"Place 6, Judge, Court Of Criminal Appeals",,DEM,Robert Burns,523,203,320
Travis,409,"Place 6, Judge, Court Of Criminal Appeals",,DEM,Robert Burns,518,220,298
Travis,410,"Place 6, Judge, Court Of Criminal Appeals",,DEM,Robert Burns,572,278,294
Travis,411,"Place 6, Judge, Court Of Criminal Appeals",,DEM,Robert Burns,298,128,170
Travis,412,"Place 6, Judge, Court Of Criminal Appeals",,DEM,Robert Burns,25,15,10
Travis,413,"Place 6, Judge, Court Of Criminal Appeals",,DEM,Robert Burns,164,68,96
Travis,414,"Place 6, Judge, Court Of Criminal Appeals",,DEM,Robert Burns,610,263,347
Travis,415,"Place 6, Judge, Court Of Criminal Appeals",,DEM,Robert Burns,229,84,145
Travis,416,"Place 6, Judge, Court Of Criminal Appeals",,DEM,Robert Burns,22,10,12
Travis,417,"Place 6, Judge, Court Of Criminal Appeals",,DEM,Robert Burns,263,134,129
Travis,418,"Place 6, Judge, Court Of Criminal Appeals",,DEM,Robert Burns,0,0,0
Travis,419,"Place 6, Judge, Court Of Criminal Appeals",,DEM,Robert Burns,89,54,35
Travis,420,"Place 6, Judge, Court Of Criminal Appeals",,DEM,Robert Burns,534,227,307
Travis,421,"Place 6, Judge, Court Of Criminal Appeals",,DEM,Robert Burns,575,231,344
Travis,422,"Place 6, Judge, Court Of Criminal Appeals",,DEM,Robert Burns,560,244,316
Travis,423,"Place 6, Judge, Court Of Criminal Appeals",,DEM,Robert Burns,563,228,335
Travis,424,"Place 6, Judge, Court Of Criminal Appeals",,DEM,Robert Burns,541,215,326
Travis,425,"Place 6, Judge, Court Of Criminal Appeals",,DEM,Robert Burns,185,83,102
Travis,426,"Place 6, Judge, Court Of Criminal Appeals",,DEM,Robert Burns,587,266,321
Travis,427,"Place 6, Judge, Court Of Criminal Appeals",,DEM,Robert Burns,431,209,222
Travis,428,"Place 6, Judge, Court Of Criminal Appeals",,DEM,Robert Burns,210,96,114
Travis,429,"Place 6, Judge, Court Of Criminal Appeals",,DEM,Robert Burns,1197,527,670
Travis,430,"Place 6, Judge, Court Of Criminal Appeals",,DEM,Robert Burns,297,116,181
Travis,431,"Place 6, Judge, Court Of Criminal Appeals",,DEM,Robert Burns,1075,441,634
Travis,432,"Place 6, Judge, Court Of Criminal Appeals",,DEM,Robert Burns,1,1,0
Travis,433,"Place 6, Judge, Court Of Criminal Appeals",,DEM,Robert Burns,609,294,315
Travis,434,"Place 6, Judge, Court Of Criminal Appeals",,DEM,Robert Burns,2,1,1
Travis,435,"Place 6, Judge, Court Of Criminal Appeals",,DEM,Robert Burns,989,433,556
Travis,436,"Place 6, Judge, Court Of Criminal Appeals",,DEM,Robert Burns,65,27,38
Travis,437,"Place 6, Judge, Court Of Criminal Appeals",,DEM,Robert Burns,534,203,331
Travis,438,"Place 6, Judge, Court Of Criminal Appeals",,DEM,Robert Burns,323,146,177
Travis,439,"Place 6, Judge, Court Of Criminal Appeals",,DEM,Robert Burns,598,250,348
Travis,440,"Place 6, Judge, Court Of Criminal Appeals",,DEM,Robert Burns,207,99,108
Travis,441,"Place 6, Judge, Court Of Criminal Appeals",,DEM,Robert Burns,802,384,418
Travis,442,"Place 6, Judge, Court Of Criminal Appeals",,DEM,Robert Burns,306,123,183
Travis,443,"Place 6, Judge, Court Of Criminal Appeals",,DEM,Robert Burns,456,195,261
Travis,444,"Place 6, Judge, Court Of Criminal Appeals",,DEM,Robert Burns,25,11,14
Travis,446,"Place 6, Judge, Court Of Criminal Appeals",,DEM,Robert Burns,255,106,149
Travis,447,"Place 6, Judge, Court Of Criminal Appeals",,DEM,Robert Burns,745,308,437
Travis,448,"Place 6, Judge, Court Of Criminal Appeals",,DEM,Robert Burns,389,164,225
Travis,450,"Place 6, Judge, Court Of Criminal Appeals",,DEM,Robert Burns,630,266,364
Travis,451,"Place 6, Judge, Court Of Criminal Appeals",,DEM,Robert Burns,629,261,368
Travis,452,"Place 6, Judge, Court Of Criminal Appeals",,DEM,Robert Burns,301,125,176
Travis,454,"Place 6, Judge, Court Of Criminal Appeals",,DEM,Robert Burns,463,241,222
Travis,458,"Place 6, Judge, Court Of Criminal Appeals",,DEM,Robert Burns,659,336,323
Travis,460,"Place 6, Judge, Court Of Criminal Appeals",,DEM,Robert Burns,790,392,398
Travis,461,"Place 6, Judge, Court Of Criminal Appeals",,DEM,Robert Burns,863,376,487
Travis,463,"Place 6, Judge, Court Of Criminal Appeals",,DEM,Robert Burns,650,267,383
Travis,101,President,,DEM,"Roque ""Rocky"" De La Fuente",4,1,3
Travis,102,President,,DEM,"Roque ""Rocky"" De La Fuente",1,0,1
Travis,103,President,,DEM,"Roque ""Rocky"" De La Fuente",0,0,0
Travis,104,President,,DEM,"Roque ""Rocky"" De La Fuente",0,0,0
Travis,105,President,,DEM,"Roque ""Rocky"" De La Fuente",3,2,1
Travis,106,President,,DEM,"Roque ""Rocky"" De La Fuente",0,0,0
Travis,107,President,,DEM,"Roque ""Rocky"" De La Fuente",0,0,0
Travis,108,President,,DEM,"Roque ""Rocky"" De La Fuente",2,1,1
Travis,109,President,,DEM,"Roque ""Rocky"" De La Fuente",2,0,2
Travis,110,President,,DEM,"Roque ""Rocky"" De La Fuente",2,0,2
Travis,111,President,,DEM,"Roque ""Rocky"" De La Fuente",0,0,0
Travis,112,President,,DEM,"Roque ""Rocky"" De La Fuente",0,0,0
Travis,113,President,,DEM,"Roque ""Rocky"" De La Fuente",0,0,0
Travis,114,President,,DEM,"Roque ""Rocky"" De La Fuente",0,0,0
Travis,115,President,,DEM,"Roque ""Rocky"" De La Fuente",0,0,0
Travis,116,President,,DEM,"Roque ""Rocky"" De La Fuente",0,0,0
Travis,117,President,,DEM,"Roque ""Rocky"" De La Fuente",0,0,0
Travis,118,President,,DEM,"Roque ""Rocky"" De La Fuente",0,0,0
Travis,119,President,,DEM,"Roque ""Rocky"" De La Fuente",0,0,0
Travis,120,President,,DEM,"Roque ""Rocky"" De La Fuente",0,0,0
Travis,121,President,,DEM,"Roque ""Rocky"" De La Fuente",1,0,1
Travis,122,President,,DEM,"Roque ""Rocky"" De La Fuente",0,0,0
Travis,123,President,,DEM,"Roque ""Rocky"" De La Fuente",1,0,1
Travis,124,President,,DEM,"Roque ""Rocky"" De La Fuente",1,0,1
Travis,125,President,,DEM,"Roque ""Rocky"" De La Fuente",0,0,0
Travis,126,President,,DEM,"Roque ""Rocky"" De La Fuente",1,0,1
Travis,127,President,,DEM,"Roque ""Rocky"" De La Fuente",0,0,0
Travis,128,President,,DEM,"Roque ""Rocky"" De La Fuente",0,0,0
Travis,129,President,,DEM,"Roque ""Rocky"" De La Fuente",1,0,1
Travis,130,President,,DEM,"Roque ""Rocky"" De La Fuente",1,1,0
Travis,131,President,,DEM,"Roque ""Rocky"" De La Fuente",0,0,0
Travis,132,President,,DEM,"Roque ""Rocky"" De La Fuente",2,1,1
Travis,133,President,,DEM,"Roque ""Rocky"" De La Fuente",0,0,0
Travis,134,President,,DEM,"Roque ""Rocky"" De La Fuente",0,0,0
Travis,135,President,,DEM,"Roque ""Rocky"" De La Fuente",2,2,0
Travis,136,President,,DEM,"Roque ""Rocky"" De La Fuente",1,1,0
Travis,137,President,,DEM,"Roque ""Rocky"" De La Fuente",2,0,2
Travis,138,President,,DEM,"Roque ""Rocky"" De La Fuente",0,0,0
Travis,139,President,,DEM,"Roque ""Rocky"" De La Fuente",0,0,0
Travis,140,President,,DEM,"Roque ""Rocky"" De La Fuente",0,0,0
Travis,141,President,,DEM,"Roque ""Rocky"" De La Fuente",0,0,0
Travis,142,President,,DEM,"Roque ""Rocky"" De La Fuente",0,0,0
Travis,145,President,,DEM,"Roque ""Rocky"" De La Fuente",0,0,0
Travis,146,President,,DEM,"Roque ""Rocky"" De La Fuente",0,0,0
Travis,148,President,,DEM,"Roque ""Rocky"" De La Fuente",2,0,2
Travis,149,President,,DEM,"Roque ""Rocky"" De La Fuente",0,0,0
Travis,150,President,,DEM,"Roque ""Rocky"" De La Fuente",0,0,0
Travis,151,President,,DEM,"Roque ""Rocky"" De La Fuente",0,0,0
Travis,152,President,,DEM,"Roque ""Rocky"" De La Fuente",0,0,0
Travis,153,President,,DEM,"Roque ""Rocky"" De La Fuente",2,2,0
Travis,154,President,,DEM,"Roque ""Rocky"" De La Fuente",1,0,1
Travis,156,President,,DEM,"Roque ""Rocky"" De La Fuente",1,1,0
Travis,160,President,,DEM,"Roque ""Rocky"" De La Fuente",0,0,0
Travis,161,President,,DEM,"Roque ""Rocky"" De La Fuente",0,0,0
Travis,163,President,,DEM,"Roque ""Rocky"" De La Fuente",0,0,0
Travis,164,President,,DEM,"Roque ""Rocky"" De La Fuente",0,0,0
Travis,200,President,,DEM,"Roque ""Rocky"" De La Fuente",0,0,0
Travis,202,President,,DEM,"Roque ""Rocky"" De La Fuente",0,0,0
Travis,203,President,,DEM,"Roque ""Rocky"" De La Fuente",0,0,0
Travis,205,President,,DEM,"Roque ""Rocky"" De La Fuente",0,0,0
Travis,206,President,,DEM,"Roque ""Rocky"" De La Fuente",0,0,0
Travis,207,President,,DEM,"Roque ""Rocky"" De La Fuente",1,0,1
Travis,208,President,,DEM,"Roque ""Rocky"" De La Fuente",0,0,0
Travis,209,President,,DEM,"Roque ""Rocky"" De La Fuente",0,0,0
Travis,210,President,,DEM,"Roque ""Rocky"" De La Fuente",1,0,1
Travis,211,President,,DEM,"Roque ""Rocky"" De La Fuente",0,0,0
Travis,212,President,,DEM,"Roque ""Rocky"" De La Fuente",0,0,0
Travis,213,President,,DEM,"Roque ""Rocky"" De La Fuente",0,0,0
Travis,214,President,,DEM,"Roque ""Rocky"" De La Fuente",0,0,0
Travis,215,President,,DEM,"Roque ""Rocky"" De La Fuente",0,0,0
Travis,216,President,,DEM,"Roque ""Rocky"" De La Fuente",0,0,0
Travis,217,President,,DEM,"Roque ""Rocky"" De La Fuente",0,0,0
Travis,218,President,,DEM,"Roque ""Rocky"" De La Fuente",0,0,0
Travis,219,President,,DEM,"Roque ""Rocky"" De La Fuente",2,2,0
Travis,220,President,,DEM,"Roque ""Rocky"" De La Fuente",0,0,0
Travis,221,President,,DEM,"Roque ""Rocky"" De La Fuente",0,0,0
Travis,222,President,,DEM,"Roque ""Rocky"" De La Fuente",0,0,0
Travis,223,President,,DEM,"Roque ""Rocky"" De La Fuente",0,0,0
Travis,224,President,,DEM,"Roque ""Rocky"" De La Fuente",0,0,0
Travis,225,President,,DEM,"Roque ""Rocky"" De La Fuente",1,0,1
Travis,226,President,,DEM,"Roque ""Rocky"" De La Fuente",0,0,0
Travis,227,President,,DEM,"Roque ""Rocky"" De La Fuente",0,0,0
Travis,228,President,,DEM,"Roque ""Rocky"" De La Fuente",1,1,0
Travis,229,President,,DEM,"Roque ""Rocky"" De La Fuente",0,0,0
Travis,231,President,,DEM,"Roque ""Rocky"" De La Fuente",1,1,0
Travis,232,President,,DEM,"Roque ""Rocky"" De La Fuente",0,0,0
Travis,233,President,,DEM,"Roque ""Rocky"" De La Fuente",0,0,0
Travis,234,President,,DEM,"Roque ""Rocky"" De La Fuente",0,0,0
Travis,235,President,,DEM,"Roque ""Rocky"" De La Fuente",0,0,0
Travis,236,President,,DEM,"Roque ""Rocky"" De La Fuente",1,1,0
Travis,237,President,,DEM,"Roque ""Rocky"" De La Fuente",1,0,1
Travis,238,President,,DEM,"Roque ""Rocky"" De La Fuente",1,0,1
Travis,239,President,,DEM,"Roque ""Rocky"" De La Fuente",1,1,0
Travis,240,President,,DEM,"Roque ""Rocky"" De La Fuente",0,0,0
Travis,241,President,,DEM,"Roque ""Rocky"" De La Fuente",0,0,0
Travis,242,President,,DEM,"Roque ""Rocky"" De La Fuente",3,3,0
Travis,243,President,,DEM,"Roque ""Rocky"" De La Fuente",0,0,0
Travis,244,President,,DEM,"Roque ""Rocky"" De La Fuente",1,1,0
Travis,245,President,,DEM,"Roque ""Rocky"" De La Fuente",0,0,0
Travis,246,President,,DEM,"Roque ""Rocky"" De La Fuente",1,0,1
Travis,247,President,,DEM,"Roque ""Rocky"" De La Fuente",0,0,0
Travis,248,President,,DEM,"Roque ""Rocky"" De La Fuente",0,0,0
Travis,249,President,,DEM,"Roque ""Rocky"" De La Fuente",1,1,0
Travis,250,President,,DEM,"Roque ""Rocky"" De La Fuente",0,0,0
Travis,251,President,,DEM,"Roque ""Rocky"" De La Fuente",1,0,1
Travis,252,President,,DEM,"Roque ""Rocky"" De La Fuente",0,0,0
Travis,253,President,,DEM,"Roque ""Rocky"" De La Fuente",0,0,0
Travis,254,President,,DEM,"Roque ""Rocky"" De La Fuente",0,0,0
Travis,256,President,,DEM,"Roque ""Rocky"" De La Fuente",0,0,0
Travis,258,President,,DEM,"Roque ""Rocky"" De La Fuente",1,0,1
Travis,259,President,,DEM,"Roque ""Rocky"" De La Fuente",0,0,0
Travis,260,President,,DEM,"Roque ""Rocky"" De La Fuente",0,0,0
Travis,262,President,,DEM,"Roque ""Rocky"" De La Fuente",0,0,0
Travis,263,President,,DEM,"Roque ""Rocky"" De La Fuente",3,1,2
Travis,266,President,,DEM,"Roque ""Rocky"" De La Fuente",0,0,0
Travis,267,President,,DEM,"Roque ""Rocky"" De La Fuente",0,0,0
Travis,268,President,,DEM,"Roque ""Rocky"" De La Fuente",0,0,0
Travis,273,President,,DEM,"Roque ""Rocky"" De La Fuente",0,0,0
Travis,274,President,,DEM,"Roque ""Rocky"" De La Fuente",1,0,1
Travis,275,President,,DEM,"Roque ""Rocky"" De La Fuente",0,0,0
Travis,277,President,,DEM,"Roque ""Rocky"" De La Fuente",0,0,0
Travis,301,President,,DEM,"Roque ""Rocky"" De La Fuente",2,0,2
Travis,302,President,,DEM,"Roque ""Rocky"" De La Fuente",1,1,0
Travis,303,President,,DEM,"Roque ""Rocky"" De La Fuente",0,0,0
Travis,304,President,,DEM,"Roque ""Rocky"" De La Fuente",0,0,0
Travis,305,President,,DEM,"Roque ""Rocky"" De La Fuente",0,0,0
Travis,306,President,,DEM,"Roque ""Rocky"" De La Fuente",0,0,0
Travis,307,President,,DEM,"Roque ""Rocky"" De La Fuente",0,0,0
Travis,308,President,,DEM,"Roque ""Rocky"" De La Fuente",0,0,0
Travis,309,President,,DEM,"Roque ""Rocky"" De La Fuente",0,0,0
Travis,310,President,,DEM,"Roque ""Rocky"" De La Fuente",1,1,0
Travis,311,President,,DEM,"Roque ""Rocky"" De La Fuente",1,0,1
Travis,312,President,,DEM,"Roque ""Rocky"" De La Fuente",0,0,0
Travis,313,President,,DEM,"Roque ""Rocky"" De La Fuente",0,0,0
Travis,314,President,,DEM,"Roque ""Rocky"" De La Fuente",1,0,1
Travis,315,President,,DEM,"Roque ""Rocky"" De La Fuente",0,0,0
Travis,316,President,,DEM,"Roque ""Rocky"" De La Fuente",0,0,0
Travis,317,President,,DEM,"Roque ""Rocky"" De La Fuente",1,1,0
Travis,318,President,,DEM,"Roque ""Rocky"" De La Fuente",0,0,0
Travis,319,President,,DEM,"Roque ""Rocky"" De La Fuente",0,0,0
Travis,320,President,,DEM,"Roque ""Rocky"" De La Fuente",0,0,0
Travis,321,President,,DEM,"Roque ""Rocky"" De La Fuente",0,0,0
Travis,323,President,,DEM,"Roque ""Rocky"" De La Fuente",0,0,0
Travis,324,President,,DEM,"Roque ""Rocky"" De La Fuente",1,0,1
Travis,325,President,,DEM,"Roque ""Rocky"" De La Fuente",0,0,0
Travis,326,President,,DEM,"Roque ""Rocky"" De La Fuente",1,0,1
Travis,327,President,,DEM,"Roque ""Rocky"" De La Fuente",1,0,1
Travis,328,President,,DEM,"Roque ""Rocky"" De La Fuente",1,1,0
Travis,329,President,,DEM,"Roque ""Rocky"" De La Fuente",0,0,0
Travis,330,President,,DEM,"Roque ""Rocky"" De La Fuente",0,0,0
Travis,331,President,,DEM,"Roque ""Rocky"" De La Fuente",0,0,0
Travis,332,President,,DEM,"Roque ""Rocky"" De La Fuente",0,0,0
Travis,333,President,,DEM,"Roque ""Rocky"" De La Fuente",1,0,1
Travis,334,President,,DEM,"Roque ""Rocky"" De La Fuente",0,0,0
Travis,335,President,,DEM,"Roque ""Rocky"" De La Fuente",0,0,0
Travis,336,President,,DEM,"Roque ""Rocky"" De La Fuente",0,0,0
Travis,337,President,,DEM,"Roque ""Rocky"" De La Fuente",0,0,0
Travis,338,President,,DEM,"Roque ""Rocky"" De La Fuente",0,0,0
Travis,339,President,,DEM,"Roque ""Rocky"" De La Fuente",0,0,0
Travis,340,President,,DEM,"Roque ""Rocky"" De La Fuente",1,1,0
Travis,341,President,,DEM,"Roque ""Rocky"" De La Fuente",0,0,0
Travis,342,President,,DEM,"Roque ""Rocky"" De La Fuente",2,1,1
Travis,343,President,,DEM,"Roque ""Rocky"" De La Fuente",0,0,0
Travis,344,President,,DEM,"Roque ""Rocky"" De La Fuente",0,0,0
Travis,345,President,,DEM,"Roque ""Rocky"" De La Fuente",0,0,0
Travis,346,President,,DEM,"Roque ""Rocky"" De La Fuente",0,0,0
Travis,347,President,,DEM,"Roque ""Rocky"" De La Fuente",0,0,0
Travis,349,President,,DEM,"Roque ""Rocky"" De La Fuente",0,0,0
Travis,350,President,,DEM,"Roque ""Rocky"" De La Fuente",2,1,1
Travis,351,President,,DEM,"Roque ""Rocky"" De La Fuente",0,0,0
Travis,352,President,,DEM,"Roque ""Rocky"" De La Fuente",0,0,0
Travis,354,President,,DEM,"Roque ""Rocky"" De La Fuente",0,0,0
Travis,356,President,,DEM,"Roque ""Rocky"" De La Fuente",0,0,0
Travis,357,President,,DEM,"Roque ""Rocky"" De La Fuente",0,0,0
Travis,358,President,,DEM,"Roque ""Rocky"" De La Fuente",4,1,3
Travis,359,President,,DEM,"Roque ""Rocky"" De La Fuente",1,0,1
Travis,360,President,,DEM,"Roque ""Rocky"" De La Fuente",0,0,0
Travis,361,President,,DEM,"Roque ""Rocky"" De La Fuente",0,0,0
Travis,362,President,,DEM,"Roque ""Rocky"" De La Fuente",1,1,0
Travis,363,President,,DEM,"Roque ""Rocky"" De La Fuente",0,0,0
Travis,364,President,,DEM,"Roque ""Rocky"" De La Fuente",1,1,0
Travis,365,President,,DEM,"Roque ""Rocky"" De La Fuente",0,0,0
Travis,366,President,,DEM,"Roque ""Rocky"" De La Fuente",0,0,0
Travis,367,President,,DEM,"Roque ""Rocky"" De La Fuente",1,1,0
Travis,368,President,,DEM,"Roque ""Rocky"" De La Fuente",0,0,0
Travis,369,President,,DEM,"Roque ""Rocky"" De La Fuente",0,0,0
Travis,370,President,,DEM,"Roque ""Rocky"" De La Fuente",0,0,0
Travis,371,President,,DEM,"Roque ""Rocky"" De La Fuente",1,1,0
Travis,372,President,,DEM,"Roque ""Rocky"" De La Fuente",0,0,0
Travis,373,President,,DEM,"Roque ""Rocky"" De La Fuente",0,0,0
Travis,374,President,,DEM,"Roque ""Rocky"" De La Fuente",1,0,1
Travis,375,President,,DEM,"Roque ""Rocky"" De La Fuente",0,0,0
Travis,401,President,,DEM,"Roque ""Rocky"" De La Fuente",1,1,0
Travis,402,President,,DEM,"Roque ""Rocky"" De La Fuente",0,0,0
Travis,403,President,,DEM,"Roque ""Rocky"" De La Fuente",0,0,0
Travis,404,President,,DEM,"Roque ""Rocky"" De La Fuente",2,2,0
Travis,405,President,,DEM,"Roque ""Rocky"" De La Fuente",3,0,3
Travis,406,President,,DEM,"Roque ""Rocky"" De La Fuente",0,0,0
Travis,407,President,,DEM,"Roque ""Rocky"" De La Fuente",1,1,0
Travis,408,President,,DEM,"Roque ""Rocky"" De La Fuente",0,0,0
Travis,409,President,,DEM,"Roque ""Rocky"" De La Fuente",1,1,0
Travis,410,President,,DEM,"Roque ""Rocky"" De La Fuente",0,0,0
Travis,411,President,,DEM,"Roque ""Rocky"" De La Fuente",0,0,0
Travis,412,President,,DEM,"Roque ""Rocky"" De La Fuente",0,0,0
Travis,413,President,,DEM,"Roque ""Rocky"" De La Fuente",0,0,0
Travis,414,President,,DEM,"Roque ""Rocky"" De La Fuente",3,1,2
Travis,415,President,,DEM,"Roque ""Rocky"" De La Fuente",0,0,0
Travis,416,President,,DEM,"Roque ""Rocky"" De La Fuente",0,0,0
Travis,417,President,,DEM,"Roque ""Rocky"" De La Fuente",1,1,0
Travis,418,President,,DEM,"Roque ""Rocky"" De La Fuente",0,0,0
Travis,419,President,,DEM,"Roque ""Rocky"" De La Fuente",0,0,0
Travis,420,President,,DEM,"Roque ""Rocky"" De La Fuente",0,0,0
Travis,421,President,,DEM,"Roque ""Rocky"" De La Fuente",0,0,0
Travis,422,President,,DEM,"Roque ""Rocky"" De La Fuente",0,0,0
Travis,423,President,,DEM,"Roque ""Rocky"" De La Fuente",5,2,3
Travis,424,President,,DEM,"Roque ""Rocky"" De La Fuente",0,0,0
Travis,425,President,,DEM,"Roque ""Rocky"" De La Fuente",1,1,0
Travis,426,President,,DEM,"Roque ""Rocky"" De La Fuente",4,3,1
Travis,427,President,,DEM,"Roque ""Rocky"" De La Fuente",2,2,0
Travis,428,President,,DEM,"Roque ""Rocky"" De La Fuente",0,0,0
Travis,429,President,,DEM,"Roque ""Rocky"" De La Fuente",0,0,0
Travis,430,President,,DEM,"Roque ""Rocky"" De La Fuente",0,0,0
Travis,431,President,,DEM,"Roque ""Rocky"" De La Fuente",2,1,1
Travis,432,President,,DEM,"Roque ""Rocky"" De La Fuente",0,0,0
Travis,433,President,,DEM,"Roque ""Rocky"" De La Fuente",0,0,0
Travis,434,President,,DEM,"Roque ""Rocky"" De La Fuente",0,0,0
Travis,435,President,,DEM,"Roque ""Rocky"" De La Fuente",0,0,0
Travis,436,President,,DEM,"Roque ""Rocky"" De La Fuente",1,1,0
Travis,437,President,,DEM,"Roque ""Rocky"" De La Fuente",1,0,1
Travis,438,President,,DEM,"Roque ""Rocky"" De La Fuente",0,0,0
Travis,439,President,,DEM,"Roque ""Rocky"" De La Fuente",4,2,2
Travis,440,President,,DEM,"Roque ""Rocky"" De La Fuente",0,0,0
Travis,441,President,,DEM,"Roque ""Rocky"" De La Fuente",1,1,0
Travis,442,President,,DEM,"Roque ""Rocky"" De La Fuente",0,0,0
Travis,443,President,,DEM,"Roque ""Rocky"" De La Fuente",4,2,2
Travis,444,President,,DEM,"Roque ""Rocky"" De La Fuente",0,0,0
Travis,446,President,,DEM,"Roque ""Rocky"" De La Fuente",1,1,0
Travis,447,President,,DEM,"Roque ""Rocky"" De La Fuente",3,2,1
Travis,448,President,,DEM,"Roque ""Rocky"" De La Fuente",1,0,1
Travis,450,President,,DEM,"Roque ""Rocky"" De La Fuente",5,0,5
Travis,451,President,,DEM,"Roque ""Rocky"" De La Fuente",3,2,1
Travis,452,President,,DEM,"Roque ""Rocky"" De La Fuente",4,1,3
Travis,454,President,,DEM,"Roque ""Rocky"" De La Fuente",0,0,0
Travis,458,President,,DEM,"Roque ""Rocky"" De La Fuente",0,0,0
Travis,460,President,,DEM,"Roque ""Rocky"" De La Fuente",0,0,0
Travis,461,President,,DEM,"Roque ""Rocky"" De La Fuente",1,1,0
Travis,463,President,,DEM,"Roque ""Rocky"" De La Fuente",0,0,0
Travis,101,Sheriff,,DEM,Sally Hernandez,463,163,300
Travis,102,Sheriff,,DEM,Sally Hernandez,107,32,75
Travis,103,Sheriff,,DEM,Sally Hernandez,142,43,99
Travis,104,Sheriff,,DEM,Sally Hernandez,101,34,67
Travis,105,Sheriff,,DEM,Sally Hernandez,542,251,291
Travis,106,Sheriff,,DEM,Sally Hernandez,196,77,119
Travis,107,Sheriff,,DEM,Sally Hernandez,12,5,7
Travis,108,Sheriff,,DEM,Sally Hernandez,166,51,115
Travis,109,Sheriff,,DEM,Sally Hernandez,166,60,106
Travis,110,Sheriff,,DEM,Sally Hernandez,355,129,226
Travis,111,Sheriff,,DEM,Sally Hernandez,316,103,213
Travis,112,Sheriff,,DEM,Sally Hernandez,101,35,66
Travis,113,Sheriff,,DEM,Sally Hernandez,470,147,323
Travis,114,Sheriff,,DEM,Sally Hernandez,22,8,14
Travis,115,Sheriff,,DEM,Sally Hernandez,0,0,0
Travis,116,Sheriff,,DEM,Sally Hernandez,0,0,0
Travis,117,Sheriff,,DEM,Sally Hernandez,264,116,148
Travis,118,Sheriff,,DEM,Sally Hernandez,49,21,28
Travis,119,Sheriff,,DEM,Sally Hernandez,0,0,0
Travis,120,Sheriff,,DEM,Sally Hernandez,16,9,7
Travis,121,Sheriff,,DEM,Sally Hernandez,97,45,52
Travis,122,Sheriff,,DEM,Sally Hernandez,307,152,155
Travis,123,Sheriff,,DEM,Sally Hernandez,238,71,167
Travis,124,Sheriff,,DEM,Sally Hernandez,548,258,290
Travis,125,Sheriff,,DEM,Sally Hernandez,0,0,0
Travis,126,Sheriff,,DEM,Sally Hernandez,644,274,370
Travis,127,Sheriff,,DEM,Sally Hernandez,0,0,0
Travis,128,Sheriff,,DEM,Sally Hernandez,0,0,0
Travis,129,Sheriff,,DEM,Sally Hernandez,274,131,143
Travis,130,Sheriff,,DEM,Sally Hernandez,226,81,145
Travis,131,Sheriff,,DEM,Sally Hernandez,0,0,0
Travis,132,Sheriff,,DEM,Sally Hernandez,318,137,181
Travis,133,Sheriff,,DEM,Sally Hernandez,297,102,195
Travis,134,Sheriff,,DEM,Sally Hernandez,0,0,0
Travis,135,Sheriff,,DEM,Sally Hernandez,798,361,437
Travis,136,Sheriff,,DEM,Sally Hernandez,222,92,130
Travis,137,Sheriff,,DEM,Sally Hernandez,436,149,287
Travis,138,Sheriff,,DEM,Sally Hernandez,0,0,0
Travis,139,Sheriff,,DEM,Sally Hernandez,309,136,173
Travis,140,Sheriff,,DEM,Sally Hernandez,158,55,103
Travis,141,Sheriff,,DEM,Sally Hernandez,34,8,26
Travis,142,Sheriff,,DEM,Sally Hernandez,120,53,67
Travis,145,Sheriff,,DEM,Sally Hernandez,193,63,130
Travis,146,Sheriff,,DEM,Sally Hernandez,213,110,103
Travis,148,Sheriff,,DEM,Sally Hernandez,270,107,163
Travis,149,Sheriff,,DEM,Sally Hernandez,215,65,150
Travis,150,Sheriff,,DEM,Sally Hernandez,125,51,74
Travis,151,Sheriff,,DEM,Sally Hernandez,255,91,164
Travis,152,Sheriff,,DEM,Sally Hernandez,568,251,317
Travis,153,Sheriff,,DEM,Sally Hernandez,422,146,276
Travis,154,Sheriff,,DEM,Sally Hernandez,295,96,199
Travis,156,Sheriff,,DEM,Sally Hernandez,631,261,370
Travis,160,Sheriff,,DEM,Sally Hernandez,154,51,103
Travis,161,Sheriff,,DEM,Sally Hernandez,114,46,68
Travis,163,Sheriff,,DEM,Sally Hernandez,12,5,7
Travis,164,Sheriff,,DEM,Sally Hernandez,152,43,109
Travis,200,Sheriff,,DEM,Sally Hernandez,652,295,357
Travis,202,Sheriff,,DEM,Sally Hernandez,420,177,243
Travis,203,Sheriff,,DEM,Sally Hernandez,58,12,46
Travis,205,Sheriff,,DEM,Sally Hernandez,220,88,132
Travis,206,Sheriff,,DEM,Sally Hernandez,122,57,65
Travis,207,Sheriff,,DEM,Sally Hernandez,382,146,236
Travis,208,Sheriff,,DEM,Sally Hernandez,723,442,281
Travis,209,Sheriff,,DEM,Sally Hernandez,100,44,56
Travis,210,Sheriff,,DEM,Sally Hernandez,127,60,67
Travis,211,Sheriff,,DEM,Sally Hernandez,178,65,113
Travis,212,Sheriff,,DEM,Sally Hernandez,238,115,123
Travis,213,Sheriff,,DEM,Sally Hernandez,0,0,0
Travis,214,Sheriff,,DEM,Sally Hernandez,262,107,155
Travis,215,Sheriff,,DEM,Sally Hernandez,184,62,122
Travis,216,Sheriff,,DEM,Sally Hernandez,148,49,99
Travis,217,Sheriff,,DEM,Sally Hernandez,204,75,129
Travis,218,Sheriff,,DEM,Sally Hernandez,409,160,249
Travis,219,Sheriff,,DEM,Sally Hernandez,231,76,155
Travis,220,Sheriff,,DEM,Sally Hernandez,154,61,93
Travis,221,Sheriff,,DEM,Sally Hernandez,56,24,32
Travis,222,Sheriff,,DEM,Sally Hernandez,285,95,190
Travis,223,Sheriff,,DEM,Sally Hernandez,57,24,33
Travis,224,Sheriff,,DEM,Sally Hernandez,13,7,6
Travis,225,Sheriff,,DEM,Sally Hernandez,271,90,181
Travis,226,Sheriff,,DEM,Sally Hernandez,165,61,104
Travis,227,Sheriff,,DEM,Sally Hernandez,45,17,28
Travis,228,Sheriff,,DEM,Sally Hernandez,134,72,62
Travis,229,Sheriff,,DEM,Sally Hernandez,214,70,144
Travis,231,Sheriff,,DEM,Sally Hernandez,258,104,154
Travis,232,Sheriff,,DEM,Sally Hernandez,250,111,139
Travis,233,Sheriff,,DEM,Sally Hernandez,212,72,140
Travis,234,Sheriff,,DEM,Sally Hernandez,128,57,71
Travis,235,Sheriff,,DEM,Sally Hernandez,368,145,223
Travis,236,Sheriff,,DEM,Sally Hernandez,471,156,315
Travis,237,Sheriff,,DEM,Sally Hernandez,196,90,106
Travis,238,Sheriff,,DEM,Sally Hernandez,308,124,184
Travis,239,Sheriff,,DEM,Sally Hernandez,284,118,166
Travis,240,Sheriff,,DEM,Sally Hernandez,130,30,100
Travis,241,Sheriff,,DEM,Sally Hernandez,232,74,158
Travis,242,Sheriff,,DEM,Sally Hernandez,672,271,401
Travis,243,Sheriff,,DEM,Sally Hernandez,206,90,116
Travis,244,Sheriff,,DEM,Sally Hernandez,216,114,102
Travis,245,Sheriff,,DEM,Sally Hernandez,77,27,50
Travis,246,Sheriff,,DEM,Sally Hernandez,178,68,110
Travis,247,Sheriff,,DEM,Sally Hernandez,70,31,39
Travis,248,Sheriff,,DEM,Sally Hernandez,278,120,158
Travis,249,Sheriff,,DEM,Sally Hernandez,263,106,157
Travis,250,Sheriff,,DEM,Sally Hernandez,608,271,337
Travis,251,Sheriff,,DEM,Sally Hernandez,343,169,174
Travis,252,Sheriff,,DEM,Sally Hernandez,263,126,137
Travis,253,Sheriff,,DEM,Sally Hernandez,235,117,118
Travis,254,Sheriff,,DEM,Sally Hernandez,274,132,142
Travis,256,Sheriff,,DEM,Sally Hernandez,150,70,80
Travis,258,Sheriff,,DEM,Sally Hernandez,225,88,137
Travis,259,Sheriff,,DEM,Sally Hernandez,272,101,171
Travis,260,Sheriff,,DEM,Sally Hernandez,85,33,52
Travis,262,Sheriff,,DEM,Sally Hernandez,436,202,234
Travis,263,Sheriff,,DEM,Sally Hernandez,277,93,184
Travis,266,Sheriff,,DEM,Sally Hernandez,34,21,13
Travis,267,Sheriff,,DEM,Sally Hernandez,122,58,64
Travis,268,Sheriff,,DEM,Sally Hernandez,109,39,70
Travis,273,Sheriff,,DEM,Sally Hernandez,377,145,232
Travis,274,Sheriff,,DEM,Sally Hernandez,383,185,198
Travis,275,Sheriff,,DEM,Sally Hernandez,502,209,293
Travis,277,Sheriff,,DEM,Sally Hernandez,420,248,172
Travis,301,Sheriff,,DEM,Sally Hernandez,146,62,84
Travis,302,Sheriff,,DEM,Sally Hernandez,282,148,134
Travis,303,Sheriff,,DEM,Sally Hernandez,256,116,140
Travis,304,Sheriff,,DEM,Sally Hernandez,369,146,223
Travis,305,Sheriff,,DEM,Sally Hernandez,2,1,1
Travis,306,Sheriff,,DEM,Sally Hernandez,118,60,58
Travis,307,Sheriff,,DEM,Sally Hernandez,149,65,84
Travis,308,Sheriff,,DEM,Sally Hernandez,284,128,156
Travis,309,Sheriff,,DEM,Sally Hernandez,249,124,125
Travis,310,Sheriff,,DEM,Sally Hernandez,481,219,262
Travis,311,Sheriff,,DEM,Sally Hernandez,453,281,172
Travis,312,Sheriff,,DEM,Sally Hernandez,110,43,67
Travis,313,Sheriff,,DEM,Sally Hernandez,46,19,27
Travis,314,Sheriff,,DEM,Sally Hernandez,267,139,128
Travis,315,Sheriff,,DEM,Sally Hernandez,419,192,227
Travis,316,Sheriff,,DEM,Sally Hernandez,152,61,91
Travis,317,Sheriff,,DEM,Sally Hernandez,241,132,109
Travis,318,Sheriff,,DEM,Sally Hernandez,55,23,32
Travis,319,Sheriff,,DEM,Sally Hernandez,98,56,42
Travis,320,Sheriff,,DEM,Sally Hernandez,69,41,28
Travis,321,Sheriff,,DEM,Sally Hernandez,70,32,38
Travis,323,Sheriff,,DEM,Sally Hernandez,191,89,102
Travis,324,Sheriff,,DEM,Sally Hernandez,227,109,118
Travis,325,Sheriff,,DEM,Sally Hernandez,5,2,3
Travis,326,Sheriff,,DEM,Sally Hernandez,177,67,110
Travis,327,Sheriff,,DEM,Sally Hernandez,218,88,130
Travis,328,Sheriff,,DEM,Sally Hernandez,354,146,208
Travis,329,Sheriff,,DEM,Sally Hernandez,218,116,102
Travis,330,Sheriff,,DEM,Sally Hernandez,219,90,129
Travis,331,Sheriff,,DEM,Sally Hernandez,249,86,163
Travis,332,Sheriff,,DEM,Sally Hernandez,478,156,322
Travis,333,Sheriff,,DEM,Sally Hernandez,220,59,161
Travis,334,Sheriff,,DEM,Sally Hernandez,156,55,101
Travis,335,Sheriff,,DEM,Sally Hernandez,162,71,91
Travis,336,Sheriff,,DEM,Sally Hernandez,163,58,105
Travis,337,Sheriff,,DEM,Sally Hernandez,303,118,185
Travis,338,Sheriff,,DEM,Sally Hernandez,473,188,285
Travis,339,Sheriff,,DEM,Sally Hernandez,194,82,112
Travis,340,Sheriff,,DEM,Sally Hernandez,267,103,164
Travis,341,Sheriff,,DEM,Sally Hernandez,3,0,3
Travis,342,Sheriff,,DEM,Sally Hernandez,745,293,452
Travis,343,Sheriff,,DEM,Sally Hernandez,151,56,95
Travis,344,Sheriff,,DEM,Sally Hernandez,252,112,140
Travis,345,Sheriff,,DEM,Sally Hernandez,1,1,0
Travis,346,Sheriff,,DEM,Sally Hernandez,126,80,46
Travis,347,Sheriff,,DEM,Sally Hernandez,223,117,106
Travis,349,Sheriff,,DEM,Sally Hernandez,431,187,244
Travis,350,Sheriff,,DEM,Sally Hernandez,549,257,292
Travis,351,Sheriff,,DEM,Sally Hernandez,154,73,81
Travis,352,Sheriff,,DEM,Sally Hernandez,447,211,236
Travis,354,Sheriff,,DEM,Sally Hernandez,423,244,179
Travis,356,Sheriff,,DEM,Sally Hernandez,159,74,85
Travis,357,Sheriff,,DEM,Sally Hernandez,49,14,35
Travis,358,Sheriff,,DEM,Sally Hernandez,547,245,302
Travis,359,Sheriff,,DEM,Sally Hernandez,273,127,146
Travis,360,Sheriff,,DEM,Sally Hernandez,438,189,249
Travis,361,Sheriff,,DEM,Sally Hernandez,139,59,80
Travis,362,Sheriff,,DEM,Sally Hernandez,349,173,176
Travis,363,Sheriff,,DEM,Sally Hernandez,176,79,97
Travis,364,Sheriff,,DEM,Sally Hernandez,311,167,144
Travis,365,Sheriff,,DEM,Sally Hernandez,186,73,113
Travis,366,Sheriff,,DEM,Sally Hernandez,489,214,275
Travis,367,Sheriff,,DEM,Sally Hernandez,500,198,302
Travis,368,Sheriff,,DEM,Sally Hernandez,17,10,7
Travis,369,Sheriff,,DEM,Sally Hernandez,92,29,63
Travis,370,Sheriff,,DEM,Sally Hernandez,74,9,65
Travis,371,Sheriff,,DEM,Sally Hernandez,100,37,63
Travis,372,Sheriff,,DEM,Sally Hernandez,83,30,53
Travis,373,Sheriff,,DEM,Sally Hernandez,184,70,114
Travis,374,Sheriff,,DEM,Sally Hernandez,235,71,164
Travis,375,Sheriff,,DEM,Sally Hernandez,32,11,21
Travis,401,Sheriff,,DEM,Sally Hernandez,219,98,121
Travis,402,Sheriff,,DEM,Sally Hernandez,266,110,156
Travis,403,Sheriff,,DEM,Sally Hernandez,109,36,73
Travis,404,Sheriff,,DEM,Sally Hernandez,266,105,161
Travis,405,Sheriff,,DEM,Sally Hernandez,54,23,31
Travis,406,Sheriff,,DEM,Sally Hernandez,221,124,97
Travis,407,Sheriff,,DEM,Sally Hernandez,187,78,109
Travis,408,Sheriff,,DEM,Sally Hernandez,346,128,218
Travis,409,Sheriff,,DEM,Sally Hernandez,299,125,174
Travis,410,Sheriff,,DEM,Sally Hernandez,371,168,203
Travis,411,Sheriff,,DEM,Sally Hernandez,180,78,102
Travis,412,Sheriff,,DEM,Sally Hernandez,22,11,11
Travis,413,Sheriff,,DEM,Sally Hernandez,100,43,57
Travis,414,Sheriff,,DEM,Sally Hernandez,393,162,231
Travis,415,Sheriff,,DEM,Sally Hernandez,159,56,103
Travis,416,Sheriff,,DEM,Sally Hernandez,10,4,6
Travis,417,Sheriff,,DEM,Sally Hernandez,148,66,82
Travis,418,Sheriff,,DEM,Sally Hernandez,0,0,0
Travis,419,Sheriff,,DEM,Sally Hernandez,55,30,25
Travis,420,Sheriff,,DEM,Sally Hernandez,330,138,192
Travis,421,Sheriff,,DEM,Sally Hernandez,326,132,194
Travis,422,Sheriff,,DEM,Sally Hernandez,304,134,170
Travis,423,Sheriff,,DEM,Sally Hernandez,348,125,223
Travis,424,Sheriff,,DEM,Sally Hernandez,315,112,203
Travis,425,Sheriff,,DEM,Sally Hernandez,103,48,55
Travis,426,Sheriff,,DEM,Sally Hernandez,316,128,188
Travis,427,Sheriff,,DEM,Sally Hernandez,274,118,156
Travis,428,Sheriff,,DEM,Sally Hernandez,116,59,57
Travis,429,Sheriff,,DEM,Sally Hernandez,662,307,355
Travis,430,Sheriff,,DEM,Sally Hernandez,183,61,122
Travis,431,Sheriff,,DEM,Sally Hernandez,680,269,411
Travis,432,Sheriff,,DEM,Sally Hernandez,1,1,0
Travis,433,Sheriff,,DEM,Sally Hernandez,363,166,197
Travis,434,Sheriff,,DEM,Sally Hernandez,1,0,1
Travis,435,Sheriff,,DEM,Sally Hernandez,682,297,385
Travis,436,Sheriff,,DEM,Sally Hernandez,42,16,26
Travis,437,Sheriff,,DEM,Sally Hernandez,321,120,201
Travis,438,Sheriff,,DEM,Sally Hernandez,179,73,106
Travis,439,Sheriff,,DEM,Sally Hernandez,339,134,205
Travis,440,Sheriff,,DEM,Sally Hernandez,126,53,73
Travis,441,Sheriff,,DEM,Sally Hernandez,481,233,248
Travis,442,Sheriff,,DEM,Sally Hernandez,178,71,107
Travis,443,Sheriff,,DEM,Sally Hernandez,306,127,179
Travis,444,Sheriff,,DEM,Sally Hernandez,17,6,11
Travis,446,Sheriff,,DEM,Sally Hernandez,155,70,85
Travis,447,Sheriff,,DEM,Sally Hernandez,492,199,293
Travis,448,Sheriff,,DEM,Sally Hernandez,253,96,157
Travis,450,Sheriff,,DEM,Sally Hernandez,409,175,234
Travis,451,Sheriff,,DEM,Sally Hernandez,394,153,241
Travis,452,Sheriff,,DEM,Sally Hernandez,174,62,112
Travis,454,Sheriff,,DEM,Sally Hernandez,264,142,122
Travis,458,Sheriff,,DEM,Sally Hernandez,401,203,198
Travis,460,Sheriff,,DEM,Sally Hernandez,482,223,259
Travis,461,Sheriff,,DEM,Sally Hernandez,481,198,283
Travis,463,Sheriff,,DEM,Sally Hernandez,410,143,267
Travis,101,"Place 9, Justice, Supreme Court",,DEM,Savannah Robinson,795,277,518
Travis,102,"Place 9, Justice, Supreme Court",,DEM,Savannah Robinson,177,59,118
Travis,103,"Place 9, Justice, Supreme Court",,DEM,Savannah Robinson,266,106,160
Travis,104,"Place 9, Justice, Supreme Court",,DEM,Savannah Robinson,201,88,113
Travis,105,"Place 9, Justice, Supreme Court",,DEM,Savannah Robinson,874,387,487
Travis,106,"Place 9, Justice, Supreme Court",,DEM,Savannah Robinson,324,134,190
Travis,107,"Place 9, Justice, Supreme Court",,DEM,Savannah Robinson,34,12,22
Travis,108,"Place 9, Justice, Supreme Court",,DEM,Savannah Robinson,291,90,201
Travis,109,"Place 9, Justice, Supreme Court",,DEM,Savannah Robinson,348,122,226
Travis,110,"Place 9, Justice, Supreme Court",,DEM,Savannah Robinson,671,250,421
Travis,111,"Place 9, Justice, Supreme Court",,DEM,Savannah Robinson,633,240,393
Travis,112,"Place 9, Justice, Supreme Court",,DEM,Savannah Robinson,197,69,128
Travis,113,"Place 9, Justice, Supreme Court",,DEM,Savannah Robinson,834,289,545
Travis,114,"Place 9, Justice, Supreme Court",,DEM,Savannah Robinson,51,21,30
Travis,115,"Place 9, Justice, Supreme Court",,DEM,Savannah Robinson,1,0,1
Travis,116,"Place 9, Justice, Supreme Court",,DEM,Savannah Robinson,1,0,1
Travis,117,"Place 9, Justice, Supreme Court",,DEM,Savannah Robinson,455,206,249
Travis,118,"Place 9, Justice, Supreme Court",,DEM,Savannah Robinson,85,41,44
Travis,119,"Place 9, Justice, Supreme Court",,DEM,Savannah Robinson,0,0,0
Travis,120,"Place 9, Justice, Supreme Court",,DEM,Savannah Robinson,25,15,10
Travis,121,"Place 9, Justice, Supreme Court",,DEM,Savannah Robinson,152,79,73
Travis,122,"Place 9, Justice, Supreme Court",,DEM,Savannah Robinson,653,335,318
Travis,123,"Place 9, Justice, Supreme Court",,DEM,Savannah Robinson,484,172,312
Travis,124,"Place 9, Justice, Supreme Court",,DEM,Savannah Robinson,1099,530,569
Travis,125,"Place 9, Justice, Supreme Court",,DEM,Savannah Robinson,0,0,0
Travis,126,"Place 9, Justice, Supreme Court",,DEM,Savannah Robinson,1219,555,664
Travis,127,"Place 9, Justice, Supreme Court",,DEM,Savannah Robinson,0,0,0
Travis,128,"Place 9, Justice, Supreme Court",,DEM,Savannah Robinson,0,0,0
Travis,129,"Place 9, Justice, Supreme Court",,DEM,Savannah Robinson,578,289,289
Travis,130,"Place 9, Justice, Supreme Court",,DEM,Savannah Robinson,517,200,317
Travis,131,"Place 9, Justice, Supreme Court",,DEM,Savannah Robinson,0,0,0
Travis,132,"Place 9, Justice, Supreme Court",,DEM,Savannah Robinson,632,284,348
Travis,133,"Place 9, Justice, Supreme Court",,DEM,Savannah Robinson,628,230,398
Travis,134,"Place 9, Justice, Supreme Court",,DEM,Savannah Robinson,0,0,0
Travis,135,"Place 9, Justice, Supreme Court",,DEM,Savannah Robinson,1690,729,961
Travis,136,"Place 9, Justice, Supreme Court",,DEM,Savannah Robinson,394,170,224
Travis,137,"Place 9, Justice, Supreme Court",,DEM,Savannah Robinson,891,327,564
Travis,138,"Place 9, Justice, Supreme Court",,DEM,Savannah Robinson,0,0,0
Travis,139,"Place 9, Justice, Supreme Court",,DEM,Savannah Robinson,592,256,336
Travis,140,"Place 9, Justice, Supreme Court",,DEM,Savannah Robinson,299,125,174
Travis,141,"Place 9, Justice, Supreme Court",,DEM,Savannah Robinson,67,22,45
Travis,142,"Place 9, Justice, Supreme Court",,DEM,Savannah Robinson,214,98,116
Travis,145,"Place 9, Justice, Supreme Court",,DEM,Savannah Robinson,394,144,250
Travis,146,"Place 9, Justice, Supreme Court",,DEM,Savannah Robinson,377,186,191
Travis,148,"Place 9, Justice, Supreme Court",,DEM,Savannah Robinson,492,197,295
Travis,149,"Place 9, Justice, Supreme Court",,DEM,Savannah Robinson,423,163,260
Travis,150,"Place 9, Justice, Supreme Court",,DEM,Savannah Robinson,237,97,140
Travis,151,"Place 9, Justice, Supreme Court",,DEM,Savannah Robinson,586,244,342
Travis,152,"Place 9, Justice, Supreme Court",,DEM,Savannah Robinson,1162,512,650
Travis,153,"Place 9, Justice, Supreme Court",,DEM,Savannah Robinson,790,292,498
Travis,154,"Place 9, Justice, Supreme Court",,DEM,Savannah Robinson,476,141,335
Travis,156,"Place 9, Justice, Supreme Court",,DEM,Savannah Robinson,1049,477,572
Travis,160,"Place 9, Justice, Supreme Court",,DEM,Savannah Robinson,265,98,167
Travis,161,"Place 9, Justice, Supreme Court",,DEM,Savannah Robinson,192,76,116
Travis,163,"Place 9, Justice, Supreme Court",,DEM,Savannah Robinson,22,9,13
Travis,164,"Place 9, Justice, Supreme Court",,DEM,Savannah Robinson,271,102,169
Travis,200,"Place 9, Justice, Supreme Court",,DEM,Savannah Robinson,1236,564,672
Travis,202,"Place 9, Justice, Supreme Court",,DEM,Savannah Robinson,918,412,506
Travis,203,"Place 9, Justice, Supreme Court",,DEM,Savannah Robinson,99,31,68
Travis,205,"Place 9, Justice, Supreme Court",,DEM,Savannah Robinson,399,154,245
Travis,206,"Place 9, Justice, Supreme Court",,DEM,Savannah Robinson,284,139,145
Travis,207,"Place 9, Justice, Supreme Court",,DEM,Savannah Robinson,698,277,421
Travis,208,"Place 9, Justice, Supreme Court",,DEM,Savannah Robinson,1520,843,677
Travis,209,"Place 9, Justice, Supreme Court",,DEM,Savannah Robinson,169,83,86
Travis,210,"Place 9, Justice, Supreme Court",,DEM,Savannah Robinson,306,155,151
Travis,211,"Place 9, Justice, Supreme Court",,DEM,Savannah Robinson,345,137,208
Travis,212,"Place 9, Justice, Supreme Court",,DEM,Savannah Robinson,373,196,177
Travis,213,"Place 9, Justice, Supreme Court",,DEM,Savannah Robinson,0,0,0
Travis,214,"Place 9, Justice, Supreme Court",,DEM,Savannah Robinson,505,212,293
Travis,215,"Place 9, Justice, Supreme Court",,DEM,Savannah Robinson,335,117,218
Travis,216,"Place 9, Justice, Supreme Court",,DEM,Savannah Robinson,256,79,177
Travis,217,"Place 9, Justice, Supreme Court",,DEM,Savannah Robinson,365,144,221
Travis,218,"Place 9, Justice, Supreme Court",,DEM,Savannah Robinson,764,309,455
Travis,219,"Place 9, Justice, Supreme Court",,DEM,Savannah Robinson,400,146,254
Travis,220,"Place 9, Justice, Supreme Court",,DEM,Savannah Robinson,327,153,174
Travis,221,"Place 9, Justice, Supreme Court",,DEM,Savannah Robinson,93,41,52
Travis,222,"Place 9, Justice, Supreme Court",,DEM,Savannah Robinson,496,186,310
Travis,223,"Place 9, Justice, Supreme Court",,DEM,Savannah Robinson,109,44,65
Travis,224,"Place 9, Justice, Supreme Court",,DEM,Savannah Robinson,19,8,11
Travis,225,"Place 9, Justice, Supreme Court",,DEM,Savannah Robinson,485,168,317
Travis,226,"Place 9, Justice, Supreme Court",,DEM,Savannah Robinson,293,105,188
Travis,227,"Place 9, Justice, Supreme Court",,DEM,Savannah Robinson,77,32,45
Travis,228,"Place 9, Justice, Supreme Court",,DEM,Savannah Robinson,313,165,148
Travis,229,"Place 9, Justice, Supreme Court",,DEM,Savannah Robinson,390,145,245
Travis,231,"Place 9, Justice, Supreme Court",,DEM,Savannah Robinson,542,237,305
Travis,232,"Place 9, Justice, Supreme Court",,DEM,Savannah Robinson,499,240,259
Travis,233,"Place 9, Justice, Supreme Court",,DEM,Savannah Robinson,397,148,249
Travis,234,"Place 9, Justice, Supreme Court",,DEM,Savannah Robinson,227,100,127
Travis,235,"Place 9, Justice, Supreme Court",,DEM,Savannah Robinson,734,291,443
Travis,236,"Place 9, Justice, Supreme Court",,DEM,Savannah Robinson,862,298,564
Travis,237,"Place 9, Justice, Supreme Court",,DEM,Savannah Robinson,394,168,226
Travis,238,"Place 9, Justice, Supreme Court",,DEM,Savannah Robinson,630,263,367
Travis,239,"Place 9, Justice, Supreme Court",,DEM,Savannah Robinson,652,275,377
Travis,240,"Place 9, Justice, Supreme Court",,DEM,Savannah Robinson,268,85,183
Travis,241,"Place 9, Justice, Supreme Court",,DEM,Savannah Robinson,440,161,279
Travis,242,"Place 9, Justice, Supreme Court",,DEM,Savannah Robinson,1335,587,748
Travis,243,"Place 9, Justice, Supreme Court",,DEM,Savannah Robinson,466,237,229
Travis,244,"Place 9, Justice, Supreme Court",,DEM,Savannah Robinson,378,191,187
Travis,245,"Place 9, Justice, Supreme Court",,DEM,Savannah Robinson,146,52,94
Travis,246,"Place 9, Justice, Supreme Court",,DEM,Savannah Robinson,367,147,220
Travis,247,"Place 9, Justice, Supreme Court",,DEM,Savannah Robinson,146,56,90
Travis,248,"Place 9, Justice, Supreme Court",,DEM,Savannah Robinson,560,244,316
Travis,249,"Place 9, Justice, Supreme Court",,DEM,Savannah Robinson,563,247,316
Travis,250,"Place 9, Justice, Supreme Court",,DEM,Savannah Robinson,1028,435,593
Travis,251,"Place 9, Justice, Supreme Court",,DEM,Savannah Robinson,609,280,329
Travis,252,"Place 9, Justice, Supreme Court",,DEM,Savannah Robinson,595,282,313
Travis,253,"Place 9, Justice, Supreme Court",,DEM,Savannah Robinson,483,236,247
Travis,254,"Place 9, Justice, Supreme Court",,DEM,Savannah Robinson,519,234,285
Travis,256,"Place 9, Justice, Supreme Court",,DEM,Savannah Robinson,305,154,151
Travis,258,"Place 9, Justice, Supreme Court",,DEM,Savannah Robinson,458,205,253
Travis,259,"Place 9, Justice, Supreme Court",,DEM,Savannah Robinson,526,205,321
Travis,260,"Place 9, Justice, Supreme Court",,DEM,Savannah Robinson,153,48,105
Travis,262,"Place 9, Justice, Supreme Court",,DEM,Savannah Robinson,867,419,448
Travis,263,"Place 9, Justice, Supreme Court",,DEM,Savannah Robinson,574,214,360
Travis,266,"Place 9, Justice, Supreme Court",,DEM,Savannah Robinson,77,45,32
Travis,267,"Place 9, Justice, Supreme Court",,DEM,Savannah Robinson,277,147,130
Travis,268,"Place 9, Justice, Supreme Court",,DEM,Savannah Robinson,187,71,116
Travis,273,"Place 9, Justice, Supreme Court",,DEM,Savannah Robinson,725,302,423
Travis,274,"Place 9, Justice, Supreme Court",,DEM,Savannah Robinson,722,324,398
Travis,275,"Place 9, Justice, Supreme Court",,DEM,Savannah Robinson,945,391,554
Travis,277,"Place 9, Justice, Supreme Court",,DEM,Savannah Robinson,910,498,412
Travis,301,"Place 9, Justice, Supreme Court",,DEM,Savannah Robinson,236,92,144
Travis,302,"Place 9, Justice, Supreme Court",,DEM,Savannah Robinson,486,259,227
Travis,303,"Place 9, Justice, Supreme Court",,DEM,Savannah Robinson,410,208,202
Travis,304,"Place 9, Justice, Supreme Court",,DEM,Savannah Robinson,655,285,370
Travis,305,"Place 9, Justice, Supreme Court",,DEM,Savannah Robinson,3,2,1
Travis,306,"Place 9, Justice, Supreme Court",,DEM,Savannah Robinson,267,148,119
Travis,307,"Place 9, Justice, Supreme Court",,DEM,Savannah Robinson,237,112,125
Travis,308,"Place 9, Justice, Supreme Court",,DEM,Savannah Robinson,486,211,275
Travis,309,"Place 9, Justice, Supreme Court",,DEM,Savannah Robinson,430,219,211
Travis,310,"Place 9, Justice, Supreme Court",,DEM,Savannah Robinson,722,335,387
Travis,311,"Place 9, Justice, Supreme Court",,DEM,Savannah Robinson,928,533,395
Travis,312,"Place 9, Justice, Supreme Court",,DEM,Savannah Robinson,234,110,124
Travis,313,"Place 9, Justice, Supreme Court",,DEM,Savannah Robinson,96,37,59
Travis,314,"Place 9, Justice, Supreme Court",,DEM,Savannah Robinson,422,212,210
Travis,315,"Place 9, Justice, Supreme Court",,DEM,Savannah Robinson,661,303,358
Travis,316,"Place 9, Justice, Supreme Court",,DEM,Savannah Robinson,245,101,144
Travis,317,"Place 9, Justice, Supreme Court",,DEM,Savannah Robinson,366,185,181
Travis,318,"Place 9, Justice, Supreme Court",,DEM,Savannah Robinson,91,33,58
Travis,319,"Place 9, Justice, Supreme Court",,DEM,Savannah Robinson,190,98,92
Travis,320,"Place 9, Justice, Supreme Court",,DEM,Savannah Robinson,154,100,54
Travis,321,"Place 9, Justice, Supreme Court",,DEM,Savannah Robinson,127,58,69
Travis,323,"Place 9, Justice, Supreme Court",,DEM,Savannah Robinson,376,166,210
Travis,324,"Place 9, Justice, Supreme Court",,DEM,Savannah Robinson,399,203,196
Travis,325,"Place 9, Justice, Supreme Court",,DEM,Savannah Robinson,13,7,6
Travis,326,"Place 9, Justice, Supreme Court",,DEM,Savannah Robinson,310,130,180
Travis,327,"Place 9, Justice, Supreme Court",,DEM,Savannah Robinson,478,213,265
Travis,328,"Place 9, Justice, Supreme Court",,DEM,Savannah Robinson,706,330,376
Travis,329,"Place 9, Justice, Supreme Court",,DEM,Savannah Robinson,393,202,191
Travis,330,"Place 9, Justice, Supreme Court",,DEM,Savannah Robinson,339,148,191
Travis,331,"Place 9, Justice, Supreme Court",,DEM,Savannah Robinson,479,158,321
Travis,332,"Place 9, Justice, Supreme Court",,DEM,Savannah Robinson,763,276,487
Travis,333,"Place 9, Justice, Supreme Court",,DEM,Savannah Robinson,398,104,294
Travis,334,"Place 9, Justice, Supreme Court",,DEM,Savannah Robinson,306,120,186
Travis,335,"Place 9, Justice, Supreme Court",,DEM,Savannah Robinson,354,157,197
Travis,336,"Place 9, Justice, Supreme Court",,DEM,Savannah Robinson,317,123,194
Travis,337,"Place 9, Justice, Supreme Court",,DEM,Savannah Robinson,571,211,360
Travis,338,"Place 9, Justice, Supreme Court",,DEM,Savannah Robinson,757,292,465
Travis,339,"Place 9, Justice, Supreme Court",,DEM,Savannah Robinson,320,153,167
Travis,340,"Place 9, Justice, Supreme Court",,DEM,Savannah Robinson,530,214,316
Travis,341,"Place 9, Justice, Supreme Court",,DEM,Savannah Robinson,5,0,5
Travis,342,"Place 9, Justice, Supreme Court",,DEM,Savannah Robinson,1201,522,679
Travis,343,"Place 9, Justice, Supreme Court",,DEM,Savannah Robinson,241,86,155
Travis,344,"Place 9, Justice, Supreme Court",,DEM,Savannah Robinson,403,180,223
Travis,345,"Place 9, Justice, Supreme Court",,DEM,Savannah Robinson,1,1,0
Travis,346,"Place 9, Justice, Supreme Court",,DEM,Savannah Robinson,236,143,93
Travis,347,"Place 9, Justice, Supreme Court",,DEM,Savannah Robinson,380,192,188
Travis,349,"Place 9, Justice, Supreme Court",,DEM,Savannah Robinson,771,337,434
Travis,350,"Place 9, Justice, Supreme Court",,DEM,Savannah Robinson,805,377,428
Travis,351,"Place 9, Justice, Supreme Court",,DEM,Savannah Robinson,271,127,144
Travis,352,"Place 9, Justice, Supreme Court",,DEM,Savannah Robinson,706,366,340
Travis,354,"Place 9, Justice, Supreme Court",,DEM,Savannah Robinson,752,436,316
Travis,356,"Place 9, Justice, Supreme Court",,DEM,Savannah Robinson,270,122,148
Travis,357,"Place 9, Justice, Supreme Court",,DEM,Savannah Robinson,93,39,54
Travis,358,"Place 9, Justice, Supreme Court",,DEM,Savannah Robinson,1004,469,535
Travis,359,"Place 9, Justice, Supreme Court",,DEM,Savannah Robinson,491,227,264
Travis,360,"Place 9, Justice, Supreme Court",,DEM,Savannah Robinson,721,311,410
Travis,361,"Place 9, Justice, Supreme Court",,DEM,Savannah Robinson,206,94,112
Travis,362,"Place 9, Justice, Supreme Court",,DEM,Savannah Robinson,622,316,306
Travis,363,"Place 9, Justice, Supreme Court",,DEM,Savannah Robinson,283,137,146
Travis,364,"Place 9, Justice, Supreme Court",,DEM,Savannah Robinson,534,309,225
Travis,365,"Place 9, Justice, Supreme Court",,DEM,Savannah Robinson,294,117,177
Travis,366,"Place 9, Justice, Supreme Court",,DEM,Savannah Robinson,868,402,466
Travis,367,"Place 9, Justice, Supreme Court",,DEM,Savannah Robinson,816,359,457
Travis,368,"Place 9, Justice, Supreme Court",,DEM,Savannah Robinson,23,13,10
Travis,369,"Place 9, Justice, Supreme Court",,DEM,Savannah Robinson,172,52,120
Travis,370,"Place 9, Justice, Supreme Court",,DEM,Savannah Robinson,131,18,113
Travis,371,"Place 9, Justice, Supreme Court",,DEM,Savannah Robinson,213,88,125
Travis,372,"Place 9, Justice, Supreme Court",,DEM,Savannah Robinson,155,51,104
Travis,373,"Place 9, Justice, Supreme Court",,DEM,Savannah Robinson,347,136,211
Travis,374,"Place 9, Justice, Supreme Court",,DEM,Savannah Robinson,437,159,278
Travis,375,"Place 9, Justice, Supreme Court",,DEM,Savannah Robinson,82,28,54
Travis,401,"Place 9, Justice, Supreme Court",,DEM,Savannah Robinson,325,151,174
Travis,402,"Place 9, Justice, Supreme Court",,DEM,Savannah Robinson,419,179,240
Travis,403,"Place 9, Justice, Supreme Court",,DEM,Savannah Robinson,165,57,108
Travis,404,"Place 9, Justice, Supreme Court",,DEM,Savannah Robinson,418,158,260
Travis,405,"Place 9, Justice, Supreme Court",,DEM,Savannah Robinson,84,34,50
Travis,406,"Place 9, Justice, Supreme Court",,DEM,Savannah Robinson,399,232,167
Travis,407,"Place 9, Justice, Supreme Court",,DEM,Savannah Robinson,290,123,167
Travis,408,"Place 9, Justice, Supreme Court",,DEM,Savannah Robinson,531,205,326
Travis,409,"Place 9, Justice, Supreme Court",,DEM,Savannah Robinson,520,220,300
Travis,410,"Place 9, Justice, Supreme Court",,DEM,Savannah Robinson,583,283,300
Travis,411,"Place 9, Justice, Supreme Court",,DEM,Savannah Robinson,312,131,181
Travis,412,"Place 9, Justice, Supreme Court",,DEM,Savannah Robinson,28,16,12
Travis,413,"Place 9, Justice, Supreme Court",,DEM,Savannah Robinson,168,69,99
Travis,414,"Place 9, Justice, Supreme Court",,DEM,Savannah Robinson,616,266,350
Travis,415,"Place 9, Justice, Supreme Court",,DEM,Savannah Robinson,233,89,144
Travis,416,"Place 9, Justice, Supreme Court",,DEM,Savannah Robinson,22,10,12
Travis,417,"Place 9, Justice, Supreme Court",,DEM,Savannah Robinson,273,136,137
Travis,418,"Place 9, Justice, Supreme Court",,DEM,Savannah Robinson,0,0,0
Travis,419,"Place 9, Justice, Supreme Court",,DEM,Savannah Robinson,89,54,35
Travis,420,"Place 9, Justice, Supreme Court",,DEM,Savannah Robinson,546,231,315
Travis,421,"Place 9, Justice, Supreme Court",,DEM,Savannah Robinson,584,234,350
Travis,422,"Place 9, Justice, Supreme Court",,DEM,Savannah Robinson,565,247,318
Travis,423,"Place 9, Justice, Supreme Court",,DEM,Savannah Robinson,565,229,336
Travis,424,"Place 9, Justice, Supreme Court",,DEM,Savannah Robinson,546,217,329
Travis,425,"Place 9, Justice, Supreme Court",,DEM,Savannah Robinson,186,83,103
Travis,426,"Place 9, Justice, Supreme Court",,DEM,Savannah Robinson,599,272,327
Travis,427,"Place 9, Justice, Supreme Court",,DEM,Savannah Robinson,445,215,230
Travis,428,"Place 9, Justice, Supreme Court",,DEM,Savannah Robinson,213,97,116
Travis,429,"Place 9, Justice, Supreme Court",,DEM,Savannah Robinson,1231,547,684
Travis,430,"Place 9, Justice, Supreme Court",,DEM,Savannah Robinson,301,119,182
Travis,431,"Place 9, Justice, Supreme Court",,DEM,Savannah Robinson,1099,447,652
Travis,432,"Place 9, Justice, Supreme Court",,DEM,Savannah Robinson,1,1,0
Travis,433,"Place 9, Justice, Supreme Court",,DEM,Savannah Robinson,617,297,320
Travis,434,"Place 9, Justice, Supreme Court",,DEM,Savannah Robinson,2,1,1
Travis,435,"Place 9, Justice, Supreme Court",,DEM,Savannah Robinson,1007,444,563
Travis,436,"Place 9, Justice, Supreme Court",,DEM,Savannah Robinson,64,28,36
Travis,437,"Place 9, Justice, Supreme Court",,DEM,Savannah Robinson,553,212,341
Travis,438,"Place 9, Justice, Supreme Court",,DEM,Savannah Robinson,321,145,176
Travis,439,"Place 9, Justice, Supreme Court",,DEM,Savannah Robinson,617,253,364
Travis,440,"Place 9, Justice, Supreme Court",,DEM,Savannah Robinson,209,101,108
Travis,441,"Place 9, Justice, Supreme Court",,DEM,Savannah Robinson,812,386,426
Travis,442,"Place 9, Justice, Supreme Court",,DEM,Savannah Robinson,317,125,192
Travis,443,"Place 9, Justice, Supreme Court",,DEM,Savannah Robinson,462,201,261
Travis,444,"Place 9, Justice, Supreme Court",,DEM,Savannah Robinson,25,12,13
Travis,446,"Place 9, Justice, Supreme Court",,DEM,Savannah Robinson,257,105,152
Travis,447,"Place 9, Justice, Supreme Court",,DEM,Savannah Robinson,767,318,449
Travis,448,"Place 9, Justice, Supreme Court",,DEM,Savannah Robinson,395,166,229
Travis,450,"Place 9, Justice, Supreme Court",,DEM,Savannah Robinson,645,273,372
Travis,451,"Place 9, Justice, Supreme Court",,DEM,Savannah Robinson,638,265,373
Travis,452,"Place 9, Justice, Supreme Court",,DEM,Savannah Robinson,306,128,178
Travis,454,"Place 9, Justice, Supreme Court",,DEM,Savannah Robinson,470,240,230
Travis,458,"Place 9, Justice, Supreme Court",,DEM,Savannah Robinson,667,344,323
Travis,460,"Place 9, Justice, Supreme Court",,DEM,Savannah Robinson,802,397,405
Travis,461,"Place 9, Justice, Supreme Court",,DEM,Savannah Robinson,876,381,495
Travis,463,"Place 9, Justice, Supreme Court",,DEM,Savannah Robinson,660,269,391
Travis,103,U.S. House,10,DEM,Scot B. Gallaher,146,67,79
Travis,104,U.S. House,10,DEM,Scot B. Gallaher,96,49,47
Travis,105,U.S. House,10,DEM,Scot B. Gallaher,337,153,184
Travis,106,U.S. House,10,DEM,Scot B. Gallaher,137,60,77
Travis,108,U.S. House,10,DEM,Scot B. Gallaher,130,44,86
Travis,114,U.S. House,10,DEM,Scot B. Gallaher,19,9,10
Travis,118,U.S. House,10,DEM,Scot B. Gallaher,31,14,17
Travis,123,U.S. House,10,DEM,Scot B. Gallaher,167,63,104
Travis,125,U.S. House,10,DEM,Scot B. Gallaher,0,0,0
Travis,127,U.S. House,10,DEM,Scot B. Gallaher,0,0,0
Travis,131,U.S. House,10,DEM,Scot B. Gallaher,0,0,0
Travis,136,U.S. House,10,DEM,Scot B. Gallaher,179,91,88
Travis,138,U.S. House,10,DEM,Scot B. Gallaher,0,0,0
Travis,140,U.S. House,10,DEM,Scot B. Gallaher,131,64,67
Travis,141,U.S. House,10,DEM,Scot B. Gallaher,16,6,10
Travis,142,U.S. House,10,DEM,Scot B. Gallaher,108,59,49
Travis,146,U.S. House,10,DEM,Scot B. Gallaher,169,96,73
Travis,149,U.S. House,10,DEM,Scot B. Gallaher,249,103,146
Travis,150,U.S. House,10,DEM,Scot B. Gallaher,132,62,70
Travis,153,U.S. House,10,DEM,Scot B. Gallaher,317,124,193
Travis,154,U.S. House,10,DEM,Scot B. Gallaher,174,48,126
Travis,156,U.S. House,10,DEM,Scot B. Gallaher,492,244,248
Travis,200,U.S. House,10,DEM,Scot B. Gallaher,686,318,368
Travis,203,U.S. House,10,DEM,Scot B. Gallaher,36,16,20
Travis,211,U.S. House,10,DEM,Scot B. Gallaher,164,69,95
Travis,212,U.S. House,10,DEM,Scot B. Gallaher,250,136,114
Travis,217,U.S. House,10,DEM,Scot B. Gallaher,181,71,110
Travis,218,U.S. House,10,DEM,Scot B. Gallaher,372,172,200
Travis,222,U.S. House,10,DEM,Scot B. Gallaher,278,103,175
Travis,227,U.S. House,10,DEM,Scot B. Gallaher,32,13,19
Travis,228,U.S. House,10,DEM,Scot B. Gallaher,186,104,82
Travis,235,U.S. House,10,DEM,Scot B. Gallaher,416,165,251
Travis,236,U.S. House,10,DEM,Scot B. Gallaher,561,186,375
Travis,237,U.S. House,10,DEM,Scot B. Gallaher,279,119,160
Travis,239,U.S. House,10,DEM,Scot B. Gallaher,468,201,267
Travis,240,U.S. House,10,DEM,Scot B. Gallaher,177,54,123
Travis,241,U.S. House,10,DEM,Scot B. Gallaher,286,114,172
Travis,242,U.S. House,10,DEM,Scot B. Gallaher,860,406,454
Travis,243,U.S. House,10,DEM,Scot B. Gallaher,287,139,148
Travis,245,U.S. House,10,DEM,Scot B. Gallaher,84,34,50
Travis,246,U.S. House,10,DEM,Scot B. Gallaher,227,86,141
Travis,248,U.S. House,10,DEM,Scot B. Gallaher,346,164,182
Travis,249,U.S. House,10,DEM,Scot B. Gallaher,399,188,211
Travis,252,U.S. House,10,DEM,Scot B. Gallaher,363,176,187
Travis,253,U.S. House,10,DEM,Scot B. Gallaher,345,190,155
Travis,258,U.S. House,10,DEM,Scot B. Gallaher,277,143,134
Travis,260,U.S. House,10,DEM,Scot B. Gallaher,79,22,57
Travis,262,U.S. House,10,DEM,Scot B. Gallaher,536,278,258
Travis,266,U.S. House,10,DEM,Scot B. Gallaher,65,39,26
Travis,268,U.S. House,10,DEM,Scot B. Gallaher,99,40,59
Travis,273,U.S. House,10,DEM,Scot B. Gallaher,510,234,276
Travis,321,U.S. House,10,DEM,Scot B. Gallaher,78,39,39
Travis,323,U.S. House,10,DEM,Scot B. Gallaher,197,96,101
Travis,326,U.S. House,10,DEM,Scot B. Gallaher,193,84,109
Travis,327,U.S. House,10,DEM,Scot B. Gallaher,328,156,172
Travis,331,U.S. House,10,DEM,Scot B. Gallaher,298,97,201
Travis,333,U.S. House,10,DEM,Scot B. Gallaher,237,72,165
Travis,334,U.S. House,10,DEM,Scot B. Gallaher,189,77,112
Travis,335,U.S. House,10,DEM,Scot B. Gallaher,213,94,119
Travis,336,U.S. House,10,DEM,Scot B. Gallaher,195,84,111
Travis,337,U.S. House,10,DEM,Scot B. Gallaher,380,150,230
Travis,343,U.S. House,10,DEM,Scot B. Gallaher,98,38,60
Travis,374,U.S. House,10,DEM,Scot B. Gallaher,240,88,152
Travis,375,U.S. House,10,DEM,Scot B. Gallaher,55,17,38
Travis,101,"District Judge, 53rd Judicial District",,DEM,Scott Jenkins,781,280,501
Travis,102,"District Judge, 53rd Judicial District",,DEM,Scott Jenkins,171,58,113
Travis,103,"District Judge, 53rd Judicial District",,DEM,Scott Jenkins,263,106,157
Travis,104,"District Judge, 53rd Judicial District",,DEM,Scott Jenkins,201,89,112
Travis,105,"District Judge, 53rd Judicial District",,DEM,Scott Jenkins,867,382,485
Travis,106,"District Judge, 53rd Judicial District",,DEM,Scott Jenkins,317,134,183
Travis,107,"District Judge, 53rd Judicial District",,DEM,Scott Jenkins,34,12,22
Travis,108,"District Judge, 53rd Judicial District",,DEM,Scott Jenkins,292,90,202
Travis,109,"District Judge, 53rd Judicial District",,DEM,Scott Jenkins,346,120,226
Travis,110,"District Judge, 53rd Judicial District",,DEM,Scott Jenkins,649,243,406
Travis,111,"District Judge, 53rd Judicial District",,DEM,Scott Jenkins,626,237,389
Travis,112,"District Judge, 53rd Judicial District",,DEM,Scott Jenkins,194,69,125
Travis,113,"District Judge, 53rd Judicial District",,DEM,Scott Jenkins,813,287,526
Travis,114,"District Judge, 53rd Judicial District",,DEM,Scott Jenkins,48,20,28
Travis,115,"District Judge, 53rd Judicial District",,DEM,Scott Jenkins,1,0,1
Travis,116,"District Judge, 53rd Judicial District",,DEM,Scott Jenkins,1,0,1
Travis,117,"District Judge, 53rd Judicial District",,DEM,Scott Jenkins,455,205,250
Travis,118,"District Judge, 53rd Judicial District",,DEM,Scott Jenkins,85,41,44
Travis,119,"District Judge, 53rd Judicial District",,DEM,Scott Jenkins,0,0,0
Travis,120,"District Judge, 53rd Judicial District",,DEM,Scott Jenkins,26,16,10
Travis,121,"District Judge, 53rd Judicial District",,DEM,Scott Jenkins,151,78,73
Travis,122,"District Judge, 53rd Judicial District",,DEM,Scott Jenkins,643,329,314
Travis,123,"District Judge, 53rd Judicial District",,DEM,Scott Jenkins,479,172,307
Travis,124,"District Judge, 53rd Judicial District",,DEM,Scott Jenkins,1079,527,552
Travis,125,"District Judge, 53rd Judicial District",,DEM,Scott Jenkins,0,0,0
Travis,126,"District Judge, 53rd Judicial District",,DEM,Scott Jenkins,1203,553,650
Travis,127,"District Judge, 53rd Judicial District",,DEM,Scott Jenkins,0,0,0
Travis,128,"District Judge, 53rd Judicial District",,DEM,Scott Jenkins,0,0,0
Travis,129,"District Judge, 53rd Judicial District",,DEM,Scott Jenkins,566,283,283
Travis,130,"District Judge, 53rd Judicial District",,DEM,Scott Jenkins,501,194,307
Travis,131,"District Judge, 53rd Judicial District",,DEM,Scott Jenkins,0,0,0
Travis,132,"District Judge, 53rd Judicial District",,DEM,Scott Jenkins,614,276,338
Travis,133,"District Judge, 53rd Judicial District",,DEM,Scott Jenkins,623,233,390
Travis,134,"District Judge, 53rd Judicial District",,DEM,Scott Jenkins,0,0,0
Travis,135,"District Judge, 53rd Judicial District",,DEM,Scott Jenkins,1680,726,954
Travis,136,"District Judge, 53rd Judicial District",,DEM,Scott Jenkins,385,165,220
Travis,137,"District Judge, 53rd Judicial District",,DEM,Scott Jenkins,877,323,554
Travis,138,"District Judge, 53rd Judicial District",,DEM,Scott Jenkins,0,0,0
Travis,139,"District Judge, 53rd Judicial District",,DEM,Scott Jenkins,574,251,323
Travis,140,"District Judge, 53rd Judicial District",,DEM,Scott Jenkins,295,126,169
Travis,141,"District Judge, 53rd Judicial District",,DEM,Scott Jenkins,64,21,43
Travis,142,"District Judge, 53rd Judicial District",,DEM,Scott Jenkins,207,96,111
Travis,145,"District Judge, 53rd Judicial District",,DEM,Scott Jenkins,388,140,248
Travis,146,"District Judge, 53rd Judicial District",,DEM,Scott Jenkins,371,180,191
Travis,148,"District Judge, 53rd Judicial District",,DEM,Scott Jenkins,484,197,287
Travis,149,"District Judge, 53rd Judicial District",,DEM,Scott Jenkins,426,165,261
Travis,150,"District Judge, 53rd Judicial District",,DEM,Scott Jenkins,232,92,140
Travis,151,"District Judge, 53rd Judicial District",,DEM,Scott Jenkins,573,239,334
Travis,152,"District Judge, 53rd Judicial District",,DEM,Scott Jenkins,1125,502,623
Travis,153,"District Judge, 53rd Judicial District",,DEM,Scott Jenkins,773,286,487
Travis,154,"District Judge, 53rd Judicial District",,DEM,Scott Jenkins,462,144,318
Travis,156,"District Judge, 53rd Judicial District",,DEM,Scott Jenkins,1036,472,564
Travis,160,"District Judge, 53rd Judicial District",,DEM,Scott Jenkins,262,96,166
Travis,161,"District Judge, 53rd Judicial District",,DEM,Scott Jenkins,187,75,112
Travis,163,"District Judge, 53rd Judicial District",,DEM,Scott Jenkins,23,10,13
Travis,164,"District Judge, 53rd Judicial District",,DEM,Scott Jenkins,264,99,165
Travis,200,"District Judge, 53rd Judicial District",,DEM,Scott Jenkins,1226,560,666
Travis,202,"District Judge, 53rd Judicial District",,DEM,Scott Jenkins,901,408,493
Travis,203,"District Judge, 53rd Judicial District",,DEM,Scott Jenkins,94,29,65
Travis,205,"District Judge, 53rd Judicial District",,DEM,Scott Jenkins,398,153,245
Travis,206,"District Judge, 53rd Judicial District",,DEM,Scott Jenkins,275,134,141
Travis,207,"District Judge, 53rd Judicial District",,DEM,Scott Jenkins,675,270,405
Travis,208,"District Judge, 53rd Judicial District",,DEM,Scott Jenkins,1487,823,664
Travis,209,"District Judge, 53rd Judicial District",,DEM,Scott Jenkins,165,77,88
Travis,210,"District Judge, 53rd Judicial District",,DEM,Scott Jenkins,304,159,145
Travis,211,"District Judge, 53rd Judicial District",,DEM,Scott Jenkins,340,130,210
Travis,212,"District Judge, 53rd Judicial District",,DEM,Scott Jenkins,377,198,179
Travis,213,"District Judge, 53rd Judicial District",,DEM,Scott Jenkins,0,0,0
Travis,214,"District Judge, 53rd Judicial District",,DEM,Scott Jenkins,518,220,298
Travis,215,"District Judge, 53rd Judicial District",,DEM,Scott Jenkins,331,116,215
Travis,216,"District Judge, 53rd Judicial District",,DEM,Scott Jenkins,245,77,168
Travis,217,"District Judge, 53rd Judicial District",,DEM,Scott Jenkins,361,141,220
Travis,218,"District Judge, 53rd Judicial District",,DEM,Scott Jenkins,759,306,453
Travis,219,"District Judge, 53rd Judicial District",,DEM,Scott Jenkins,392,141,251
Travis,220,"District Judge, 53rd Judicial District",,DEM,Scott Jenkins,333,162,171
Travis,221,"District Judge, 53rd Judicial District",,DEM,Scott Jenkins,93,41,52
Travis,222,"District Judge, 53rd Judicial District",,DEM,Scott Jenkins,491,183,308
Travis,223,"District Judge, 53rd Judicial District",,DEM,Scott Jenkins,107,40,67
Travis,224,"District Judge, 53rd Judicial District",,DEM,Scott Jenkins,17,8,9
Travis,225,"District Judge, 53rd Judicial District",,DEM,Scott Jenkins,480,166,314
Travis,226,"District Judge, 53rd Judicial District",,DEM,Scott Jenkins,283,100,183
Travis,227,"District Judge, 53rd Judicial District",,DEM,Scott Jenkins,76,31,45
Travis,228,"District Judge, 53rd Judicial District",,DEM,Scott Jenkins,308,159,149
Travis,229,"District Judge, 53rd Judicial District",,DEM,Scott Jenkins,380,145,235
Travis,231,"District Judge, 53rd Judicial District",,DEM,Scott Jenkins,550,244,306
Travis,232,"District Judge, 53rd Judicial District",,DEM,Scott Jenkins,490,236,254
Travis,233,"District Judge, 53rd Judicial District",,DEM,Scott Jenkins,393,146,247
Travis,234,"District Judge, 53rd Judicial District",,DEM,Scott Jenkins,220,100,120
Travis,235,"District Judge, 53rd Judicial District",,DEM,Scott Jenkins,707,282,425
Travis,236,"District Judge, 53rd Judicial District",,DEM,Scott Jenkins,873,302,571
Travis,237,"District Judge, 53rd Judicial District",,DEM,Scott Jenkins,407,178,229
Travis,238,"District Judge, 53rd Judicial District",,DEM,Scott Jenkins,621,262,359
Travis,239,"District Judge, 53rd Judicial District",,DEM,Scott Jenkins,658,273,385
Travis,240,"District Judge, 53rd Judicial District",,DEM,Scott Jenkins,265,84,181
Travis,241,"District Judge, 53rd Judicial District",,DEM,Scott Jenkins,438,160,278
Travis,242,"District Judge, 53rd Judicial District",,DEM,Scott Jenkins,1336,586,750
Travis,243,"District Judge, 53rd Judicial District",,DEM,Scott Jenkins,463,235,228
Travis,244,"District Judge, 53rd Judicial District",,DEM,Scott Jenkins,367,190,177
Travis,245,"District Judge, 53rd Judicial District",,DEM,Scott Jenkins,147,52,95
Travis,246,"District Judge, 53rd Judicial District",,DEM,Scott Jenkins,368,143,225
Travis,247,"District Judge, 53rd Judicial District",,DEM,Scott Jenkins,146,58,88
Travis,248,"District Judge, 53rd Judicial District",,DEM,Scott Jenkins,553,240,313
Travis,249,"District Judge, 53rd Judicial District",,DEM,Scott Jenkins,556,245,311
Travis,250,"District Judge, 53rd Judicial District",,DEM,Scott Jenkins,1042,445,597
Travis,251,"District Judge, 53rd Judicial District",,DEM,Scott Jenkins,611,281,330
Travis,252,"District Judge, 53rd Judicial District",,DEM,Scott Jenkins,589,281,308
Travis,253,"District Judge, 53rd Judicial District",,DEM,Scott Jenkins,482,235,247
Travis,254,"District Judge, 53rd Judicial District",,DEM,Scott Jenkins,511,233,278
Travis,256,"District Judge, 53rd Judicial District",,DEM,Scott Jenkins,310,160,150
Travis,258,"District Judge, 53rd Judicial District",,DEM,Scott Jenkins,449,203,246
Travis,259,"District Judge, 53rd Judicial District",,DEM,Scott Jenkins,515,198,317
Travis,260,"District Judge, 53rd Judicial District",,DEM,Scott Jenkins,151,49,102
Travis,262,"District Judge, 53rd Judicial District",,DEM,Scott Jenkins,863,420,443
Travis,263,"District Judge, 53rd Judicial District",,DEM,Scott Jenkins,565,210,355
Travis,266,"District Judge, 53rd Judicial District",,DEM,Scott Jenkins,83,47,36
Travis,267,"District Judge, 53rd Judicial District",,DEM,Scott Jenkins,276,150,126
Travis,268,"District Judge, 53rd Judicial District",,DEM,Scott Jenkins,182,67,115
Travis,273,"District Judge, 53rd Judicial District",,DEM,Scott Jenkins,731,306,425
Travis,274,"District Judge, 53rd Judicial District",,DEM,Scott Jenkins,716,318,398
Travis,275,"District Judge, 53rd Judicial District",,DEM,Scott Jenkins,921,375,546
Travis,277,"District Judge, 53rd Judicial District",,DEM,Scott Jenkins,894,488,406
Travis,301,"District Judge, 53rd Judicial District",,DEM,Scott Jenkins,237,94,143
Travis,302,"District Judge, 53rd Judicial District",,DEM,Scott Jenkins,482,256,226
Travis,303,"District Judge, 53rd Judicial District",,DEM,Scott Jenkins,404,205,199
Travis,304,"District Judge, 53rd Judicial District",,DEM,Scott Jenkins,645,281,364
Travis,305,"District Judge, 53rd Judicial District",,DEM,Scott Jenkins,3,2,1
Travis,306,"District Judge, 53rd Judicial District",,DEM,Scott Jenkins,261,144,117
Travis,307,"District Judge, 53rd Judicial District",,DEM,Scott Jenkins,244,119,125
Travis,308,"District Judge, 53rd Judicial District",,DEM,Scott Jenkins,481,209,272
Travis,309,"District Judge, 53rd Judicial District",,DEM,Scott Jenkins,422,220,202
Travis,310,"District Judge, 53rd Judicial District",,DEM,Scott Jenkins,716,334,382
Travis,311,"District Judge, 53rd Judicial District",,DEM,Scott Jenkins,908,527,381
Travis,312,"District Judge, 53rd Judicial District",,DEM,Scott Jenkins,228,108,120
Travis,313,"District Judge, 53rd Judicial District",,DEM,Scott Jenkins,91,35,56
Travis,314,"District Judge, 53rd Judicial District",,DEM,Scott Jenkins,412,210,202
Travis,315,"District Judge, 53rd Judicial District",,DEM,Scott Jenkins,656,298,358
Travis,316,"District Judge, 53rd Judicial District",,DEM,Scott Jenkins,237,101,136
Travis,317,"District Judge, 53rd Judicial District",,DEM,Scott Jenkins,381,193,188
Travis,318,"District Judge, 53rd Judicial District",,DEM,Scott Jenkins,91,34,57
Travis,319,"District Judge, 53rd Judicial District",,DEM,Scott Jenkins,185,98,87
Travis,320,"District Judge, 53rd Judicial District",,DEM,Scott Jenkins,153,98,55
Travis,321,"District Judge, 53rd Judicial District",,DEM,Scott Jenkins,126,58,68
Travis,323,"District Judge, 53rd Judicial District",,DEM,Scott Jenkins,363,162,201
Travis,324,"District Judge, 53rd Judicial District",,DEM,Scott Jenkins,394,201,193
Travis,325,"District Judge, 53rd Judicial District",,DEM,Scott Jenkins,12,6,6
Travis,326,"District Judge, 53rd Judicial District",,DEM,Scott Jenkins,298,127,171
Travis,327,"District Judge, 53rd Judicial District",,DEM,Scott Jenkins,474,212,262
Travis,328,"District Judge, 53rd Judicial District",,DEM,Scott Jenkins,685,320,365
Travis,329,"District Judge, 53rd Judicial District",,DEM,Scott Jenkins,391,203,188
Travis,330,"District Judge, 53rd Judicial District",,DEM,Scott Jenkins,337,146,191
Travis,331,"District Judge, 53rd Judicial District",,DEM,Scott Jenkins,468,154,314
Travis,332,"District Judge, 53rd Judicial District",,DEM,Scott Jenkins,761,271,490
Travis,333,"District Judge, 53rd Judicial District",,DEM,Scott Jenkins,392,103,289
Travis,334,"District Judge, 53rd Judicial District",,DEM,Scott Jenkins,298,120,178
Travis,335,"District Judge, 53rd Judicial District",,DEM,Scott Jenkins,348,153,195
Travis,336,"District Judge, 53rd Judicial District",,DEM,Scott Jenkins,320,124,196
Travis,337,"District Judge, 53rd Judicial District",,DEM,Scott Jenkins,576,212,364
Travis,338,"District Judge, 53rd Judicial District",,DEM,Scott Jenkins,747,292,455
Travis,339,"District Judge, 53rd Judicial District",,DEM,Scott Jenkins,323,156,167
Travis,340,"District Judge, 53rd Judicial District",,DEM,Scott Jenkins,519,210,309
Travis,341,"District Judge, 53rd Judicial District",,DEM,Scott Jenkins,5,0,5
Travis,342,"District Judge, 53rd Judicial District",,DEM,Scott Jenkins,1191,518,673
Travis,343,"District Judge, 53rd Judicial District",,DEM,Scott Jenkins,236,84,152
Travis,344,"District Judge, 53rd Judicial District",,DEM,Scott Jenkins,388,175,213
Travis,345,"District Judge, 53rd Judicial District",,DEM,Scott Jenkins,1,1,0
Travis,346,"District Judge, 53rd Judicial District",,DEM,Scott Jenkins,232,143,89
Travis,347,"District Judge, 53rd Judicial District",,DEM,Scott Jenkins,396,202,194
Travis,349,"District Judge, 53rd Judicial District",,DEM,Scott Jenkins,765,336,429
Travis,350,"District Judge, 53rd Judicial District",,DEM,Scott Jenkins,791,370,421
Travis,351,"District Judge, 53rd Judicial District",,DEM,Scott Jenkins,265,125,140
Travis,352,"District Judge, 53rd Judicial District",,DEM,Scott Jenkins,691,362,329
Travis,354,"District Judge, 53rd Judicial District",,DEM,Scott Jenkins,751,438,313
Travis,356,"District Judge, 53rd Judicial District",,DEM,Scott Jenkins,268,123,145
Travis,357,"District Judge, 53rd Judicial District",,DEM,Scott Jenkins,89,35,54
Travis,358,"District Judge, 53rd Judicial District",,DEM,Scott Jenkins,995,469,526
Travis,359,"District Judge, 53rd Judicial District",,DEM,Scott Jenkins,479,219,260
Travis,360,"District Judge, 53rd Judicial District",,DEM,Scott Jenkins,705,307,398
Travis,361,"District Judge, 53rd Judicial District",,DEM,Scott Jenkins,203,93,110
Travis,362,"District Judge, 53rd Judicial District",,DEM,Scott Jenkins,618,319,299
Travis,363,"District Judge, 53rd Judicial District",,DEM,Scott Jenkins,287,139,148
Travis,364,"District Judge, 53rd Judicial District",,DEM,Scott Jenkins,551,320,231
Travis,365,"District Judge, 53rd Judicial District",,DEM,Scott Jenkins,291,117,174
Travis,366,"District Judge, 53rd Judicial District",,DEM,Scott Jenkins,845,399,446
Travis,367,"District Judge, 53rd Judicial District",,DEM,Scott Jenkins,800,360,440
Travis,368,"District Judge, 53rd Judicial District",,DEM,Scott Jenkins,22,13,9
Travis,369,"District Judge, 53rd Judicial District",,DEM,Scott Jenkins,170,52,118
Travis,370,"District Judge, 53rd Judicial District",,DEM,Scott Jenkins,126,17,109
Travis,371,"District Judge, 53rd Judicial District",,DEM,Scott Jenkins,211,86,125
Travis,372,"District Judge, 53rd Judicial District",,DEM,Scott Jenkins,151,51,100
Travis,373,"District Judge, 53rd Judicial District",,DEM,Scott Jenkins,341,131,210
Travis,374,"District Judge, 53rd Judicial District",,DEM,Scott Jenkins,427,156,271
Travis,375,"District Judge, 53rd Judicial District",,DEM,Scott Jenkins,80,28,52
Travis,401,"District Judge, 53rd Judicial District",,DEM,Scott Jenkins,317,151,166
Travis,402,"District Judge, 53rd Judicial District",,DEM,Scott Jenkins,409,176,233
Travis,403,"District Judge, 53rd Judicial District",,DEM,Scott Jenkins,160,55,105
Travis,404,"District Judge, 53rd Judicial District",,DEM,Scott Jenkins,399,150,249
Travis,405,"District Judge, 53rd Judicial District",,DEM,Scott Jenkins,82,32,50
Travis,406,"District Judge, 53rd Judicial District",,DEM,Scott Jenkins,393,231,162
Travis,407,"District Judge, 53rd Judicial District",,DEM,Scott Jenkins,287,122,165
Travis,408,"District Judge, 53rd Judicial District",,DEM,Scott Jenkins,529,206,323
Travis,409,"District Judge, 53rd Judicial District",,DEM,Scott Jenkins,518,221,297
Travis,410,"District Judge, 53rd Judicial District",,DEM,Scott Jenkins,569,278,291
Travis,411,"District Judge, 53rd Judicial District",,DEM,Scott Jenkins,298,126,172
Travis,412,"District Judge, 53rd Judicial District",,DEM,Scott Jenkins,25,15,10
Travis,413,"District Judge, 53rd Judicial District",,DEM,Scott Jenkins,166,69,97
Travis,414,"District Judge, 53rd Judicial District",,DEM,Scott Jenkins,602,263,339
Travis,415,"District Judge, 53rd Judicial District",,DEM,Scott Jenkins,226,82,144
Travis,416,"District Judge, 53rd Judicial District",,DEM,Scott Jenkins,22,10,12
Travis,417,"District Judge, 53rd Judicial District",,DEM,Scott Jenkins,262,133,129
Travis,418,"District Judge, 53rd Judicial District",,DEM,Scott Jenkins,0,0,0
Travis,419,"District Judge, 53rd Judicial District",,DEM,Scott Jenkins,86,52,34
Travis,420,"District Judge, 53rd Judicial District",,DEM,Scott Jenkins,527,226,301
Travis,421,"District Judge, 53rd Judicial District",,DEM,Scott Jenkins,574,230,344
Travis,422,"District Judge, 53rd Judicial District",,DEM,Scott Jenkins,571,254,317
Travis,423,"District Judge, 53rd Judicial District",,DEM,Scott Jenkins,560,228,332
Travis,424,"District Judge, 53rd Judicial District",,DEM,Scott Jenkins,542,218,324
Travis,425,"District Judge, 53rd Judicial District",,DEM,Scott Jenkins,185,83,102
Travis,426,"District Judge, 53rd Judicial District",,DEM,Scott Jenkins,584,262,322
Travis,427,"District Judge, 53rd Judicial District",,DEM,Scott Jenkins,429,206,223
Travis,428,"District Judge, 53rd Judicial District",,DEM,Scott Jenkins,214,96,118
Travis,429,"District Judge, 53rd Judicial District",,DEM,Scott Jenkins,1183,519,664
Travis,430,"District Judge, 53rd Judicial District",,DEM,Scott Jenkins,288,113,175
Travis,431,"District Judge, 53rd Judicial District",,DEM,Scott Jenkins,1070,437,633
Travis,432,"District Judge, 53rd Judicial District",,DEM,Scott Jenkins,2,2,0
Travis,433,"District Judge, 53rd Judicial District",,DEM,Scott Jenkins,606,292,314
Travis,434,"District Judge, 53rd Judicial District",,DEM,Scott Jenkins,2,1,1
Travis,435,"District Judge, 53rd Judicial District",,DEM,Scott Jenkins,995,441,554
Travis,436,"District Judge, 53rd Judicial District",,DEM,Scott Jenkins,63,27,36
Travis,437,"District Judge, 53rd Judicial District",,DEM,Scott Jenkins,540,207,333
Travis,438,"District Judge, 53rd Judicial District",,DEM,Scott Jenkins,317,144,173
Travis,439,"District Judge, 53rd Judicial District",,DEM,Scott Jenkins,598,250,348
Travis,440,"District Judge, 53rd Judicial District",,DEM,Scott Jenkins,204,99,105
Travis,441,"District Judge, 53rd Judicial District",,DEM,Scott Jenkins,804,384,420
Travis,442,"District Judge, 53rd Judicial District",,DEM,Scott Jenkins,303,122,181
Travis,443,"District Judge, 53rd Judicial District",,DEM,Scott Jenkins,444,192,252
Travis,444,"District Judge, 53rd Judicial District",,DEM,Scott Jenkins,26,12,14
Travis,446,"District Judge, 53rd Judicial District",,DEM,Scott Jenkins,255,103,152
Travis,447,"District Judge, 53rd Judicial District",,DEM,Scott Jenkins,739,307,432
Travis,448,"District Judge, 53rd Judicial District",,DEM,Scott Jenkins,386,167,219
Travis,450,"District Judge, 53rd Judicial District",,DEM,Scott Jenkins,625,264,361
Travis,451,"District Judge, 53rd Judicial District",,DEM,Scott Jenkins,625,260,365
Travis,452,"District Judge, 53rd Judicial District",,DEM,Scott Jenkins,294,122,172
Travis,454,"District Judge, 53rd Judicial District",,DEM,Scott Jenkins,468,246,222
Travis,458,"District Judge, 53rd Judicial District",,DEM,Scott Jenkins,655,335,320
Travis,460,"District Judge, 53rd Judicial District",,DEM,Scott Jenkins,807,400,407
Travis,461,"District Judge, 53rd Judicial District",,DEM,Scott Jenkins,855,370,485
Travis,463,"District Judge, 53rd Judicial District",,DEM,Scott Jenkins,650,265,385
Travis,212,"Precinct No. 3, Constable",,DEM,Stacy Suits,259,130,129
Travis,221,"Precinct No. 3, Constable",,DEM,Stacy Suits,70,37,33
Travis,301,"Precinct No. 3, Constable",,DEM,Stacy Suits,171,66,105
Travis,302,"Precinct No. 3, Constable",,DEM,Stacy Suits,345,185,160
Travis,303,"Precinct No. 3, Constable",,DEM,Stacy Suits,265,122,143
Travis,304,"Precinct No. 3, Constable",,DEM,Stacy Suits,407,175,232
Travis,307,"Precinct No. 3, Constable",,DEM,Stacy Suits,187,84,103
Travis,308,"Precinct No. 3, Constable",,DEM,Stacy Suits,341,163,178
Travis,309,"Precinct No. 3, Constable",,DEM,Stacy Suits,284,156,128
Travis,310,"Precinct No. 3, Constable",,DEM,Stacy Suits,492,228,264
Travis,314,"Precinct No. 3, Constable",,DEM,Stacy Suits,301,158,143
Travis,315,"Precinct No. 3, Constable",,DEM,Stacy Suits,425,192,233
Travis,316,"Precinct No. 3, Constable",,DEM,Stacy Suits,181,75,106
Travis,317,"Precinct No. 3, Constable",,DEM,Stacy Suits,255,134,121
Travis,318,"Precinct No. 3, Constable",,DEM,Stacy Suits,60,24,36
Travis,324,"Precinct No. 3, Constable",,DEM,Stacy Suits,249,120,129
Travis,330,"Precinct No. 3, Constable",,DEM,Stacy Suits,243,107,136
Travis,332,"Precinct No. 3, Constable",,DEM,Stacy Suits,611,212,399
Travis,338,"Precinct No. 3, Constable",,DEM,Stacy Suits,544,234,310
Travis,339,"Precinct No. 3, Constable",,DEM,Stacy Suits,233,106,127
Travis,340,"Precinct No. 3, Constable",,DEM,Stacy Suits,346,138,208
Travis,342,"Precinct No. 3, Constable",,DEM,Stacy Suits,840,368,472
Travis,344,"Precinct No. 3, Constable",,DEM,Stacy Suits,267,116,151
Travis,346,"Precinct No. 3, Constable",,DEM,Stacy Suits,161,104,57
Travis,347,"Precinct No. 3, Constable",,DEM,Stacy Suits,258,137,121
Travis,349,"Precinct No. 3, Constable",,DEM,Stacy Suits,557,226,331
Travis,350,"Precinct No. 3, Constable",,DEM,Stacy Suits,488,239,249
Travis,351,"Precinct No. 3, Constable",,DEM,Stacy Suits,187,89,98
Travis,352,"Precinct No. 3, Constable",,DEM,Stacy Suits,491,253,238
Travis,354,"Precinct No. 3, Constable",,DEM,Stacy Suits,515,295,220
Travis,356,"Precinct No. 3, Constable",,DEM,Stacy Suits,189,82,107
Travis,357,"Precinct No. 3, Constable",,DEM,Stacy Suits,63,30,33
Travis,358,"Precinct No. 3, Constable",,DEM,Stacy Suits,641,282,359
Travis,360,"Precinct No. 3, Constable",,DEM,Stacy Suits,459,211,248
Travis,361,"Precinct No. 3, Constable",,DEM,Stacy Suits,143,63,80
Travis,362,"Precinct No. 3, Constable",,DEM,Stacy Suits,418,218,200
Travis,363,"Precinct No. 3, Constable",,DEM,Stacy Suits,195,98,97
Travis,364,"Precinct No. 3, Constable",,DEM,Stacy Suits,398,229,169
Travis,365,"Precinct No. 3, Constable",,DEM,Stacy Suits,205,91,114
Travis,366,"Precinct No. 3, Constable",,DEM,Stacy Suits,538,251,287
Travis,367,"Precinct No. 3, Constable",,DEM,Stacy Suits,533,240,293
Travis,368,"Precinct No. 3, Constable",,DEM,Stacy Suits,15,9,6
Travis,408,"Precinct No. 3, Constable",,DEM,Stacy Suits,304,113,191
Travis,410,"Precinct No. 3, Constable",,DEM,Stacy Suits,377,174,203
Travis,411,"Precinct No. 3, Constable",,DEM,Stacy Suits,195,84,111
Travis,412,"Precinct No. 3, Constable",,DEM,Stacy Suits,16,10,6
Travis,414,"Precinct No. 3, Constable",,DEM,Stacy Suits,382,161,221
Travis,415,"Precinct No. 3, Constable",,DEM,Stacy Suits,153,55,98
Travis,416,"Precinct No. 3, Constable",,DEM,Stacy Suits,15,6,9
Travis,419,"Precinct No. 3, Constable",,DEM,Stacy Suits,54,30,24
Travis,425,"Precinct No. 3, Constable",,DEM,Stacy Suits,118,51,67
Travis,430,"Precinct No. 3, Constable",,DEM,Stacy Suits,202,75,127
Travis,435,"Precinct No. 3, Constable",,DEM,Stacy Suits,604,256,348
Travis,441,"Precinct No. 3, Constable",,DEM,Stacy Suits,521,256,265
Travis,446,"Precinct No. 3, Constable",,DEM,Stacy Suits,188,81,107
Travis,447,"Precinct No. 3, Constable",,DEM,Stacy Suits,486,202,284
Travis,451,"Precinct No. 3, Constable",,DEM,Stacy Suits,386,158,228
Travis,454,"Precinct No. 3, Constable",,DEM,Stacy Suits,339,182,157
Travis,458,"Precinct No. 3, Constable",,DEM,Stacy Suits,441,241,200
Travis,460,"Precinct No. 3, Constable",,DEM,Stacy Suits,592,287,305
Travis,461,"Precinct No. 3, Constable",,DEM,Stacy Suits,564,252,312
Travis,463,"Precinct No. 3, Constable",,DEM,Stacy Suits,381,159,222
Travis,101,President,,DEM,Star Locke,0,0,0
Travis,102,President,,DEM,Star Locke,0,0,0
Travis,103,President,,DEM,Star Locke,0,0,0
Travis,104,President,,DEM,Star Locke,0,0,0
Travis,105,President,,DEM,Star Locke,1,0,1
Travis,106,President,,DEM,Star Locke,0,0,0
Travis,107,President,,DEM,Star Locke,0,0,0
Travis,108,President,,DEM,Star Locke,0,0,0
Travis,109,President,,DEM,Star Locke,1,0,1
Travis,110,President,,DEM,Star Locke,0,0,0
Travis,111,President,,DEM,Star Locke,0,0,0
Travis,112,President,,DEM,Star Locke,0,0,0
Travis,113,President,,DEM,Star Locke,1,0,1
Travis,114,President,,DEM,Star Locke,0,0,0
Travis,115,President,,DEM,Star Locke,0,0,0
Travis,116,President,,DEM,Star Locke,0,0,0
Travis,117,President,,DEM,Star Locke,0,0,0
Travis,118,President,,DEM,Star Locke,0,0,0
Travis,119,President,,DEM,Star Locke,0,0,0
Travis,120,President,,DEM,Star Locke,0,0,0
Travis,121,President,,DEM,Star Locke,0,0,0
Travis,122,President,,DEM,Star Locke,1,1,0
Travis,123,President,,DEM,Star Locke,1,0,1
Travis,124,President,,DEM,Star Locke,1,1,0
Travis,125,President,,DEM,Star Locke,0,0,0
Travis,126,President,,DEM,Star Locke,0,0,0
Travis,127,President,,DEM,Star Locke,0,0,0
Travis,128,President,,DEM,Star Locke,0,0,0
Travis,129,President,,DEM,Star Locke,1,0,1
Travis,130,President,,DEM,Star Locke,0,0,0
Travis,131,President,,DEM,Star Locke,0,0,0
Travis,132,President,,DEM,Star Locke,0,0,0
Travis,133,President,,DEM,Star Locke,0,0,0
Travis,134,President,,DEM,Star Locke,0,0,0
Travis,135,President,,DEM,Star Locke,0,0,0
Travis,136,President,,DEM,Star Locke,1,1,0
Travis,137,President,,DEM,Star Locke,0,0,0
Travis,138,President,,DEM,Star Locke,0,0,0
Travis,139,President,,DEM,Star Locke,0,0,0
Travis,140,President,,DEM,Star Locke,0,0,0
Travis,141,President,,DEM,Star Locke,0,0,0
Travis,142,President,,DEM,Star Locke,0,0,0
Travis,145,President,,DEM,Star Locke,0,0,0
Travis,146,President,,DEM,Star Locke,0,0,0
Travis,148,President,,DEM,Star Locke,0,0,0
Travis,149,President,,DEM,Star Locke,0,0,0
Travis,150,President,,DEM,Star Locke,0,0,0
Travis,151,President,,DEM,Star Locke,0,0,0
Travis,152,President,,DEM,Star Locke,0,0,0
Travis,153,President,,DEM,Star Locke,1,0,1
Travis,154,President,,DEM,Star Locke,0,0,0
Travis,156,President,,DEM,Star Locke,2,1,1
Travis,160,President,,DEM,Star Locke,1,0,1
Travis,161,President,,DEM,Star Locke,0,0,0
Travis,163,President,,DEM,Star Locke,0,0,0
Travis,164,President,,DEM,Star Locke,1,1,0
Travis,200,President,,DEM,Star Locke,0,0,0
Travis,202,President,,DEM,Star Locke,0,0,0
Travis,203,President,,DEM,Star Locke,0,0,0
Travis,205,President,,DEM,Star Locke,0,0,0
Travis,206,President,,DEM,Star Locke,0,0,0
Travis,207,President,,DEM,Star Locke,0,0,0
Travis,208,President,,DEM,Star Locke,0,0,0
Travis,209,President,,DEM,Star Locke,1,0,1
Travis,210,President,,DEM,Star Locke,0,0,0
Travis,211,President,,DEM,Star Locke,0,0,0
Travis,212,President,,DEM,Star Locke,0,0,0
Travis,213,President,,DEM,Star Locke,0,0,0
Travis,214,President,,DEM,Star Locke,0,0,0
Travis,215,President,,DEM,Star Locke,0,0,0
Travis,216,President,,DEM,Star Locke,0,0,0
Travis,217,President,,DEM,Star Locke,2,1,1
Travis,218,President,,DEM,Star Locke,0,0,0
Travis,219,President,,DEM,Star Locke,0,0,0
Travis,220,President,,DEM,Star Locke,0,0,0
Travis,221,President,,DEM,Star Locke,0,0,0
Travis,222,President,,DEM,Star Locke,1,1,0
Travis,223,President,,DEM,Star Locke,0,0,0
Travis,224,President,,DEM,Star Locke,0,0,0
Travis,225,President,,DEM,Star Locke,0,0,0
Travis,226,President,,DEM,Star Locke,0,0,0
Travis,227,President,,DEM,Star Locke,0,0,0
Travis,228,President,,DEM,Star Locke,0,0,0
Travis,229,President,,DEM,Star Locke,0,0,0
Travis,231,President,,DEM,Star Locke,1,1,0
Travis,232,President,,DEM,Star Locke,0,0,0
Travis,233,President,,DEM,Star Locke,0,0,0
Travis,234,President,,DEM,Star Locke,0,0,0
Travis,235,President,,DEM,Star Locke,0,0,0
Travis,236,President,,DEM,Star Locke,0,0,0
Travis,237,President,,DEM,Star Locke,0,0,0
Travis,238,President,,DEM,Star Locke,1,0,1
Travis,239,President,,DEM,Star Locke,1,0,1
Travis,240,President,,DEM,Star Locke,0,0,0
Travis,241,President,,DEM,Star Locke,0,0,0
Travis,242,President,,DEM,Star Locke,0,0,0
Travis,243,President,,DEM,Star Locke,1,1,0
Travis,244,President,,DEM,Star Locke,0,0,0
Travis,245,President,,DEM,Star Locke,0,0,0
Travis,246,President,,DEM,Star Locke,0,0,0
Travis,247,President,,DEM,Star Locke,0,0,0
Travis,248,President,,DEM,Star Locke,0,0,0
Travis,249,President,,DEM,Star Locke,0,0,0
Travis,250,President,,DEM,Star Locke,0,0,0
Travis,251,President,,DEM,Star Locke,1,1,0
Travis,252,President,,DEM,Star Locke,0,0,0
Travis,253,President,,DEM,Star Locke,0,0,0
Travis,254,President,,DEM,Star Locke,0,0,0
Travis,256,President,,DEM,Star Locke,0,0,0
Travis,258,President,,DEM,Star Locke,0,0,0
Travis,259,President,,DEM,Star Locke,1,1,0
Travis,260,President,,DEM,Star Locke,0,0,0
Travis,262,President,,DEM,Star Locke,1,0,1
Travis,263,President,,DEM,Star Locke,1,0,1
Travis,266,President,,DEM,Star Locke,0,0,0
Travis,267,President,,DEM,Star Locke,0,0,0
Travis,268,President,,DEM,Star Locke,0,0,0
Travis,273,President,,DEM,Star Locke,0,0,0
Travis,274,President,,DEM,Star Locke,1,0,1
Travis,275,President,,DEM,Star Locke,1,1,0
Travis,277,President,,DEM,Star Locke,0,0,0
Travis,301,President,,DEM,Star Locke,0,0,0
Travis,302,President,,DEM,Star Locke,0,0,0
Travis,303,President,,DEM,Star Locke,1,1,0
Travis,304,President,,DEM,Star Locke,0,0,0
Travis,305,President,,DEM,Star Locke,0,0,0
Travis,306,President,,DEM,Star Locke,0,0,0
Travis,307,President,,DEM,Star Locke,0,0,0
Travis,308,President,,DEM,Star Locke,0,0,0
Travis,309,President,,DEM,Star Locke,1,0,1
Travis,310,President,,DEM,Star Locke,0,0,0
Travis,311,President,,DEM,Star Locke,0,0,0
Travis,312,President,,DEM,Star Locke,0,0,0
Travis,313,President,,DEM,Star Locke,0,0,0
Travis,314,President,,DEM,Star Locke,0,0,0
Travis,315,President,,DEM,Star Locke,0,0,0
Travis,316,President,,DEM,Star Locke,0,0,0
Travis,317,President,,DEM,Star Locke,0,0,0
Travis,318,President,,DEM,Star Locke,0,0,0
Travis,319,President,,DEM,Star Locke,1,0,1
Travis,320,President,,DEM,Star Locke,0,0,0
Travis,321,President,,DEM,Star Locke,0,0,0
Travis,323,President,,DEM,Star Locke,1,1,0
Travis,324,President,,DEM,Star Locke,1,1,0
Travis,325,President,,DEM,Star Locke,0,0,0
Travis,326,President,,DEM,Star Locke,0,0,0
Travis,327,President,,DEM,Star Locke,0,0,0
Travis,328,President,,DEM,Star Locke,0,0,0
Travis,329,President,,DEM,Star Locke,0,0,0
Travis,330,President,,DEM,Star Locke,0,0,0
Travis,331,President,,DEM,Star Locke,1,0,1
Travis,332,President,,DEM,Star Locke,0,0,0
Travis,333,President,,DEM,Star Locke,0,0,0
Travis,334,President,,DEM,Star Locke,0,0,0
Travis,335,President,,DEM,Star Locke,0,0,0
Travis,336,President,,DEM,Star Locke,0,0,0
Travis,337,President,,DEM,Star Locke,1,0,1
Travis,338,President,,DEM,Star Locke,0,0,0
Travis,339,President,,DEM,Star Locke,0,0,0
Travis,340,President,,DEM,Star Locke,0,0,0
Travis,341,President,,DEM,Star Locke,0,0,0
Travis,342,President,,DEM,Star Locke,1,1,0
Travis,343,President,,DEM,Star Locke,0,0,0
Travis,344,President,,DEM,Star Locke,0,0,0
Travis,345,President,,DEM,Star Locke,0,0,0
Travis,346,President,,DEM,Star Locke,0,0,0
Travis,347,President,,DEM,Star Locke,1,1,0
Travis,349,President,,DEM,Star Locke,2,1,1
Travis,350,President,,DEM,Star Locke,0,0,0
Travis,351,President,,DEM,Star Locke,0,0,0
Travis,352,President,,DEM,Star Locke,0,0,0
Travis,354,President,,DEM,Star Locke,0,0,0
Travis,356,President,,DEM,Star Locke,0,0,0
Travis,357,President,,DEM,Star Locke,0,0,0
Travis,358,President,,DEM,Star Locke,0,0,0
Travis,359,President,,DEM,Star Locke,0,0,0
Travis,360,President,,DEM,Star Locke,0,0,0
Travis,361,President,,DEM,Star Locke,0,0,0
Travis,362,President,,DEM,Star Locke,0,0,0
Travis,363,President,,DEM,Star Locke,0,0,0
Travis,364,President,,DEM,Star Locke,1,1,0
Travis,365,President,,DEM,Star Locke,0,0,0
Travis,366,President,,DEM,Star Locke,0,0,0
Travis,367,President,,DEM,Star Locke,0,0,0
Travis,368,President,,DEM,Star Locke,0,0,0
Travis,369,President,,DEM,Star Locke,0,0,0
Travis,370,President,,DEM,Star Locke,0,0,0
Travis,371,President,,DEM,Star Locke,0,0,0
Travis,372,President,,DEM,Star Locke,0,0,0
Travis,373,President,,DEM,Star Locke,0,0,0
Travis,374,President,,DEM,Star Locke,0,0,0
Travis,375,President,,DEM,Star Locke,0,0,0
Travis,401,President,,DEM,Star Locke,0,0,0
Travis,402,President,,DEM,Star Locke,0,0,0
Travis,403,President,,DEM,Star Locke,0,0,0
Travis,404,President,,DEM,Star Locke,0,0,0
Travis,405,President,,DEM,Star Locke,0,0,0
Travis,406,President,,DEM,Star Locke,0,0,0
Travis,407,President,,DEM,Star Locke,0,0,0
Travis,408,President,,DEM,Star Locke,0,0,0
Travis,409,President,,DEM,Star Locke,0,0,0
Travis,410,President,,DEM,Star Locke,1,1,0
Travis,411,President,,DEM,Star Locke,0,0,0
Travis,412,President,,DEM,Star Locke,0,0,0
Travis,413,President,,DEM,Star Locke,0,0,0
Travis,414,President,,DEM,Star Locke,0,0,0
Travis,415,President,,DEM,Star Locke,1,1,0
Travis,416,President,,DEM,Star Locke,0,0,0
Travis,417,President,,DEM,Star Locke,1,0,1
Travis,418,President,,DEM,Star Locke,0,0,0
Travis,419,President,,DEM,Star Locke,0,0,0
Travis,420,President,,DEM,Star Locke,0,0,0
Travis,421,President,,DEM,Star Locke,0,0,0
Travis,422,President,,DEM,Star Locke,0,0,0
Travis,423,President,,DEM,Star Locke,0,0,0
Travis,424,President,,DEM,Star Locke,2,0,2
Travis,425,President,,DEM,Star Locke,0,0,0
Travis,426,President,,DEM,Star Locke,0,0,0
Travis,427,President,,DEM,Star Locke,0,0,0
Travis,428,President,,DEM,Star Locke,1,1,0
Travis,429,President,,DEM,Star Locke,0,0,0
Travis,430,President,,DEM,Star Locke,1,0,1
Travis,431,President,,DEM,Star Locke,1,1,0
Travis,432,President,,DEM,Star Locke,0,0,0
Travis,433,President,,DEM,Star Locke,0,0,0
Travis,434,President,,DEM,Star Locke,0,0,0
Travis,435,President,,DEM,Star Locke,1,1,0
Travis,436,President,,DEM,Star Locke,0,0,0
Travis,437,President,,DEM,Star Locke,0,0,0
Travis,438,President,,DEM,Star Locke,0,0,0
Travis,439,President,,DEM,Star Locke,0,0,0
Travis,440,President,,DEM,Star Locke,1,0,1
Travis,441,President,,DEM,Star Locke,0,0,0
Travis,442,President,,DEM,Star Locke,0,0,0
Travis,443,President,,DEM,Star Locke,1,1,0
Travis,444,President,,DEM,Star Locke,0,0,0
Travis,446,President,,DEM,Star Locke,0,0,0
Travis,447,President,,DEM,Star Locke,2,1,1
Travis,448,President,,DEM,Star Locke,0,0,0
Travis,450,President,,DEM,Star Locke,0,0,0
Travis,451,President,,DEM,Star Locke,0,0,0
Travis,452,President,,DEM,Star Locke,0,0,0
Travis,454,President,,DEM,Star Locke,0,0,0
Travis,458,President,,DEM,Star Locke,0,0,0
Travis,460,President,,DEM,Star Locke,0,0,0
Travis,461,President,,DEM,Star Locke,0,0,0
Travis,463,President,,DEM,Star Locke,2,1,1
Travis,101,"District Judge, 427th Judicial District",,DEM,Tamara Needles,432,142,290
Travis,102,"District Judge, 427th Judicial District",,DEM,Tamara Needles,111,38,73
Travis,103,"District Judge, 427th Judicial District",,DEM,Tamara Needles,177,70,107
Travis,104,"District Judge, 427th Judicial District",,DEM,Tamara Needles,126,47,79
Travis,105,"District Judge, 427th Judicial District",,DEM,Tamara Needles,551,253,298
Travis,106,"District Judge, 427th Judicial District",,DEM,Tamara Needles,207,83,124
Travis,107,"District Judge, 427th Judicial District",,DEM,Tamara Needles,21,5,16
Travis,108,"District Judge, 427th Judicial District",,DEM,Tamara Needles,160,48,112
Travis,109,"District Judge, 427th Judicial District",,DEM,Tamara Needles,190,69,121
Travis,110,"District Judge, 427th Judicial District",,DEM,Tamara Needles,356,139,217
Travis,111,"District Judge, 427th Judicial District",,DEM,Tamara Needles,367,124,243
Travis,112,"District Judge, 427th Judicial District",,DEM,Tamara Needles,125,41,84
Travis,113,"District Judge, 427th Judicial District",,DEM,Tamara Needles,511,166,345
Travis,114,"District Judge, 427th Judicial District",,DEM,Tamara Needles,24,10,14
Travis,115,"District Judge, 427th Judicial District",,DEM,Tamara Needles,1,0,1
Travis,116,"District Judge, 427th Judicial District",,DEM,Tamara Needles,0,0,0
Travis,117,"District Judge, 427th Judicial District",,DEM,Tamara Needles,294,128,166
Travis,118,"District Judge, 427th Judicial District",,DEM,Tamara Needles,52,28,24
Travis,119,"District Judge, 427th Judicial District",,DEM,Tamara Needles,0,0,0
Travis,120,"District Judge, 427th Judicial District",,DEM,Tamara Needles,13,8,5
Travis,121,"District Judge, 427th Judicial District",,DEM,Tamara Needles,99,42,57
Travis,122,"District Judge, 427th Judicial District",,DEM,Tamara Needles,388,199,189
Travis,123,"District Judge, 427th Judicial District",,DEM,Tamara Needles,297,109,188
Travis,124,"District Judge, 427th Judicial District",,DEM,Tamara Needles,764,376,388
Travis,125,"District Judge, 427th Judicial District",,DEM,Tamara Needles,0,0,0
Travis,126,"District Judge, 427th Judicial District",,DEM,Tamara Needles,842,379,463
Travis,127,"District Judge, 427th Judicial District",,DEM,Tamara Needles,0,0,0
Travis,128,"District Judge, 427th Judicial District",,DEM,Tamara Needles,0,0,0
Travis,129,"District Judge, 427th Judicial District",,DEM,Tamara Needles,396,207,189
Travis,130,"District Judge, 427th Judicial District",,DEM,Tamara Needles,336,136,200
Travis,131,"District Judge, 427th Judicial District",,DEM,Tamara Needles,0,0,0
Travis,132,"District Judge, 427th Judicial District",,DEM,Tamara Needles,412,169,243
Travis,133,"District Judge, 427th Judicial District",,DEM,Tamara Needles,410,145,265
Travis,134,"District Judge, 427th Judicial District",,DEM,Tamara Needles,0,0,0
Travis,135,"District Judge, 427th Judicial District",,DEM,Tamara Needles,1122,475,647
Travis,136,"District Judge, 427th Judicial District",,DEM,Tamara Needles,235,114,121
Travis,137,"District Judge, 427th Judicial District",,DEM,Tamara Needles,485,169,316
Travis,138,"District Judge, 427th Judicial District",,DEM,Tamara Needles,0,0,0
Travis,139,"District Judge, 427th Judicial District",,DEM,Tamara Needles,360,160,200
Travis,140,"District Judge, 427th Judicial District",,DEM,Tamara Needles,184,68,116
Travis,141,"District Judge, 427th Judicial District",,DEM,Tamara Needles,38,10,28
Travis,142,"District Judge, 427th Judicial District",,DEM,Tamara Needles,153,77,76
Travis,145,"District Judge, 427th Judicial District",,DEM,Tamara Needles,226,81,145
Travis,146,"District Judge, 427th Judicial District",,DEM,Tamara Needles,199,89,110
Travis,148,"District Judge, 427th Judicial District",,DEM,Tamara Needles,279,115,164
Travis,149,"District Judge, 427th Judicial District",,DEM,Tamara Needles,311,126,185
Travis,150,"District Judge, 427th Judicial District",,DEM,Tamara Needles,158,67,91
Travis,151,"District Judge, 427th Judicial District",,DEM,Tamara Needles,372,154,218
Travis,152,"District Judge, 427th Judicial District",,DEM,Tamara Needles,801,341,460
Travis,153,"District Judge, 427th Judicial District",,DEM,Tamara Needles,503,166,337
Travis,154,"District Judge, 427th Judicial District",,DEM,Tamara Needles,294,97,197
Travis,156,"District Judge, 427th Judicial District",,DEM,Tamara Needles,713,322,391
Travis,160,"District Judge, 427th Judicial District",,DEM,Tamara Needles,145,59,86
Travis,161,"District Judge, 427th Judicial District",,DEM,Tamara Needles,106,38,68
Travis,163,"District Judge, 427th Judicial District",,DEM,Tamara Needles,11,7,4
Travis,164,"District Judge, 427th Judicial District",,DEM,Tamara Needles,159,60,99
Travis,200,"District Judge, 427th Judicial District",,DEM,Tamara Needles,901,426,475
Travis,202,"District Judge, 427th Judicial District",,DEM,Tamara Needles,618,271,347
Travis,203,"District Judge, 427th Judicial District",,DEM,Tamara Needles,57,18,39
Travis,205,"District Judge, 427th Judicial District",,DEM,Tamara Needles,243,89,154
Travis,206,"District Judge, 427th Judicial District",,DEM,Tamara Needles,154,74,80
Travis,207,"District Judge, 427th Judicial District",,DEM,Tamara Needles,435,176,259
Travis,208,"District Judge, 427th Judicial District",,DEM,Tamara Needles,764,478,286
Travis,209,"District Judge, 427th Judicial District",,DEM,Tamara Needles,98,43,55
Travis,210,"District Judge, 427th Judicial District",,DEM,Tamara Needles,176,88,88
Travis,211,"District Judge, 427th Judicial District",,DEM,Tamara Needles,227,86,141
Travis,212,"District Judge, 427th Judicial District",,DEM,Tamara Needles,240,119,121
Travis,213,"District Judge, 427th Judicial District",,DEM,Tamara Needles,0,0,0
Travis,214,"District Judge, 427th Judicial District",,DEM,Tamara Needles,278,114,164
Travis,215,"District Judge, 427th Judicial District",,DEM,Tamara Needles,195,76,119
Travis,216,"District Judge, 427th Judicial District",,DEM,Tamara Needles,144,50,94
Travis,217,"District Judge, 427th Judicial District",,DEM,Tamara Needles,246,104,142
Travis,218,"District Judge, 427th Judicial District",,DEM,Tamara Needles,484,199,285
Travis,219,"District Judge, 427th Judicial District",,DEM,Tamara Needles,227,81,146
Travis,220,"District Judge, 427th Judicial District",,DEM,Tamara Needles,156,67,89
Travis,221,"District Judge, 427th Judicial District",,DEM,Tamara Needles,56,19,37
Travis,222,"District Judge, 427th Judicial District",,DEM,Tamara Needles,325,116,209
Travis,223,"District Judge, 427th Judicial District",,DEM,Tamara Needles,63,25,38
Travis,224,"District Judge, 427th Judicial District",,DEM,Tamara Needles,9,3,6
Travis,225,"District Judge, 427th Judicial District",,DEM,Tamara Needles,290,98,192
Travis,226,"District Judge, 427th Judicial District",,DEM,Tamara Needles,155,62,93
Travis,227,"District Judge, 427th Judicial District",,DEM,Tamara Needles,44,15,29
Travis,228,"District Judge, 427th Judicial District",,DEM,Tamara Needles,181,88,93
Travis,229,"District Judge, 427th Judicial District",,DEM,Tamara Needles,227,82,145
Travis,231,"District Judge, 427th Judicial District",,DEM,Tamara Needles,325,139,186
Travis,232,"District Judge, 427th Judicial District",,DEM,Tamara Needles,294,141,153
Travis,233,"District Judge, 427th Judicial District",,DEM,Tamara Needles,266,96,170
Travis,234,"District Judge, 427th Judicial District",,DEM,Tamara Needles,122,48,74
Travis,235,"District Judge, 427th Judicial District",,DEM,Tamara Needles,523,222,301
Travis,236,"District Judge, 427th Judicial District",,DEM,Tamara Needles,610,186,424
Travis,237,"District Judge, 427th Judicial District",,DEM,Tamara Needles,231,101,130
Travis,238,"District Judge, 427th Judicial District",,DEM,Tamara Needles,380,149,231
Travis,239,"District Judge, 427th Judicial District",,DEM,Tamara Needles,474,188,286
Travis,240,"District Judge, 427th Judicial District",,DEM,Tamara Needles,176,62,114
Travis,241,"District Judge, 427th Judicial District",,DEM,Tamara Needles,312,113,199
Travis,242,"District Judge, 427th Judicial District",,DEM,Tamara Needles,962,422,540
Travis,243,"District Judge, 427th Judicial District",,DEM,Tamara Needles,327,171,156
Travis,244,"District Judge, 427th Judicial District",,DEM,Tamara Needles,258,137,121
Travis,245,"District Judge, 427th Judicial District",,DEM,Tamara Needles,93,34,59
Travis,246,"District Judge, 427th Judicial District",,DEM,Tamara Needles,207,70,137
Travis,247,"District Judge, 427th Judicial District",,DEM,Tamara Needles,71,30,41
Travis,248,"District Judge, 427th Judicial District",,DEM,Tamara Needles,380,163,217
Travis,249,"District Judge, 427th Judicial District",,DEM,Tamara Needles,352,159,193
Travis,250,"District Judge, 427th Judicial District",,DEM,Tamara Needles,711,289,422
Travis,251,"District Judge, 427th Judicial District",,DEM,Tamara Needles,375,166,209
Travis,252,"District Judge, 427th Judicial District",,DEM,Tamara Needles,389,183,206
Travis,253,"District Judge, 427th Judicial District",,DEM,Tamara Needles,284,140,144
Travis,254,"District Judge, 427th Judicial District",,DEM,Tamara Needles,334,141,193
Travis,256,"District Judge, 427th Judicial District",,DEM,Tamara Needles,177,84,93
Travis,258,"District Judge, 427th Judicial District",,DEM,Tamara Needles,285,134,151
Travis,259,"District Judge, 427th Judicial District",,DEM,Tamara Needles,325,131,194
Travis,260,"District Judge, 427th Judicial District",,DEM,Tamara Needles,92,29,63
Travis,262,"District Judge, 427th Judicial District",,DEM,Tamara Needles,535,252,283
Travis,263,"District Judge, 427th Judicial District",,DEM,Tamara Needles,353,129,224
Travis,266,"District Judge, 427th Judicial District",,DEM,Tamara Needles,43,27,16
Travis,267,"District Judge, 427th Judicial District",,DEM,Tamara Needles,162,89,73
Travis,268,"District Judge, 427th Judicial District",,DEM,Tamara Needles,120,41,79
Travis,273,"District Judge, 427th Judicial District",,DEM,Tamara Needles,469,176,293
Travis,274,"District Judge, 427th Judicial District",,DEM,Tamara Needles,465,212,253
Travis,275,"District Judge, 427th Judicial District",,DEM,Tamara Needles,619,252,367
Travis,277,"District Judge, 427th Judicial District",,DEM,Tamara Needles,489,280,209
Travis,301,"District Judge, 427th Judicial District",,DEM,Tamara Needles,159,65,94
Travis,302,"District Judge, 427th Judicial District",,DEM,Tamara Needles,274,142,132
Travis,303,"District Judge, 427th Judicial District",,DEM,Tamara Needles,227,98,129
Travis,304,"District Judge, 427th Judicial District",,DEM,Tamara Needles,410,184,226
Travis,305,"District Judge, 427th Judicial District",,DEM,Tamara Needles,1,1,0
Travis,306,"District Judge, 427th Judicial District",,DEM,Tamara Needles,158,87,71
Travis,307,"District Judge, 427th Judicial District",,DEM,Tamara Needles,128,59,69
Travis,308,"District Judge, 427th Judicial District",,DEM,Tamara Needles,323,144,179
Travis,309,"District Judge, 427th Judicial District",,DEM,Tamara Needles,283,146,137
Travis,310,"District Judge, 427th Judicial District",,DEM,Tamara Needles,428,199,229
Travis,311,"District Judge, 427th Judicial District",,DEM,Tamara Needles,506,310,196
Travis,312,"District Judge, 427th Judicial District",,DEM,Tamara Needles,135,65,70
Travis,313,"District Judge, 427th Judicial District",,DEM,Tamara Needles,53,19,34
Travis,314,"District Judge, 427th Judicial District",,DEM,Tamara Needles,241,127,114
Travis,315,"District Judge, 427th Judicial District",,DEM,Tamara Needles,363,168,195
Travis,316,"District Judge, 427th Judicial District",,DEM,Tamara Needles,169,68,101
Travis,317,"District Judge, 427th Judicial District",,DEM,Tamara Needles,252,130,122
Travis,318,"District Judge, 427th Judicial District",,DEM,Tamara Needles,60,18,42
Travis,319,"District Judge, 427th Judicial District",,DEM,Tamara Needles,109,64,45
Travis,320,"District Judge, 427th Judicial District",,DEM,Tamara Needles,86,55,31
Travis,321,"District Judge, 427th Judicial District",,DEM,Tamara Needles,83,38,45
Travis,323,"District Judge, 427th Judicial District",,DEM,Tamara Needles,256,109,147
Travis,324,"District Judge, 427th Judicial District",,DEM,Tamara Needles,284,134,150
Travis,325,"District Judge, 427th Judicial District",,DEM,Tamara Needles,9,6,3
Travis,326,"District Judge, 427th Judicial District",,DEM,Tamara Needles,183,71,112
Travis,327,"District Judge, 427th Judicial District",,DEM,Tamara Needles,283,135,148
Travis,328,"District Judge, 427th Judicial District",,DEM,Tamara Needles,439,197,242
Travis,329,"District Judge, 427th Judicial District",,DEM,Tamara Needles,255,140,115
Travis,330,"District Judge, 427th Judicial District",,DEM,Tamara Needles,258,110,148
Travis,331,"District Judge, 427th Judicial District",,DEM,Tamara Needles,284,99,185
Travis,332,"District Judge, 427th Judicial District",,DEM,Tamara Needles,497,163,334
Travis,333,"District Judge, 427th Judicial District",,DEM,Tamara Needles,232,62,170
Travis,334,"District Judge, 427th Judicial District",,DEM,Tamara Needles,181,78,103
Travis,335,"District Judge, 427th Judicial District",,DEM,Tamara Needles,198,91,107
Travis,336,"District Judge, 427th Judicial District",,DEM,Tamara Needles,175,62,113
Travis,337,"District Judge, 427th Judicial District",,DEM,Tamara Needles,361,132,229
Travis,338,"District Judge, 427th Judicial District",,DEM,Tamara Needles,519,198,321
Travis,339,"District Judge, 427th Judicial District",,DEM,Tamara Needles,205,89,116
Travis,340,"District Judge, 427th Judicial District",,DEM,Tamara Needles,346,138,208
Travis,341,"District Judge, 427th Judicial District",,DEM,Tamara Needles,2,0,2
Travis,342,"District Judge, 427th Judicial District",,DEM,Tamara Needles,785,324,461
Travis,343,"District Judge, 427th Judicial District",,DEM,Tamara Needles,172,58,114
Travis,344,"District Judge, 427th Judicial District",,DEM,Tamara Needles,258,109,149
Travis,345,"District Judge, 427th Judicial District",,DEM,Tamara Needles,1,1,0
Travis,346,"District Judge, 427th Judicial District",,DEM,Tamara Needles,154,101,53
Travis,347,"District Judge, 427th Judicial District",,DEM,Tamara Needles,215,105,110
Travis,349,"District Judge, 427th Judicial District",,DEM,Tamara Needles,504,216,288
Travis,350,"District Judge, 427th Judicial District",,DEM,Tamara Needles,497,223,274
Travis,351,"District Judge, 427th Judicial District",,DEM,Tamara Needles,177,84,93
Travis,352,"District Judge, 427th Judicial District",,DEM,Tamara Needles,432,213,219
Travis,354,"District Judge, 427th Judicial District",,DEM,Tamara Needles,459,270,189
Travis,356,"District Judge, 427th Judicial District",,DEM,Tamara Needles,192,82,110
Travis,357,"District Judge, 427th Judicial District",,DEM,Tamara Needles,60,25,35
Travis,358,"District Judge, 427th Judicial District",,DEM,Tamara Needles,586,263,323
Travis,359,"District Judge, 427th Judicial District",,DEM,Tamara Needles,295,131,164
Travis,360,"District Judge, 427th Judicial District",,DEM,Tamara Needles,426,189,237
Travis,361,"District Judge, 427th Judicial District",,DEM,Tamara Needles,115,52,63
Travis,362,"District Judge, 427th Judicial District",,DEM,Tamara Needles,357,167,190
Travis,363,"District Judge, 427th Judicial District",,DEM,Tamara Needles,169,82,87
Travis,364,"District Judge, 427th Judicial District",,DEM,Tamara Needles,306,159,147
Travis,365,"District Judge, 427th Judicial District",,DEM,Tamara Needles,175,77,98
Travis,366,"District Judge, 427th Judicial District",,DEM,Tamara Needles,540,246,294
Travis,367,"District Judge, 427th Judicial District",,DEM,Tamara Needles,497,222,275
Travis,368,"District Judge, 427th Judicial District",,DEM,Tamara Needles,19,9,10
Travis,369,"District Judge, 427th Judicial District",,DEM,Tamara Needles,101,33,68
Travis,370,"District Judge, 427th Judicial District",,DEM,Tamara Needles,90,10,80
Travis,371,"District Judge, 427th Judicial District",,DEM,Tamara Needles,119,46,73
Travis,372,"District Judge, 427th Judicial District",,DEM,Tamara Needles,90,31,59
Travis,373,"District Judge, 427th Judicial District",,DEM,Tamara Needles,208,81,127
Travis,374,"District Judge, 427th Judicial District",,DEM,Tamara Needles,272,87,185
Travis,375,"District Judge, 427th Judicial District",,DEM,Tamara Needles,54,19,35
Travis,401,"District Judge, 427th Judicial District",,DEM,Tamara Needles,181,82,99
Travis,402,"District Judge, 427th Judicial District",,DEM,Tamara Needles,190,79,111
Travis,403,"District Judge, 427th Judicial District",,DEM,Tamara Needles,66,17,49
Travis,404,"District Judge, 427th Judicial District",,DEM,Tamara Needles,218,78,140
Travis,405,"District Judge, 427th Judicial District",,DEM,Tamara Needles,35,11,24
Travis,406,"District Judge, 427th Judicial District",,DEM,Tamara Needles,215,126,89
Travis,407,"District Judge, 427th Judicial District",,DEM,Tamara Needles,150,65,85
Travis,408,"District Judge, 427th Judicial District",,DEM,Tamara Needles,328,122,206
Travis,409,"District Judge, 427th Judicial District",,DEM,Tamara Needles,326,139,187
Travis,410,"District Judge, 427th Judicial District",,DEM,Tamara Needles,361,170,191
Travis,411,"District Judge, 427th Judicial District",,DEM,Tamara Needles,176,75,101
Travis,412,"District Judge, 427th Judicial District",,DEM,Tamara Needles,17,9,8
Travis,413,"District Judge, 427th Judicial District",,DEM,Tamara Needles,97,39,58
Travis,414,"District Judge, 427th Judicial District",,DEM,Tamara Needles,365,160,205
Travis,415,"District Judge, 427th Judicial District",,DEM,Tamara Needles,135,51,84
Travis,416,"District Judge, 427th Judicial District",,DEM,Tamara Needles,10,3,7
Travis,417,"District Judge, 427th Judicial District",,DEM,Tamara Needles,140,75,65
Travis,418,"District Judge, 427th Judicial District",,DEM,Tamara Needles,0,0,0
Travis,419,"District Judge, 427th Judicial District",,DEM,Tamara Needles,50,31,19
Travis,420,"District Judge, 427th Judicial District",,DEM,Tamara Needles,338,137,201
Travis,421,"District Judge, 427th Judicial District",,DEM,Tamara Needles,404,167,237
Travis,422,"District Judge, 427th Judicial District",,DEM,Tamara Needles,411,186,225
Travis,423,"District Judge, 427th Judicial District",,DEM,Tamara Needles,271,103,168
Travis,424,"District Judge, 427th Judicial District",,DEM,Tamara Needles,379,146,233
Travis,425,"District Judge, 427th Judicial District",,DEM,Tamara Needles,108,49,59
Travis,426,"District Judge, 427th Judicial District",,DEM,Tamara Needles,314,125,189
Travis,427,"District Judge, 427th Judicial District",,DEM,Tamara Needles,269,128,141
Travis,428,"District Judge, 427th Judicial District",,DEM,Tamara Needles,127,52,75
Travis,429,"District Judge, 427th Judicial District",,DEM,Tamara Needles,727,314,413
Travis,430,"District Judge, 427th Judicial District",,DEM,Tamara Needles,215,88,127
Travis,431,"District Judge, 427th Judicial District",,DEM,Tamara Needles,724,306,418
Travis,432,"District Judge, 427th Judicial District",,DEM,Tamara Needles,1,1,0
Travis,433,"District Judge, 427th Judicial District",,DEM,Tamara Needles,393,175,218
Travis,434,"District Judge, 427th Judicial District",,DEM,Tamara Needles,2,1,1
Travis,435,"District Judge, 427th Judicial District",,DEM,Tamara Needles,605,264,341
Travis,436,"District Judge, 427th Judicial District",,DEM,Tamara Needles,43,18,25
Travis,437,"District Judge, 427th Judicial District",,DEM,Tamara Needles,398,137,261
Travis,438,"District Judge, 427th Judicial District",,DEM,Tamara Needles,180,83,97
Travis,439,"District Judge, 427th Judicial District",,DEM,Tamara Needles,379,158,221
Travis,440,"District Judge, 427th Judicial District",,DEM,Tamara Needles,132,62,70
Travis,441,"District Judge, 427th Judicial District",,DEM,Tamara Needles,521,245,276
Travis,442,"District Judge, 427th Judicial District",,DEM,Tamara Needles,192,73,119
Travis,443,"District Judge, 427th Judicial District",,DEM,Tamara Needles,221,98,123
Travis,444,"District Judge, 427th Judicial District",,DEM,Tamara Needles,15,7,8
Travis,446,"District Judge, 427th Judicial District",,DEM,Tamara Needles,141,59,82
Travis,447,"District Judge, 427th Judicial District",,DEM,Tamara Needles,466,199,267
Travis,448,"District Judge, 427th Judicial District",,DEM,Tamara Needles,197,86,111
Travis,450,"District Judge, 427th Judicial District",,DEM,Tamara Needles,277,116,161
Travis,451,"District Judge, 427th Judicial District",,DEM,Tamara Needles,361,143,218
Travis,452,"District Judge, 427th Judicial District",,DEM,Tamara Needles,125,53,72
Travis,454,"District Judge, 427th Judicial District",,DEM,Tamara Needles,289,141,148
Travis,458,"District Judge, 427th Judicial District",,DEM,Tamara Needles,394,206,188
Travis,460,"District Judge, 427th Judicial District",,DEM,Tamara Needles,529,238,291
Travis,461,"District Judge, 427th Judicial District",,DEM,Tamara Needles,594,255,339
Travis,463,"District Judge, 427th Judicial District",,DEM,Tamara Needles,368,144,224
Travis,103,U.S. House,10,DEM,Tawana W. Cadien,157,54,103
Travis,104,U.S. House,10,DEM,Tawana W. Cadien,132,60,72
Travis,105,U.S. House,10,DEM,Tawana W. Cadien,677,282,395
Travis,106,U.S. House,10,DEM,Tawana W. Cadien,239,99,140
Travis,108,U.S. House,10,DEM,Tawana W. Cadien,185,49,136
Travis,114,U.S. House,10,DEM,Tawana W. Cadien,35,15,20
Travis,118,U.S. House,10,DEM,Tawana W. Cadien,67,32,35
Travis,123,U.S. House,10,DEM,Tawana W. Cadien,360,128,232
Travis,125,U.S. House,10,DEM,Tawana W. Cadien,0,0,0
Travis,127,U.S. House,10,DEM,Tawana W. Cadien,0,0,0
Travis,131,U.S. House,10,DEM,Tawana W. Cadien,0,0,0
Travis,136,U.S. House,10,DEM,Tawana W. Cadien,258,108,150
Travis,138,U.S. House,10,DEM,Tawana W. Cadien,0,0,0
Travis,140,U.S. House,10,DEM,Tawana W. Cadien,221,75,146
Travis,141,U.S. House,10,DEM,Tawana W. Cadien,57,16,41
Travis,142,U.S. House,10,DEM,Tawana W. Cadien,130,50,80
Travis,146,U.S. House,10,DEM,Tawana W. Cadien,248,116,132
Travis,149,U.S. House,10,DEM,Tawana W. Cadien,219,82,137
Travis,150,U.S. House,10,DEM,Tawana W. Cadien,141,53,88
Travis,153,U.S. House,10,DEM,Tawana W. Cadien,547,184,363
Travis,154,U.S. House,10,DEM,Tawana W. Cadien,351,108,243
Travis,156,U.S. House,10,DEM,Tawana W. Cadien,697,286,411
Travis,200,U.S. House,10,DEM,Tawana W. Cadien,684,311,373
Travis,203,U.S. House,10,DEM,Tawana W. Cadien,75,17,58
Travis,211,U.S. House,10,DEM,Tawana W. Cadien,220,83,137
Travis,212,U.S. House,10,DEM,Tawana W. Cadien,166,79,87
Travis,217,U.S. House,10,DEM,Tawana W. Cadien,235,93,142
Travis,218,U.S. House,10,DEM,Tawana W. Cadien,451,164,287
Travis,222,U.S. House,10,DEM,Tawana W. Cadien,281,99,182
Travis,227,U.S. House,10,DEM,Tawana W. Cadien,62,24,38
Travis,228,U.S. House,10,DEM,Tawana W. Cadien,148,70,78
Travis,235,U.S. House,10,DEM,Tawana W. Cadien,392,159,233
Travis,236,U.S. House,10,DEM,Tawana W. Cadien,389,138,251
Travis,237,U.S. House,10,DEM,Tawana W. Cadien,176,81,95
Travis,239,U.S. House,10,DEM,Tawana W. Cadien,266,104,162
Travis,240,U.S. House,10,DEM,Tawana W. Cadien,109,35,74
Travis,241,U.S. House,10,DEM,Tawana W. Cadien,202,63,139
Travis,242,U.S. House,10,DEM,Tawana W. Cadien,686,275,411
Travis,243,U.S. House,10,DEM,Tawana W. Cadien,224,115,109
Travis,245,U.S. House,10,DEM,Tawana W. Cadien,71,20,51
Travis,246,U.S. House,10,DEM,Tawana W. Cadien,188,73,115
Travis,248,U.S. House,10,DEM,Tawana W. Cadien,286,110,176
Travis,249,U.S. House,10,DEM,Tawana W. Cadien,255,104,151
Travis,252,U.S. House,10,DEM,Tawana W. Cadien,301,142,159
Travis,253,U.S. House,10,DEM,Tawana W. Cadien,215,84,131
Travis,258,U.S. House,10,DEM,Tawana W. Cadien,241,92,149
Travis,260,U.S. House,10,DEM,Tawana W. Cadien,106,37,69
Travis,262,U.S. House,10,DEM,Tawana W. Cadien,429,187,242
Travis,266,U.S. House,10,DEM,Tawana W. Cadien,22,13,9
Travis,268,U.S. House,10,DEM,Tawana W. Cadien,117,40,77
Travis,273,U.S. House,10,DEM,Tawana W. Cadien,303,106,197
Travis,321,U.S. House,10,DEM,Tawana W. Cadien,68,35,33
Travis,323,U.S. House,10,DEM,Tawana W. Cadien,228,91,137
Travis,326,U.S. House,10,DEM,Tawana W. Cadien,173,67,106
Travis,327,U.S. House,10,DEM,Tawana W. Cadien,195,76,119
Travis,331,U.S. House,10,DEM,Tawana W. Cadien,240,80,160
Travis,333,U.S. House,10,DEM,Tawana W. Cadien,202,48,154
Travis,334,U.S. House,10,DEM,Tawana W. Cadien,158,61,97
Travis,335,U.S. House,10,DEM,Tawana W. Cadien,181,78,103
Travis,336,U.S. House,10,DEM,Tawana W. Cadien,161,53,108
Travis,337,U.S. House,10,DEM,Tawana W. Cadien,265,95,170
Travis,343,U.S. House,10,DEM,Tawana W. Cadien,161,50,111
Travis,374,U.S. House,10,DEM,Tawana W. Cadien,235,77,158
Travis,375,U.S. House,10,DEM,Tawana W. Cadien,49,19,30
Travis,250,U.S. House,21,DEM,Tejas Vakil,428,168,260
Travis,277,U.S. House,21,DEM,Tejas Vakil,547,311,236
Travis,301,U.S. House,21,DEM,Tejas Vakil,102,37,65
Travis,309,U.S. House,21,DEM,Tejas Vakil,186,103,83
Travis,310,U.S. House,21,DEM,Tejas Vakil,333,144,189
Travis,311,U.S. House,21,DEM,Tejas Vakil,517,306,211
Travis,314,U.S. House,21,DEM,Tejas Vakil,214,98,116
Travis,315,U.S. House,21,DEM,Tejas Vakil,283,128,155
Travis,329,U.S. House,21,DEM,Tejas Vakil,180,95,85
Travis,330,U.S. House,21,DEM,Tejas Vakil,171,73,98
Travis,332,U.S. House,21,DEM,Tejas Vakil,282,98,184
Travis,339,U.S. House,21,DEM,Tejas Vakil,132,45,87
Travis,340,U.S. House,21,DEM,Tejas Vakil,212,83,129
Travis,341,U.S. House,21,DEM,Tejas Vakil,5,0,5
Travis,342,U.S. House,21,DEM,Tejas Vakil,464,184,280
Travis,344,U.S. House,21,DEM,Tejas Vakil,170,68,102
Travis,349,U.S. House,21,DEM,Tejas Vakil,310,119,191
Travis,350,U.S. House,21,DEM,Tejas Vakil,346,159,187
Travis,351,U.S. House,21,DEM,Tejas Vakil,130,57,73
Travis,352,U.S. House,21,DEM,Tejas Vakil,325,147,178
Travis,354,U.S. House,21,DEM,Tejas Vakil,308,170,138
Travis,356,U.S. House,21,DEM,Tejas Vakil,141,57,84
Travis,357,U.S. House,21,DEM,Tejas Vakil,42,16,26
Travis,363,U.S. House,21,DEM,Tejas Vakil,132,58,74
Travis,365,U.S. House,21,DEM,Tejas Vakil,116,41,75
Travis,368,U.S. House,21,DEM,Tejas Vakil,9,4,5
Travis,406,U.S. House,21,DEM,Tejas Vakil,169,97,72
Travis,408,U.S. House,21,DEM,Tejas Vakil,248,93,155
Travis,409,U.S. House,21,DEM,Tejas Vakil,258,103,155
Travis,412,U.S. House,21,DEM,Tejas Vakil,13,6,7
Travis,416,U.S. House,21,DEM,Tejas Vakil,10,5,5
Travis,418,U.S. House,21,DEM,Tejas Vakil,0,0,0
Travis,419,U.S. House,21,DEM,Tejas Vakil,35,18,17
Travis,420,U.S. House,21,DEM,Tejas Vakil,292,108,184
Travis,421,U.S. House,21,DEM,Tejas Vakil,270,100,170
Travis,422,U.S. House,21,DEM,Tejas Vakil,249,97,152
Travis,424,U.S. House,21,DEM,Tejas Vakil,242,88,154
Travis,428,U.S. House,21,DEM,Tejas Vakil,104,50,54
Travis,430,U.S. House,21,DEM,Tejas Vakil,157,59,98
Travis,431,U.S. House,21,DEM,Tejas Vakil,596,237,359
Travis,433,U.S. House,21,DEM,Tejas Vakil,358,180,178
Travis,435,U.S. House,21,DEM,Tejas Vakil,470,177,293
Travis,437,U.S. House,21,DEM,Tejas Vakil,246,88,158
Travis,446,U.S. House,21,DEM,Tejas Vakil,118,49,69
Travis,454,U.S. House,21,DEM,Tejas Vakil,193,84,109
Travis,458,U.S. House,21,DEM,Tejas Vakil,314,156,158
Travis,460,U.S. House,21,DEM,Tejas Vakil,352,166,186
Travis,461,U.S. House,21,DEM,Tejas Vakil,411,172,239
Travis,101,"District Judge, 353rd Judicial District",,DEM,Tim Sulak,765,270,495
Travis,102,"District Judge, 353rd Judicial District",,DEM,Tim Sulak,166,55,111
Travis,103,"District Judge, 353rd Judicial District",,DEM,Tim Sulak,258,103,155
Travis,104,"District Judge, 353rd Judicial District",,DEM,Tim Sulak,197,88,109
Travis,105,"District Judge, 353rd Judicial District",,DEM,Tim Sulak,837,375,462
Travis,106,"District Judge, 353rd Judicial District",,DEM,Tim Sulak,304,129,175
Travis,107,"District Judge, 353rd Judicial District",,DEM,Tim Sulak,34,12,22
Travis,108,"District Judge, 353rd Judicial District",,DEM,Tim Sulak,279,85,194
Travis,109,"District Judge, 353rd Judicial District",,DEM,Tim Sulak,344,120,224
Travis,110,"District Judge, 353rd Judicial District",,DEM,Tim Sulak,640,239,401
Travis,111,"District Judge, 353rd Judicial District",,DEM,Tim Sulak,614,236,378
Travis,112,"District Judge, 353rd Judicial District",,DEM,Tim Sulak,193,69,124
Travis,113,"District Judge, 353rd Judicial District",,DEM,Tim Sulak,809,287,522
Travis,114,"District Judge, 353rd Judicial District",,DEM,Tim Sulak,45,19,26
Travis,115,"District Judge, 353rd Judicial District",,DEM,Tim Sulak,1,0,1
Travis,116,"District Judge, 353rd Judicial District",,DEM,Tim Sulak,1,0,1
Travis,117,"District Judge, 353rd Judicial District",,DEM,Tim Sulak,439,198,241
Travis,118,"District Judge, 353rd Judicial District",,DEM,Tim Sulak,83,39,44
Travis,119,"District Judge, 353rd Judicial District",,DEM,Tim Sulak,0,0,0
Travis,120,"District Judge, 353rd Judicial District",,DEM,Tim Sulak,27,17,10
Travis,121,"District Judge, 353rd Judicial District",,DEM,Tim Sulak,145,74,71
Travis,122,"District Judge, 353rd Judicial District",,DEM,Tim Sulak,633,325,308
Travis,123,"District Judge, 353rd Judicial District",,DEM,Tim Sulak,467,169,298
Travis,124,"District Judge, 353rd Judicial District",,DEM,Tim Sulak,1055,508,547
Travis,125,"District Judge, 353rd Judicial District",,DEM,Tim Sulak,0,0,0
Travis,126,"District Judge, 353rd Judicial District",,DEM,Tim Sulak,1187,544,643
Travis,127,"District Judge, 353rd Judicial District",,DEM,Tim Sulak,0,0,0
Travis,128,"District Judge, 353rd Judicial District",,DEM,Tim Sulak,0,0,0
Travis,129,"District Judge, 353rd Judicial District",,DEM,Tim Sulak,551,280,271
Travis,130,"District Judge, 353rd Judicial District",,DEM,Tim Sulak,504,195,309
Travis,131,"District Judge, 353rd Judicial District",,DEM,Tim Sulak,0,0,0
Travis,132,"District Judge, 353rd Judicial District",,DEM,Tim Sulak,601,271,330
Travis,133,"District Judge, 353rd Judicial District",,DEM,Tim Sulak,607,229,378
Travis,134,"District Judge, 353rd Judicial District",,DEM,Tim Sulak,0,0,0
Travis,135,"District Judge, 353rd Judicial District",,DEM,Tim Sulak,1658,718,940
Travis,136,"District Judge, 353rd Judicial District",,DEM,Tim Sulak,375,161,214
Travis,137,"District Judge, 353rd Judicial District",,DEM,Tim Sulak,867,319,548
Travis,138,"District Judge, 353rd Judicial District",,DEM,Tim Sulak,0,0,0
Travis,139,"District Judge, 353rd Judicial District",,DEM,Tim Sulak,571,250,321
Travis,140,"District Judge, 353rd Judicial District",,DEM,Tim Sulak,290,123,167
Travis,141,"District Judge, 353rd Judicial District",,DEM,Tim Sulak,63,21,42
Travis,142,"District Judge, 353rd Judicial District",,DEM,Tim Sulak,198,92,106
Travis,145,"District Judge, 353rd Judicial District",,DEM,Tim Sulak,378,137,241
Travis,146,"District Judge, 353rd Judicial District",,DEM,Tim Sulak,370,179,191
Travis,148,"District Judge, 353rd Judicial District",,DEM,Tim Sulak,485,195,290
Travis,149,"District Judge, 353rd Judicial District",,DEM,Tim Sulak,411,160,251
Travis,150,"District Judge, 353rd Judicial District",,DEM,Tim Sulak,230,93,137
Travis,151,"District Judge, 353rd Judicial District",,DEM,Tim Sulak,567,238,329
Travis,152,"District Judge, 353rd Judicial District",,DEM,Tim Sulak,1108,495,613
Travis,153,"District Judge, 353rd Judicial District",,DEM,Tim Sulak,754,279,475
Travis,154,"District Judge, 353rd Judicial District",,DEM,Tim Sulak,448,138,310
Travis,156,"District Judge, 353rd Judicial District",,DEM,Tim Sulak,1005,459,546
Travis,160,"District Judge, 353rd Judicial District",,DEM,Tim Sulak,253,93,160
Travis,161,"District Judge, 353rd Judicial District",,DEM,Tim Sulak,186,74,112
Travis,163,"District Judge, 353rd Judicial District",,DEM,Tim Sulak,22,9,13
Travis,164,"District Judge, 353rd Judicial District",,DEM,Tim Sulak,257,95,162
Travis,200,"District Judge, 353rd Judicial District",,DEM,Tim Sulak,1185,541,644
Travis,202,"District Judge, 353rd Judicial District",,DEM,Tim Sulak,873,393,480
Travis,203,"District Judge, 353rd Judicial District",,DEM,Tim Sulak,93,28,65
Travis,205,"District Judge, 353rd Judicial District",,DEM,Tim Sulak,390,149,241
Travis,206,"District Judge, 353rd Judicial District",,DEM,Tim Sulak,262,128,134
Travis,207,"District Judge, 353rd Judicial District",,DEM,Tim Sulak,672,271,401
Travis,208,"District Judge, 353rd Judicial District",,DEM,Tim Sulak,1435,797,638
Travis,209,"District Judge, 353rd Judicial District",,DEM,Tim Sulak,162,77,85
Travis,210,"District Judge, 353rd Judicial District",,DEM,Tim Sulak,303,159,144
Travis,211,"District Judge, 353rd Judicial District",,DEM,Tim Sulak,331,129,202
Travis,212,"District Judge, 353rd Judicial District",,DEM,Tim Sulak,365,190,175
Travis,213,"District Judge, 353rd Judicial District",,DEM,Tim Sulak,0,0,0
Travis,214,"District Judge, 353rd Judicial District",,DEM,Tim Sulak,501,214,287
Travis,215,"District Judge, 353rd Judicial District",,DEM,Tim Sulak,326,114,212
Travis,216,"District Judge, 353rd Judicial District",,DEM,Tim Sulak,244,77,167
Travis,217,"District Judge, 353rd Judicial District",,DEM,Tim Sulak,351,141,210
Travis,218,"District Judge, 353rd Judicial District",,DEM,Tim Sulak,747,303,444
Travis,219,"District Judge, 353rd Judicial District",,DEM,Tim Sulak,399,142,257
Travis,220,"District Judge, 353rd Judicial District",,DEM,Tim Sulak,329,158,171
Travis,221,"District Judge, 353rd Judicial District",,DEM,Tim Sulak,88,39,49
Travis,222,"District Judge, 353rd Judicial District",,DEM,Tim Sulak,476,177,299
Travis,223,"District Judge, 353rd Judicial District",,DEM,Tim Sulak,104,39,65
Travis,224,"District Judge, 353rd Judicial District",,DEM,Tim Sulak,17,7,10
Travis,225,"District Judge, 353rd Judicial District",,DEM,Tim Sulak,469,163,306
Travis,226,"District Judge, 353rd Judicial District",,DEM,Tim Sulak,278,99,179
Travis,227,"District Judge, 353rd Judicial District",,DEM,Tim Sulak,74,29,45
Travis,228,"District Judge, 353rd Judicial District",,DEM,Tim Sulak,307,160,147
Travis,229,"District Judge, 353rd Judicial District",,DEM,Tim Sulak,375,141,234
Travis,231,"District Judge, 353rd Judicial District",,DEM,Tim Sulak,545,241,304
Travis,232,"District Judge, 353rd Judicial District",,DEM,Tim Sulak,482,231,251
Travis,233,"District Judge, 353rd Judicial District",,DEM,Tim Sulak,388,144,244
Travis,234,"District Judge, 353rd Judicial District",,DEM,Tim Sulak,215,97,118
Travis,235,"District Judge, 353rd Judicial District",,DEM,Tim Sulak,696,279,417
Travis,236,"District Judge, 353rd Judicial District",,DEM,Tim Sulak,842,291,551
Travis,237,"District Judge, 353rd Judicial District",,DEM,Tim Sulak,395,174,221
Travis,238,"District Judge, 353rd Judicial District",,DEM,Tim Sulak,615,261,354
Travis,239,"District Judge, 353rd Judicial District",,DEM,Tim Sulak,631,267,364
Travis,240,"District Judge, 353rd Judicial District",,DEM,Tim Sulak,252,84,168
Travis,241,"District Judge, 353rd Judicial District",,DEM,Tim Sulak,428,157,271
Travis,242,"District Judge, 353rd Judicial District",,DEM,Tim Sulak,1301,576,725
Travis,243,"District Judge, 353rd Judicial District",,DEM,Tim Sulak,452,227,225
Travis,244,"District Judge, 353rd Judicial District",,DEM,Tim Sulak,364,186,178
Travis,245,"District Judge, 353rd Judicial District",,DEM,Tim Sulak,140,51,89
Travis,246,"District Judge, 353rd Judicial District",,DEM,Tim Sulak,351,138,213
Travis,247,"District Judge, 353rd Judicial District",,DEM,Tim Sulak,146,57,89
Travis,248,"District Judge, 353rd Judicial District",,DEM,Tim Sulak,534,234,300
Travis,249,"District Judge, 353rd Judicial District",,DEM,Tim Sulak,546,238,308
Travis,250,"District Judge, 353rd Judicial District",,DEM,Tim Sulak,1004,432,572
Travis,251,"District Judge, 353rd Judicial District",,DEM,Tim Sulak,601,275,326
Travis,252,"District Judge, 353rd Judicial District",,DEM,Tim Sulak,571,271,300
Travis,253,"District Judge, 353rd Judicial District",,DEM,Tim Sulak,469,232,237
Travis,254,"District Judge, 353rd Judicial District",,DEM,Tim Sulak,504,226,278
Travis,256,"District Judge, 353rd Judicial District",,DEM,Tim Sulak,305,159,146
Travis,258,"District Judge, 353rd Judicial District",,DEM,Tim Sulak,434,200,234
Travis,259,"District Judge, 353rd Judicial District",,DEM,Tim Sulak,509,197,312
Travis,260,"District Judge, 353rd Judicial District",,DEM,Tim Sulak,148,48,100
Travis,262,"District Judge, 353rd Judicial District",,DEM,Tim Sulak,837,407,430
Travis,263,"District Judge, 353rd Judicial District",,DEM,Tim Sulak,562,211,351
Travis,266,"District Judge, 353rd Judicial District",,DEM,Tim Sulak,85,47,38
Travis,267,"District Judge, 353rd Judicial District",,DEM,Tim Sulak,271,147,124
Travis,268,"District Judge, 353rd Judicial District",,DEM,Tim Sulak,176,67,109
Travis,273,"District Judge, 353rd Judicial District",,DEM,Tim Sulak,715,297,418
Travis,274,"District Judge, 353rd Judicial District",,DEM,Tim Sulak,678,302,376
Travis,275,"District Judge, 353rd Judicial District",,DEM,Tim Sulak,897,365,532
Travis,277,"District Judge, 353rd Judicial District",,DEM,Tim Sulak,860,463,397
Travis,301,"District Judge, 353rd Judicial District",,DEM,Tim Sulak,231,92,139
Travis,302,"District Judge, 353rd Judicial District",,DEM,Tim Sulak,479,254,225
Travis,303,"District Judge, 353rd Judicial District",,DEM,Tim Sulak,405,203,202
Travis,304,"District Judge, 353rd Judicial District",,DEM,Tim Sulak,636,278,358
Travis,305,"District Judge, 353rd Judicial District",,DEM,Tim Sulak,3,2,1
Travis,306,"District Judge, 353rd Judicial District",,DEM,Tim Sulak,256,143,113
Travis,307,"District Judge, 353rd Judicial District",,DEM,Tim Sulak,237,114,123
Travis,308,"District Judge, 353rd Judicial District",,DEM,Tim Sulak,477,208,269
Travis,309,"District Judge, 353rd Judicial District",,DEM,Tim Sulak,410,214,196
Travis,310,"District Judge, 353rd Judicial District",,DEM,Tim Sulak,687,324,363
Travis,311,"District Judge, 353rd Judicial District",,DEM,Tim Sulak,880,511,369
Travis,312,"District Judge, 353rd Judicial District",,DEM,Tim Sulak,222,109,113
Travis,313,"District Judge, 353rd Judicial District",,DEM,Tim Sulak,88,34,54
Travis,314,"District Judge, 353rd Judicial District",,DEM,Tim Sulak,402,207,195
Travis,315,"District Judge, 353rd Judicial District",,DEM,Tim Sulak,639,292,347
Travis,316,"District Judge, 353rd Judicial District",,DEM,Tim Sulak,235,100,135
Travis,317,"District Judge, 353rd Judicial District",,DEM,Tim Sulak,368,187,181
Travis,318,"District Judge, 353rd Judicial District",,DEM,Tim Sulak,91,34,57
Travis,319,"District Judge, 353rd Judicial District",,DEM,Tim Sulak,179,94,85
Travis,320,"District Judge, 353rd Judicial District",,DEM,Tim Sulak,145,93,52
Travis,321,"District Judge, 353rd Judicial District",,DEM,Tim Sulak,119,52,67
Travis,323,"District Judge, 353rd Judicial District",,DEM,Tim Sulak,360,161,199
Travis,324,"District Judge, 353rd Judicial District",,DEM,Tim Sulak,386,198,188
Travis,325,"District Judge, 353rd Judicial District",,DEM,Tim Sulak,12,6,6
Travis,326,"District Judge, 353rd Judicial District",,DEM,Tim Sulak,292,126,166
Travis,327,"District Judge, 353rd Judicial District",,DEM,Tim Sulak,455,202,253
Travis,328,"District Judge, 353rd Judicial District",,DEM,Tim Sulak,680,319,361
Travis,329,"District Judge, 353rd Judicial District",,DEM,Tim Sulak,385,201,184
Travis,330,"District Judge, 353rd Judicial District",,DEM,Tim Sulak,328,142,186
Travis,331,"District Judge, 353rd Judicial District",,DEM,Tim Sulak,458,151,307
Travis,332,"District Judge, 353rd Judicial District",,DEM,Tim Sulak,742,267,475
Travis,333,"District Judge, 353rd Judicial District",,DEM,Tim Sulak,379,97,282
Travis,334,"District Judge, 353rd Judicial District",,DEM,Tim Sulak,293,117,176
Travis,335,"District Judge, 353rd Judicial District",,DEM,Tim Sulak,341,153,188
Travis,336,"District Judge, 353rd Judicial District",,DEM,Tim Sulak,311,123,188
Travis,337,"District Judge, 353rd Judicial District",,DEM,Tim Sulak,563,202,361
Travis,338,"District Judge, 353rd Judicial District",,DEM,Tim Sulak,742,287,455
Travis,339,"District Judge, 353rd Judicial District",,DEM,Tim Sulak,304,149,155
Travis,340,"District Judge, 353rd Judicial District",,DEM,Tim Sulak,503,202,301
Travis,341,"District Judge, 353rd Judicial District",,DEM,Tim Sulak,5,0,5
Travis,342,"District Judge, 353rd Judicial District",,DEM,Tim Sulak,1163,508,655
Travis,343,"District Judge, 353rd Judicial District",,DEM,Tim Sulak,229,82,147
Travis,344,"District Judge, 353rd Judicial District",,DEM,Tim Sulak,382,173,209
Travis,345,"District Judge, 353rd Judicial District",,DEM,Tim Sulak,1,1,0
Travis,346,"District Judge, 353rd Judicial District",,DEM,Tim Sulak,229,139,90
Travis,347,"District Judge, 353rd Judicial District",,DEM,Tim Sulak,384,195,189
Travis,349,"District Judge, 353rd Judicial District",,DEM,Tim Sulak,747,326,421
Travis,350,"District Judge, 353rd Judicial District",,DEM,Tim Sulak,770,362,408
Travis,351,"District Judge, 353rd Judicial District",,DEM,Tim Sulak,262,123,139
Travis,352,"District Judge, 353rd Judicial District",,DEM,Tim Sulak,675,356,319
Travis,354,"District Judge, 353rd Judicial District",,DEM,Tim Sulak,734,428,306
Travis,356,"District Judge, 353rd Judicial District",,DEM,Tim Sulak,266,123,143
Travis,357,"District Judge, 353rd Judicial District",,DEM,Tim Sulak,85,35,50
Travis,358,"District Judge, 353rd Judicial District",,DEM,Tim Sulak,974,460,514
Travis,359,"District Judge, 353rd Judicial District",,DEM,Tim Sulak,472,215,257
Travis,360,"District Judge, 353rd Judicial District",,DEM,Tim Sulak,691,302,389
Travis,361,"District Judge, 353rd Judicial District",,DEM,Tim Sulak,195,88,107
Travis,362,"District Judge, 353rd Judicial District",,DEM,Tim Sulak,606,311,295
Travis,363,"District Judge, 353rd Judicial District",,DEM,Tim Sulak,279,136,143
Travis,364,"District Judge, 353rd Judicial District",,DEM,Tim Sulak,541,315,226
Travis,365,"District Judge, 353rd Judicial District",,DEM,Tim Sulak,285,113,172
Travis,366,"District Judge, 353rd Judicial District",,DEM,Tim Sulak,836,395,441
Travis,367,"District Judge, 353rd Judicial District",,DEM,Tim Sulak,780,351,429
Travis,368,"District Judge, 353rd Judicial District",,DEM,Tim Sulak,21,13,8
Travis,369,"District Judge, 353rd Judicial District",,DEM,Tim Sulak,170,52,118
Travis,370,"District Judge, 353rd Judicial District",,DEM,Tim Sulak,126,17,109
Travis,371,"District Judge, 353rd Judicial District",,DEM,Tim Sulak,214,87,127
Travis,372,"District Judge, 353rd Judicial District",,DEM,Tim Sulak,149,50,99
Travis,373,"District Judge, 353rd Judicial District",,DEM,Tim Sulak,335,132,203
Travis,374,"District Judge, 353rd Judicial District",,DEM,Tim Sulak,422,153,269
Travis,375,"District Judge, 353rd Judicial District",,DEM,Tim Sulak,78,28,50
Travis,401,"District Judge, 353rd Judicial District",,DEM,Tim Sulak,312,147,165
Travis,402,"District Judge, 353rd Judicial District",,DEM,Tim Sulak,392,166,226
Travis,403,"District Judge, 353rd Judicial District",,DEM,Tim Sulak,153,54,99
Travis,404,"District Judge, 353rd Judicial District",,DEM,Tim Sulak,390,145,245
Travis,405,"District Judge, 353rd Judicial District",,DEM,Tim Sulak,80,31,49
Travis,406,"District Judge, 353rd Judicial District",,DEM,Tim Sulak,381,221,160
Travis,407,"District Judge, 353rd Judicial District",,DEM,Tim Sulak,282,121,161
Travis,408,"District Judge, 353rd Judicial District",,DEM,Tim Sulak,514,199,315
Travis,409,"District Judge, 353rd Judicial District",,DEM,Tim Sulak,506,216,290
Travis,410,"District Judge, 353rd Judicial District",,DEM,Tim Sulak,553,273,280
Travis,411,"District Judge, 353rd Judicial District",,DEM,Tim Sulak,291,122,169
Travis,412,"District Judge, 353rd Judicial District",,DEM,Tim Sulak,25,15,10
Travis,413,"District Judge, 353rd Judicial District",,DEM,Tim Sulak,164,67,97
Travis,414,"District Judge, 353rd Judicial District",,DEM,Tim Sulak,595,260,335
Travis,415,"District Judge, 353rd Judicial District",,DEM,Tim Sulak,224,81,143
Travis,416,"District Judge, 353rd Judicial District",,DEM,Tim Sulak,22,10,12
Travis,417,"District Judge, 353rd Judicial District",,DEM,Tim Sulak,260,132,128
Travis,418,"District Judge, 353rd Judicial District",,DEM,Tim Sulak,0,0,0
Travis,419,"District Judge, 353rd Judicial District",,DEM,Tim Sulak,84,50,34
Travis,420,"District Judge, 353rd Judicial District",,DEM,Tim Sulak,524,223,301
Travis,421,"District Judge, 353rd Judicial District",,DEM,Tim Sulak,564,229,335
Travis,422,"District Judge, 353rd Judicial District",,DEM,Tim Sulak,550,239,311
Travis,423,"District Judge, 353rd Judicial District",,DEM,Tim Sulak,541,221,320
Travis,424,"District Judge, 353rd Judicial District",,DEM,Tim Sulak,534,212,322
Travis,425,"District Judge, 353rd Judicial District",,DEM,Tim Sulak,182,79,103
Travis,426,"District Judge, 353rd Judicial District",,DEM,Tim Sulak,583,263,320
Travis,427,"District Judge, 353rd Judicial District",,DEM,Tim Sulak,429,209,220
Travis,428,"District Judge, 353rd Judicial District",,DEM,Tim Sulak,210,94,116
Travis,429,"District Judge, 353rd Judicial District",,DEM,Tim Sulak,1150,508,642
Travis,430,"District Judge, 353rd Judicial District",,DEM,Tim Sulak,288,113,175
Travis,431,"District Judge, 353rd Judicial District",,DEM,Tim Sulak,1041,417,624
Travis,432,"District Judge, 353rd Judicial District",,DEM,Tim Sulak,1,1,0
Travis,433,"District Judge, 353rd Judicial District",,DEM,Tim Sulak,586,279,307
Travis,434,"District Judge, 353rd Judicial District",,DEM,Tim Sulak,2,1,1
Travis,435,"District Judge, 353rd Judicial District",,DEM,Tim Sulak,963,428,535
Travis,436,"District Judge, 353rd Judicial District",,DEM,Tim Sulak,61,25,36
Travis,437,"District Judge, 353rd Judicial District",,DEM,Tim Sulak,528,200,328
Travis,438,"District Judge, 353rd Judicial District",,DEM,Tim Sulak,311,142,169
Travis,439,"District Judge, 353rd Judicial District",,DEM,Tim Sulak,592,248,344
Travis,440,"District Judge, 353rd Judicial District",,DEM,Tim Sulak,196,96,100
Travis,441,"District Judge, 353rd Judicial District",,DEM,Tim Sulak,776,377,399
Travis,442,"District Judge, 353rd Judicial District",,DEM,Tim Sulak,297,120,177
Travis,443,"District Judge, 353rd Judicial District",,DEM,Tim Sulak,438,197,241
Travis,444,"District Judge, 353rd Judicial District",,DEM,Tim Sulak,26,12,14
Travis,446,"District Judge, 353rd Judicial District",,DEM,Tim Sulak,252,103,149
Travis,447,"District Judge, 353rd Judicial District",,DEM,Tim Sulak,714,294,420
Travis,448,"District Judge, 353rd Judicial District",,DEM,Tim Sulak,381,164,217
Travis,450,"District Judge, 353rd Judicial District",,DEM,Tim Sulak,602,259,343
Travis,451,"District Judge, 353rd Judicial District",,DEM,Tim Sulak,608,257,351
Travis,452,"District Judge, 353rd Judicial District",,DEM,Tim Sulak,288,119,169
Travis,454,"District Judge, 353rd Judicial District",,DEM,Tim Sulak,452,234,218
Travis,458,"District Judge, 353rd Judicial District",,DEM,Tim Sulak,653,336,317
Travis,460,"District Judge, 353rd Judicial District",,DEM,Tim Sulak,767,382,385
Travis,461,"District Judge, 353rd Judicial District",,DEM,Tim Sulak,838,369,469
Travis,463,"District Judge, 353rd Judicial District",,DEM,Tim Sulak,634,261,373
Travis,101,Sheriff,,DEM,Todd Radford,146,50,96
Travis,102,Sheriff,,DEM,Todd Radford,36,16,20
Travis,103,Sheriff,,DEM,Todd Radford,85,34,51
Travis,104,Sheriff,,DEM,Todd Radford,51,22,29
Travis,105,Sheriff,,DEM,Todd Radford,178,74,104
Travis,106,Sheriff,,DEM,Todd Radford,67,33,34
Travis,107,Sheriff,,DEM,Todd Radford,11,1,10
Travis,108,Sheriff,,DEM,Todd Radford,57,18,39
Travis,109,Sheriff,,DEM,Todd Radford,83,30,53
Travis,110,Sheriff,,DEM,Todd Radford,104,49,55
Travis,111,Sheriff,,DEM,Todd Radford,151,62,89
Travis,112,Sheriff,,DEM,Todd Radford,41,15,26
Travis,113,Sheriff,,DEM,Todd Radford,154,66,88
Travis,114,Sheriff,,DEM,Todd Radford,18,8,10
Travis,115,Sheriff,,DEM,Todd Radford,1,0,1
Travis,116,Sheriff,,DEM,Todd Radford,0,0,0
Travis,117,Sheriff,,DEM,Todd Radford,80,27,53
Travis,118,Sheriff,,DEM,Todd Radford,18,5,13
Travis,119,Sheriff,,DEM,Todd Radford,0,0,0
Travis,120,Sheriff,,DEM,Todd Radford,7,6,1
Travis,121,Sheriff,,DEM,Todd Radford,30,14,16
Travis,122,Sheriff,,DEM,Todd Radford,159,75,84
Travis,123,Sheriff,,DEM,Todd Radford,87,32,55
Travis,124,Sheriff,,DEM,Todd Radford,294,152,142
Travis,125,Sheriff,,DEM,Todd Radford,0,0,0
Travis,126,Sheriff,,DEM,Todd Radford,272,124,148
Travis,127,Sheriff,,DEM,Todd Radford,0,0,0
Travis,128,Sheriff,,DEM,Todd Radford,0,0,0
Travis,129,Sheriff,,DEM,Todd Radford,145,69,76
Travis,130,Sheriff,,DEM,Todd Radford,131,43,88
Travis,131,Sheriff,,DEM,Todd Radford,0,0,0
Travis,132,Sheriff,,DEM,Todd Radford,174,76,98
Travis,133,Sheriff,,DEM,Todd Radford,197,81,116
Travis,134,Sheriff,,DEM,Todd Radford,0,0,0
Travis,135,Sheriff,,DEM,Todd Radford,482,201,281
Travis,136,Sheriff,,DEM,Todd Radford,69,34,35
Travis,137,Sheriff,,DEM,Todd Radford,101,40,61
Travis,138,Sheriff,,DEM,Todd Radford,0,0,0
Travis,139,Sheriff,,DEM,Todd Radford,106,44,62
Travis,140,Sheriff,,DEM,Todd Radford,80,37,43
Travis,141,Sheriff,,DEM,Todd Radford,9,4,5
Travis,142,Sheriff,,DEM,Todd Radford,45,26,19
Travis,145,Sheriff,,DEM,Todd Radford,72,28,44
Travis,146,Sheriff,,DEM,Todd Radford,70,39,31
Travis,148,Sheriff,,DEM,Todd Radford,85,39,46
Travis,149,Sheriff,,DEM,Todd Radford,139,71,68
Travis,150,Sheriff,,DEM,Todd Radford,60,25,35
Travis,151,Sheriff,,DEM,Todd Radford,168,75,93
Travis,152,Sheriff,,DEM,Todd Radford,389,170,219
Travis,153,Sheriff,,DEM,Todd Radford,173,65,108
Travis,154,Sheriff,,DEM,Todd Radford,84,23,61
Travis,156,Sheriff,,DEM,Todd Radford,252,127,125
Travis,160,Sheriff,,DEM,Todd Radford,50,19,31
Travis,161,Sheriff,,DEM,Todd Radford,32,13,19
Travis,163,Sheriff,,DEM,Todd Radford,2,1,1
Travis,164,Sheriff,,DEM,Todd Radford,57,23,34
Travis,200,Sheriff,,DEM,Todd Radford,315,142,173
Travis,202,Sheriff,,DEM,Todd Radford,270,127,143
Travis,203,Sheriff,,DEM,Todd Radford,24,11,13
Travis,205,Sheriff,,DEM,Todd Radford,87,37,50
Travis,206,Sheriff,,DEM,Todd Radford,61,22,39
Travis,207,Sheriff,,DEM,Todd Radford,134,55,79
Travis,208,Sheriff,,DEM,Todd Radford,193,95,98
Travis,209,Sheriff,,DEM,Todd Radford,34,15,19
Travis,210,Sheriff,,DEM,Todd Radford,118,68,50
Travis,211,Sheriff,,DEM,Todd Radford,87,38,49
Travis,212,Sheriff,,DEM,Todd Radford,91,58,33
Travis,213,Sheriff,,DEM,Todd Radford,0,0,0
Travis,214,Sheriff,,DEM,Todd Radford,160,84,76
Travis,215,Sheriff,,DEM,Todd Radford,50,18,32
Travis,216,Sheriff,,DEM,Todd Radford,39,17,22
Travis,217,Sheriff,,DEM,Todd Radford,85,35,50
Travis,218,Sheriff,,DEM,Todd Radford,148,72,76
Travis,219,Sheriff,,DEM,Todd Radford,72,27,45
Travis,220,Sheriff,,DEM,Todd Radford,91,51,40
Travis,221,Sheriff,,DEM,Todd Radford,22,7,15
Travis,222,Sheriff,,DEM,Todd Radford,111,44,67
Travis,223,Sheriff,,DEM,Todd Radford,20,6,14
Travis,224,Sheriff,,DEM,Todd Radford,2,2,0
Travis,225,Sheriff,,DEM,Todd Radford,101,28,73
Travis,226,Sheriff,,DEM,Todd Radford,47,15,32
Travis,227,Sheriff,,DEM,Todd Radford,12,7,5
Travis,228,Sheriff,,DEM,Todd Radford,85,42,43
Travis,229,Sheriff,,DEM,Todd Radford,96,47,49
Travis,231,Sheriff,,DEM,Todd Radford,160,78,82
Travis,232,Sheriff,,DEM,Todd Radford,104,48,56
Travis,233,Sheriff,,DEM,Todd Radford,96,43,53
Travis,234,Sheriff,,DEM,Todd Radford,52,24,28
Travis,235,Sheriff,,DEM,Todd Radford,207,90,117
Travis,236,Sheriff,,DEM,Todd Radford,261,86,175
Travis,237,Sheriff,,DEM,Todd Radford,129,62,67
Travis,238,Sheriff,,DEM,Todd Radford,178,66,112
Travis,239,Sheriff,,DEM,Todd Radford,244,106,138
Travis,240,Sheriff,,DEM,Todd Radford,86,30,56
Travis,241,Sheriff,,DEM,Todd Radford,140,47,93
Travis,242,Sheriff,,DEM,Todd Radford,416,193,223
Travis,243,Sheriff,,DEM,Todd Radford,123,70,53
Travis,244,Sheriff,,DEM,Todd Radford,81,45,36
Travis,245,Sheriff,,DEM,Todd Radford,33,12,21
Travis,246,Sheriff,,DEM,Todd Radford,116,35,81
Travis,247,Sheriff,,DEM,Todd Radford,36,15,21
Travis,248,Sheriff,,DEM,Todd Radford,155,66,89
Travis,249,Sheriff,,DEM,Todd Radford,172,80,92
Travis,250,Sheriff,,DEM,Todd Radford,373,146,227
Travis,251,Sheriff,,DEM,Todd Radford,160,71,89
Travis,252,Sheriff,,DEM,Todd Radford,160,69,91
Travis,253,Sheriff,,DEM,Todd Radford,155,84,71
Travis,254,Sheriff,,DEM,Todd Radford,134,54,80
Travis,256,Sheriff,,DEM,Todd Radford,91,54,37
Travis,258,Sheriff,,DEM,Todd Radford,142,78,64
Travis,259,Sheriff,,DEM,Todd Radford,138,53,85
Travis,260,Sheriff,,DEM,Todd Radford,41,8,33
Travis,262,Sheriff,,DEM,Todd Radford,203,109,94
Travis,263,Sheriff,,DEM,Todd Radford,141,53,88
Travis,266,Sheriff,,DEM,Todd Radford,35,21,14
Travis,267,Sheriff,,DEM,Todd Radford,61,40,21
Travis,268,Sheriff,,DEM,Todd Radford,39,16,23
Travis,273,Sheriff,,DEM,Todd Radford,224,97,127
Travis,274,Sheriff,,DEM,Todd Radford,171,67,104
Travis,275,Sheriff,,DEM,Todd Radford,236,89,147
Travis,277,Sheriff,,DEM,Todd Radford,133,76,57
Travis,301,Sheriff,,DEM,Todd Radford,60,30,30
Travis,302,Sheriff,,DEM,Todd Radford,88,44,44
Travis,303,Sheriff,,DEM,Todd Radford,86,48,38
Travis,304,Sheriff,,DEM,Todd Radford,152,75,77
Travis,305,Sheriff,,DEM,Todd Radford,1,1,0
Travis,306,Sheriff,,DEM,Todd Radford,120,63,57
Travis,307,Sheriff,,DEM,Todd Radford,53,29,24
Travis,308,Sheriff,,DEM,Todd Radford,139,52,87
Travis,309,Sheriff,,DEM,Todd Radford,96,52,44
Travis,310,Sheriff,,DEM,Todd Radford,128,66,62
Travis,311,Sheriff,,DEM,Todd Radford,161,87,74
Travis,312,Sheriff,,DEM,Todd Radford,66,45,21
Travis,313,Sheriff,,DEM,Todd Radford,17,4,13
Travis,314,Sheriff,,DEM,Todd Radford,71,33,38
Travis,315,Sheriff,,DEM,Todd Radford,119,55,64
Travis,316,Sheriff,,DEM,Todd Radford,54,19,35
Travis,317,Sheriff,,DEM,Todd Radford,99,41,58
Travis,318,Sheriff,,DEM,Todd Radford,17,6,11
Travis,319,Sheriff,,DEM,Todd Radford,80,35,45
Travis,320,Sheriff,,DEM,Todd Radford,78,53,25
Travis,321,Sheriff,,DEM,Todd Radford,39,19,20
Travis,323,Sheriff,,DEM,Todd Radford,90,47,43
Travis,324,Sheriff,,DEM,Todd Radford,93,48,45
Travis,325,Sheriff,,DEM,Todd Radford,4,2,2
Travis,326,Sheriff,,DEM,Todd Radford,79,41,38
Travis,327,Sheriff,,DEM,Todd Radford,171,86,85
Travis,328,Sheriff,,DEM,Todd Radford,182,95,87
Travis,329,Sheriff,,DEM,Todd Radford,116,62,54
Travis,330,Sheriff,,DEM,Todd Radford,81,36,45
Travis,331,Sheriff,,DEM,Todd Radford,151,44,107
Travis,332,Sheriff,,DEM,Todd Radford,223,70,153
Travis,333,Sheriff,,DEM,Todd Radford,124,40,84
Travis,334,Sheriff,,DEM,Todd Radford,83,34,49
Travis,335,Sheriff,,DEM,Todd Radford,95,39,56
Travis,336,Sheriff,,DEM,Todd Radford,101,42,59
Travis,337,Sheriff,,DEM,Todd Radford,158,43,115
Travis,338,Sheriff,,DEM,Todd Radford,185,74,111
Travis,339,Sheriff,,DEM,Todd Radford,74,44,30
Travis,340,Sheriff,,DEM,Todd Radford,140,53,87
Travis,341,Sheriff,,DEM,Todd Radford,1,0,1
Travis,342,Sheriff,,DEM,Todd Radford,322,140,182
Travis,343,Sheriff,,DEM,Todd Radford,46,15,31
Travis,344,Sheriff,,DEM,Todd Radford,102,49,53
Travis,345,Sheriff,,DEM,Todd Radford,0,0,0
Travis,346,Sheriff,,DEM,Todd Radford,79,45,34
Travis,347,Sheriff,,DEM,Todd Radford,122,64,58
Travis,349,Sheriff,,DEM,Todd Radford,202,92,110
Travis,350,Sheriff,,DEM,Todd Radford,131,63,68
Travis,351,Sheriff,,DEM,Todd Radford,61,35,26
Travis,352,Sheriff,,DEM,Todd Radford,150,82,68
Travis,354,Sheriff,,DEM,Todd Radford,196,112,84
Travis,356,Sheriff,,DEM,Todd Radford,73,34,39
Travis,357,Sheriff,,DEM,Todd Radford,29,15,14
Travis,358,Sheriff,,DEM,Todd Radford,195,96,99
Travis,359,Sheriff,,DEM,Todd Radford,123,49,74
Travis,360,Sheriff,,DEM,Todd Radford,133,55,78
Travis,361,Sheriff,,DEM,Todd Radford,32,13,19
Travis,362,Sheriff,,DEM,Todd Radford,118,56,62
Travis,363,Sheriff,,DEM,Todd Radford,55,25,30
Travis,364,Sheriff,,DEM,Todd Radford,117,70,47
Travis,365,Sheriff,,DEM,Todd Radford,62,30,32
Travis,366,Sheriff,,DEM,Todd Radford,170,74,96
Travis,367,Sheriff,,DEM,Todd Radford,154,86,68
Travis,368,Sheriff,,DEM,Todd Radford,4,2,2
Travis,369,Sheriff,,DEM,Todd Radford,27,10,17
Travis,370,Sheriff,,DEM,Todd Radford,24,3,21
Travis,371,Sheriff,,DEM,Todd Radford,54,18,36
Travis,372,Sheriff,,DEM,Todd Radford,26,3,23
Travis,373,Sheriff,,DEM,Todd Radford,73,33,40
Travis,374,Sheriff,,DEM,Todd Radford,94,37,57
Travis,375,Sheriff,,DEM,Todd Radford,34,13,21
Travis,401,Sheriff,,DEM,Todd Radford,49,22,27
Travis,402,Sheriff,,DEM,Todd Radford,57,33,24
Travis,403,Sheriff,,DEM,Todd Radford,28,10,18
Travis,404,Sheriff,,DEM,Todd Radford,47,18,29
Travis,405,Sheriff,,DEM,Todd Radford,10,6,4
Travis,406,Sheriff,,DEM,Todd Radford,91,67,24
Travis,407,Sheriff,,DEM,Todd Radford,47,24,23
Travis,408,Sheriff,,DEM,Todd Radford,89,39,50
Travis,409,Sheriff,,DEM,Todd Radford,102,43,59
Travis,410,Sheriff,,DEM,Todd Radford,103,49,54
Travis,411,Sheriff,,DEM,Todd Radford,48,15,33
Travis,412,Sheriff,,DEM,Todd Radford,6,4,2
Travis,413,Sheriff,,DEM,Todd Radford,34,12,22
Travis,414,Sheriff,,DEM,Todd Radford,96,43,53
Travis,415,Sheriff,,DEM,Todd Radford,36,17,19
Travis,416,Sheriff,,DEM,Todd Radford,4,3,1
Travis,417,Sheriff,,DEM,Todd Radford,41,27,14
Travis,418,Sheriff,,DEM,Todd Radford,0,0,0
Travis,419,Sheriff,,DEM,Todd Radford,17,9,8
Travis,420,Sheriff,,DEM,Todd Radford,118,50,68
Travis,421,Sheriff,,DEM,Todd Radford,169,73,96
Travis,422,Sheriff,,DEM,Todd Radford,194,91,103
Travis,423,Sheriff,,DEM,Todd Radford,81,39,42
Travis,424,Sheriff,,DEM,Todd Radford,167,78,89
Travis,425,Sheriff,,DEM,Todd Radford,35,13,22
Travis,426,Sheriff,,DEM,Todd Radford,117,58,59
Travis,427,Sheriff,,DEM,Todd Radford,98,58,40
Travis,428,Sheriff,,DEM,Todd Radford,51,23,28
Travis,429,Sheriff,,DEM,Todd Radford,158,71,87
Travis,430,Sheriff,,DEM,Todd Radford,71,34,37
Travis,431,Sheriff,,DEM,Todd Radford,178,75,103
Travis,432,Sheriff,,DEM,Todd Radford,0,0,0
Travis,433,Sheriff,,DEM,Todd Radford,141,67,74
Travis,434,Sheriff,,DEM,Todd Radford,1,1,0
Travis,435,Sheriff,,DEM,Todd Radford,183,96,87
Travis,436,Sheriff,,DEM,Todd Radford,17,6,11
Travis,437,Sheriff,,DEM,Todd Radford,156,56,100
Travis,438,Sheriff,,DEM,Todd Radford,71,35,36
Travis,439,Sheriff,,DEM,Todd Radford,144,62,82
Travis,440,Sheriff,,DEM,Todd Radford,40,23,17
Travis,441,Sheriff,,DEM,Todd Radford,175,79,96
Travis,442,Sheriff,,DEM,Todd Radford,46,19,27
Travis,443,Sheriff,,DEM,Todd Radford,71,33,38
Travis,444,Sheriff,,DEM,Todd Radford,2,1,1
Travis,446,Sheriff,,DEM,Todd Radford,59,22,37
Travis,447,Sheriff,,DEM,Todd Radford,137,49,88
Travis,448,Sheriff,,DEM,Todd Radford,45,24,21
Travis,450,Sheriff,,DEM,Todd Radford,99,44,55
Travis,451,Sheriff,,DEM,Todd Radford,98,43,55
Travis,452,Sheriff,,DEM,Todd Radford,53,25,28
Travis,454,Sheriff,,DEM,Todd Radford,134,70,64
Travis,458,Sheriff,,DEM,Todd Radford,154,79,75
Travis,460,Sheriff,,DEM,Todd Radford,193,95,98
Travis,461,Sheriff,,DEM,Todd Radford,229,117,112
Travis,463,Sheriff,,DEM,Todd Radford,105,43,62
Travis,250,U.S. House,21,DEM,Tom Wakely,735,312,423
Travis,277,U.S. House,21,DEM,Tom Wakely,368,197,171
Travis,301,U.S. House,21,DEM,Tom Wakely,141,63,78
Travis,309,U.S. House,21,DEM,Tom Wakely,272,135,137
Travis,310,U.S. House,21,DEM,Tom Wakely,443,213,230
Travis,311,U.S. House,21,DEM,Tom Wakely,434,254,180
Travis,314,U.S. House,21,DEM,Tom Wakely,239,123,116
Travis,315,U.S. House,21,DEM,Tom Wakely,413,191,222
Travis,329,U.S. House,21,DEM,Tom Wakely,245,116,129
Travis,330,U.S. House,21,DEM,Tom Wakely,203,89,114
Travis,332,U.S. House,21,DEM,Tom Wakely,535,184,351
Travis,339,U.S. House,21,DEM,Tom Wakely,219,118,101
Travis,340,U.S. House,21,DEM,Tom Wakely,341,131,210
Travis,341,U.S. House,21,DEM,Tom Wakely,3,0,3
Travis,342,U.S. House,21,DEM,Tom Wakely,827,375,452
Travis,344,U.S. House,21,DEM,Tom Wakely,273,125,148
Travis,349,U.S. House,21,DEM,Tom Wakely,575,264,311
Travis,350,U.S. House,21,DEM,Tom Wakely,483,233,250
Travis,351,U.S. House,21,DEM,Tom Wakely,168,81,87
Travis,352,U.S. House,21,DEM,Tom Wakely,445,249,196
Travis,354,U.S. House,21,DEM,Tom Wakely,483,282,201
Travis,356,U.S. House,21,DEM,Tom Wakely,172,87,85
Travis,357,U.S. House,21,DEM,Tom Wakely,58,29,29
Travis,363,U.S. House,21,DEM,Tom Wakely,164,83,81
Travis,365,U.S. House,21,DEM,Tom Wakely,196,91,105
Travis,368,U.S. House,21,DEM,Tom Wakely,15,9,6
Travis,406,U.S. House,21,DEM,Tom Wakely,273,162,111
Travis,408,U.S. House,21,DEM,Tom Wakely,316,124,192
Travis,409,U.S. House,21,DEM,Tom Wakely,304,135,169
Travis,412,U.S. House,21,DEM,Tom Wakely,16,9,7
Travis,416,U.S. House,21,DEM,Tom Wakely,13,5,8
Travis,418,U.S. House,21,DEM,Tom Wakely,0,0,0
Travis,419,U.S. House,21,DEM,Tom Wakely,63,41,22
Travis,420,U.S. House,21,DEM,Tom Wakely,323,153,170
Travis,421,U.S. House,21,DEM,Tom Wakely,368,164,204
Travis,422,U.S. House,21,DEM,Tom Wakely,384,186,198
Travis,424,U.S. House,21,DEM,Tom Wakely,383,161,222
Travis,428,U.S. House,21,DEM,Tom Wakely,131,59,72
Travis,430,U.S. House,21,DEM,Tom Wakely,176,68,108
Travis,431,U.S. House,21,DEM,Tom Wakely,606,259,347
Travis,433,U.S. House,21,DEM,Tom Wakely,307,133,174
Travis,435,U.S. House,21,DEM,Tom Wakely,593,278,315
Travis,437,U.S. House,21,DEM,Tom Wakely,359,141,218
Travis,446,U.S. House,21,DEM,Tom Wakely,159,67,92
Travis,454,U.S. House,21,DEM,Tom Wakely,313,171,142
Travis,458,U.S. House,21,DEM,Tom Wakely,411,222,189
Travis,460,U.S. House,21,DEM,Tom Wakely,530,268,262
Travis,461,U.S. House,21,DEM,Tom Wakely,521,237,284
Travis,101,County Chairman,,DEM,Vincent Harding,769,271,498
Travis,102,County Chairman,,DEM,Vincent Harding,170,59,111
Travis,103,County Chairman,,DEM,Vincent Harding,257,102,155
Travis,104,County Chairman,,DEM,Vincent Harding,201,90,111
Travis,105,County Chairman,,DEM,Vincent Harding,856,383,473
Travis,106,County Chairman,,DEM,Vincent Harding,308,132,176
Travis,107,County Chairman,,DEM,Vincent Harding,33,12,21
Travis,108,County Chairman,,DEM,Vincent Harding,286,91,195
Travis,109,County Chairman,,DEM,Vincent Harding,325,108,217
Travis,110,County Chairman,,DEM,Vincent Harding,623,230,393
Travis,111,County Chairman,,DEM,Vincent Harding,584,223,361
Travis,112,County Chairman,,DEM,Vincent Harding,191,69,122
Travis,113,County Chairman,,DEM,Vincent Harding,801,284,517
Travis,114,County Chairman,,DEM,Vincent Harding,46,18,28
Travis,115,County Chairman,,DEM,Vincent Harding,1,0,1
Travis,116,County Chairman,,DEM,Vincent Harding,1,0,1
Travis,117,County Chairman,,DEM,Vincent Harding,458,202,256
Travis,118,County Chairman,,DEM,Vincent Harding,86,42,44
Travis,119,County Chairman,,DEM,Vincent Harding,0,0,0
Travis,120,County Chairman,,DEM,Vincent Harding,25,16,9
Travis,121,County Chairman,,DEM,Vincent Harding,149,71,78
Travis,122,County Chairman,,DEM,Vincent Harding,627,324,303
Travis,123,County Chairman,,DEM,Vincent Harding,471,171,300
Travis,124,County Chairman,,DEM,Vincent Harding,1032,496,536
Travis,125,County Chairman,,DEM,Vincent Harding,0,0,0
Travis,126,County Chairman,,DEM,Vincent Harding,1154,525,629
Travis,127,County Chairman,,DEM,Vincent Harding,0,0,0
Travis,128,County Chairman,,DEM,Vincent Harding,0,0,0
Travis,129,County Chairman,,DEM,Vincent Harding,545,273,272
Travis,130,County Chairman,,DEM,Vincent Harding,495,192,303
Travis,131,County Chairman,,DEM,Vincent Harding,0,0,0
Travis,132,County Chairman,,DEM,Vincent Harding,605,272,333
Travis,133,County Chairman,,DEM,Vincent Harding,571,215,356
Travis,134,County Chairman,,DEM,Vincent Harding,0,0,0
Travis,135,County Chairman,,DEM,Vincent Harding,1581,684,897
Travis,136,County Chairman,,DEM,Vincent Harding,381,164,217
Travis,137,County Chairman,,DEM,Vincent Harding,843,309,534
Travis,138,County Chairman,,DEM,Vincent Harding,0,0,0
Travis,139,County Chairman,,DEM,Vincent Harding,568,254,314
Travis,140,County Chairman,,DEM,Vincent Harding,298,124,174
Travis,141,County Chairman,,DEM,Vincent Harding,64,21,43
Travis,142,County Chairman,,DEM,Vincent Harding,202,94,108
Travis,145,County Chairman,,DEM,Vincent Harding,365,132,233
Travis,146,County Chairman,,DEM,Vincent Harding,376,184,192
Travis,148,County Chairman,,DEM,Vincent Harding,468,189,279
Travis,149,County Chairman,,DEM,Vincent Harding,390,154,236
Travis,150,County Chairman,,DEM,Vincent Harding,232,97,135
Travis,151,County Chairman,,DEM,Vincent Harding,558,233,325
Travis,152,County Chairman,,DEM,Vincent Harding,1079,477,602
Travis,153,County Chairman,,DEM,Vincent Harding,760,280,480
Travis,154,County Chairman,,DEM,Vincent Harding,446,138,308
Travis,156,County Chairman,,DEM,Vincent Harding,1001,453,548
Travis,160,County Chairman,,DEM,Vincent Harding,247,91,156
Travis,161,County Chairman,,DEM,Vincent Harding,181,71,110
Travis,163,County Chairman,,DEM,Vincent Harding,19,8,11
Travis,164,County Chairman,,DEM,Vincent Harding,262,92,170
Travis,200,County Chairman,,DEM,Vincent Harding,1194,548,646
Travis,202,County Chairman,,DEM,Vincent Harding,859,389,470
Travis,203,County Chairman,,DEM,Vincent Harding,96,31,65
Travis,205,County Chairman,,DEM,Vincent Harding,397,149,248
Travis,206,County Chairman,,DEM,Vincent Harding,259,128,131
Travis,207,County Chairman,,DEM,Vincent Harding,668,265,403
Travis,208,County Chairman,,DEM,Vincent Harding,1427,788,639
Travis,209,County Chairman,,DEM,Vincent Harding,167,77,90
Travis,210,County Chairman,,DEM,Vincent Harding,290,150,140
Travis,211,County Chairman,,DEM,Vincent Harding,331,125,206
Travis,212,County Chairman,,DEM,Vincent Harding,353,182,171
Travis,213,County Chairman,,DEM,Vincent Harding,0,0,0
Travis,214,County Chairman,,DEM,Vincent Harding,485,210,275
Travis,215,County Chairman,,DEM,Vincent Harding,324,114,210
Travis,216,County Chairman,,DEM,Vincent Harding,246,77,169
Travis,217,County Chairman,,DEM,Vincent Harding,354,142,212
Travis,218,County Chairman,,DEM,Vincent Harding,734,295,439
Travis,219,County Chairman,,DEM,Vincent Harding,404,148,256
Travis,220,County Chairman,,DEM,Vincent Harding,323,153,170
Travis,221,County Chairman,,DEM,Vincent Harding,94,42,52
Travis,222,County Chairman,,DEM,Vincent Harding,469,177,292
Travis,223,County Chairman,,DEM,Vincent Harding,105,40,65
Travis,224,County Chairman,,DEM,Vincent Harding,17,8,9
Travis,225,County Chairman,,DEM,Vincent Harding,469,163,306
Travis,226,County Chairman,,DEM,Vincent Harding,280,97,183
Travis,227,County Chairman,,DEM,Vincent Harding,75,30,45
Travis,228,County Chairman,,DEM,Vincent Harding,301,155,146
Travis,229,County Chairman,,DEM,Vincent Harding,377,144,233
Travis,231,County Chairman,,DEM,Vincent Harding,534,238,296
Travis,232,County Chairman,,DEM,Vincent Harding,490,236,254
Travis,233,County Chairman,,DEM,Vincent Harding,383,143,240
Travis,234,County Chairman,,DEM,Vincent Harding,213,92,121
Travis,235,County Chairman,,DEM,Vincent Harding,693,275,418
Travis,236,County Chairman,,DEM,Vincent Harding,836,291,545
Travis,237,County Chairman,,DEM,Vincent Harding,382,164,218
Travis,238,County Chairman,,DEM,Vincent Harding,602,257,345
Travis,239,County Chairman,,DEM,Vincent Harding,631,264,367
Travis,240,County Chairman,,DEM,Vincent Harding,255,80,175
Travis,241,County Chairman,,DEM,Vincent Harding,428,156,272
Travis,242,County Chairman,,DEM,Vincent Harding,1295,570,725
Travis,243,County Chairman,,DEM,Vincent Harding,450,225,225
Travis,244,County Chairman,,DEM,Vincent Harding,363,185,178
Travis,245,County Chairman,,DEM,Vincent Harding,141,51,90
Travis,246,County Chairman,,DEM,Vincent Harding,344,136,208
Travis,247,County Chairman,,DEM,Vincent Harding,139,56,83
Travis,248,County Chairman,,DEM,Vincent Harding,531,234,297
Travis,249,County Chairman,,DEM,Vincent Harding,542,233,309
Travis,250,County Chairman,,DEM,Vincent Harding,994,429,565
Travis,251,County Chairman,,DEM,Vincent Harding,589,272,317
Travis,252,County Chairman,,DEM,Vincent Harding,567,274,293
Travis,253,County Chairman,,DEM,Vincent Harding,468,229,239
Travis,254,County Chairman,,DEM,Vincent Harding,499,225,274
Travis,256,County Chairman,,DEM,Vincent Harding,290,154,136
Travis,258,County Chairman,,DEM,Vincent Harding,445,204,241
Travis,259,County Chairman,,DEM,Vincent Harding,516,198,318
Travis,260,County Chairman,,DEM,Vincent Harding,150,52,98
Travis,262,County Chairman,,DEM,Vincent Harding,834,402,432
Travis,263,County Chairman,,DEM,Vincent Harding,556,208,348
Travis,266,County Chairman,,DEM,Vincent Harding,77,46,31
Travis,267,County Chairman,,DEM,Vincent Harding,268,145,123
Travis,268,County Chairman,,DEM,Vincent Harding,179,66,113
Travis,273,County Chairman,,DEM,Vincent Harding,700,290,410
Travis,274,County Chairman,,DEM,Vincent Harding,675,303,372
Travis,275,County Chairman,,DEM,Vincent Harding,901,367,534
Travis,277,County Chairman,,DEM,Vincent Harding,853,460,393
Travis,301,County Chairman,,DEM,Vincent Harding,219,90,129
Travis,302,County Chairman,,DEM,Vincent Harding,468,249,219
Travis,303,County Chairman,,DEM,Vincent Harding,395,202,193
Travis,304,County Chairman,,DEM,Vincent Harding,627,275,352
Travis,305,County Chairman,,DEM,Vincent Harding,3,2,1
Travis,306,County Chairman,,DEM,Vincent Harding,253,145,108
Travis,307,County Chairman,,DEM,Vincent Harding,228,108,120
Travis,308,County Chairman,,DEM,Vincent Harding,475,208,267
Travis,309,County Chairman,,DEM,Vincent Harding,392,198,194
Travis,310,County Chairman,,DEM,Vincent Harding,681,322,359
Travis,311,County Chairman,,DEM,Vincent Harding,864,504,360
Travis,312,County Chairman,,DEM,Vincent Harding,218,105,113
Travis,313,County Chairman,,DEM,Vincent Harding,87,34,53
Travis,314,County Chairman,,DEM,Vincent Harding,402,204,198
Travis,315,County Chairman,,DEM,Vincent Harding,599,274,325
Travis,316,County Chairman,,DEM,Vincent Harding,234,100,134
Travis,317,County Chairman,,DEM,Vincent Harding,346,178,168
Travis,318,County Chairman,,DEM,Vincent Harding,88,33,55
Travis,319,County Chairman,,DEM,Vincent Harding,180,93,87
Travis,320,County Chairman,,DEM,Vincent Harding,151,95,56
Travis,321,County Chairman,,DEM,Vincent Harding,116,55,61
Travis,323,County Chairman,,DEM,Vincent Harding,361,162,199
Travis,324,County Chairman,,DEM,Vincent Harding,383,195,188
Travis,325,County Chairman,,DEM,Vincent Harding,12,6,6
Travis,326,County Chairman,,DEM,Vincent Harding,270,114,156
Travis,327,County Chairman,,DEM,Vincent Harding,431,190,241
Travis,328,County Chairman,,DEM,Vincent Harding,684,320,364
Travis,329,County Chairman,,DEM,Vincent Harding,369,194,175
Travis,330,County Chairman,,DEM,Vincent Harding,313,135,178
Travis,331,County Chairman,,DEM,Vincent Harding,433,149,284
Travis,332,County Chairman,,DEM,Vincent Harding,739,272,467
Travis,333,County Chairman,,DEM,Vincent Harding,361,93,268
Travis,334,County Chairman,,DEM,Vincent Harding,280,116,164
Travis,335,County Chairman,,DEM,Vincent Harding,320,141,179
Travis,336,County Chairman,,DEM,Vincent Harding,294,116,178
Travis,337,County Chairman,,DEM,Vincent Harding,519,198,321
Travis,338,County Chairman,,DEM,Vincent Harding,718,282,436
Travis,339,County Chairman,,DEM,Vincent Harding,292,142,150
Travis,340,County Chairman,,DEM,Vincent Harding,492,194,298
Travis,341,County Chairman,,DEM,Vincent Harding,5,0,5
Travis,342,County Chairman,,DEM,Vincent Harding,1133,490,643
Travis,343,County Chairman,,DEM,Vincent Harding,224,78,146
Travis,344,County Chairman,,DEM,Vincent Harding,369,165,204
Travis,345,County Chairman,,DEM,Vincent Harding,1,1,0
Travis,346,County Chairman,,DEM,Vincent Harding,224,138,86
Travis,347,County Chairman,,DEM,Vincent Harding,366,189,177
Travis,349,County Chairman,,DEM,Vincent Harding,720,311,409
Travis,350,County Chairman,,DEM,Vincent Harding,746,350,396
Travis,351,County Chairman,,DEM,Vincent Harding,256,122,134
Travis,352,County Chairman,,DEM,Vincent Harding,650,340,310
Travis,354,County Chairman,,DEM,Vincent Harding,696,407,289
Travis,356,County Chairman,,DEM,Vincent Harding,255,120,135
Travis,357,County Chairman,,DEM,Vincent Harding,81,31,50
Travis,358,County Chairman,,DEM,Vincent Harding,962,454,508
Travis,359,County Chairman,,DEM,Vincent Harding,466,212,254
Travis,360,County Chairman,,DEM,Vincent Harding,684,294,390
Travis,361,County Chairman,,DEM,Vincent Harding,195,87,108
Travis,362,County Chairman,,DEM,Vincent Harding,605,313,292
Travis,363,County Chairman,,DEM,Vincent Harding,266,131,135
Travis,364,County Chairman,,DEM,Vincent Harding,521,305,216
Travis,365,County Chairman,,DEM,Vincent Harding,283,112,171
Travis,366,County Chairman,,DEM,Vincent Harding,830,388,442
Travis,367,County Chairman,,DEM,Vincent Harding,775,350,425
Travis,368,County Chairman,,DEM,Vincent Harding,20,12,8
Travis,369,County Chairman,,DEM,Vincent Harding,166,52,114
Travis,370,County Chairman,,DEM,Vincent Harding,127,18,109
Travis,371,County Chairman,,DEM,Vincent Harding,211,85,126
Travis,372,County Chairman,,DEM,Vincent Harding,151,50,101
Travis,373,County Chairman,,DEM,Vincent Harding,336,132,204
Travis,374,County Chairman,,DEM,Vincent Harding,404,142,262
Travis,375,County Chairman,,DEM,Vincent Harding,78,28,50
Travis,401,County Chairman,,DEM,Vincent Harding,306,144,162
Travis,402,County Chairman,,DEM,Vincent Harding,408,177,231
Travis,403,County Chairman,,DEM,Vincent Harding,159,55,104
Travis,404,County Chairman,,DEM,Vincent Harding,396,151,245
Travis,405,County Chairman,,DEM,Vincent Harding,80,30,50
Travis,406,County Chairman,,DEM,Vincent Harding,386,223,163
Travis,407,County Chairman,,DEM,Vincent Harding,286,126,160
Travis,408,County Chairman,,DEM,Vincent Harding,512,198,314
Travis,409,County Chairman,,DEM,Vincent Harding,500,217,283
Travis,410,County Chairman,,DEM,Vincent Harding,548,267,281
Travis,411,County Chairman,,DEM,Vincent Harding,291,128,163
Travis,412,County Chairman,,DEM,Vincent Harding,25,15,10
Travis,413,County Chairman,,DEM,Vincent Harding,164,69,95
Travis,414,County Chairman,,DEM,Vincent Harding,596,263,333
Travis,415,County Chairman,,DEM,Vincent Harding,226,80,146
Travis,416,County Chairman,,DEM,Vincent Harding,22,10,12
Travis,417,County Chairman,,DEM,Vincent Harding,261,131,130
Travis,418,County Chairman,,DEM,Vincent Harding,0,0,0
Travis,419,County Chairman,,DEM,Vincent Harding,80,49,31
Travis,420,County Chairman,,DEM,Vincent Harding,513,218,295
Travis,421,County Chairman,,DEM,Vincent Harding,554,223,331
Travis,422,County Chairman,,DEM,Vincent Harding,542,237,305
Travis,423,County Chairman,,DEM,Vincent Harding,557,225,332
Travis,424,County Chairman,,DEM,Vincent Harding,522,212,310
Travis,425,County Chairman,,DEM,Vincent Harding,175,77,98
Travis,426,County Chairman,,DEM,Vincent Harding,576,257,319
Travis,427,County Chairman,,DEM,Vincent Harding,429,208,221
Travis,428,County Chairman,,DEM,Vincent Harding,206,96,110
Travis,429,County Chairman,,DEM,Vincent Harding,1128,503,625
Travis,430,County Chairman,,DEM,Vincent Harding,283,113,170
Travis,431,County Chairman,,DEM,Vincent Harding,1041,422,619
Travis,432,County Chairman,,DEM,Vincent Harding,2,2,0
Travis,433,County Chairman,,DEM,Vincent Harding,579,279,300
Travis,434,County Chairman,,DEM,Vincent Harding,2,1,1
Travis,435,County Chairman,,DEM,Vincent Harding,970,431,539
Travis,436,County Chairman,,DEM,Vincent Harding,62,25,37
Travis,437,County Chairman,,DEM,Vincent Harding,515,198,317
Travis,438,County Chairman,,DEM,Vincent Harding,314,143,171
Travis,439,County Chairman,,DEM,Vincent Harding,591,247,344
Travis,440,County Chairman,,DEM,Vincent Harding,202,98,104
Travis,441,County Chairman,,DEM,Vincent Harding,775,377,398
Travis,442,County Chairman,,DEM,Vincent Harding,291,116,175
Travis,443,County Chairman,,DEM,Vincent Harding,451,203,248
Travis,444,County Chairman,,DEM,Vincent Harding,25,12,13
Travis,446,County Chairman,,DEM,Vincent Harding,253,105,148
Travis,447,County Chairman,,DEM,Vincent Harding,717,296,421
Travis,448,County Chairman,,DEM,Vincent Harding,385,163,222
Travis,450,County Chairman,,DEM,Vincent Harding,615,258,357
Travis,451,County Chairman,,DEM,Vincent Harding,610,255,355
Travis,452,County Chairman,,DEM,Vincent Harding,300,125,175
Travis,454,County Chairman,,DEM,Vincent Harding,442,228,214
Travis,458,County Chairman,,DEM,Vincent Harding,654,341,313
Travis,460,County Chairman,,DEM,Vincent Harding,763,374,389
Travis,461,County Chairman,,DEM,Vincent Harding,826,360,466
Travis,463,County Chairman,,DEM,Vincent Harding,642,264,378
Travis,306,State Senator,24,DEM,"Virginia ""Jennie Lou"" Leeder",273,152,121
Travis,308,State Senator,24,DEM,"Virginia ""Jennie Lou"" Leeder",489,212,277
Travis,312,State Senator,24,DEM,"Virginia ""Jennie Lou"" Leeder",231,111,120
Travis,314,State Senator,24,DEM,"Virginia ""Jennie Lou"" Leeder",416,211,205
Travis,316,State Senator,24,DEM,"Virginia ""Jennie Lou"" Leeder",244,103,141
Travis,319,State Senator,24,DEM,"Virginia ""Jennie Lou"" Leeder",191,100,91
Travis,320,State Senator,24,DEM,"Virginia ""Jennie Lou"" Leeder",156,99,57
Travis,324,State Senator,24,DEM,"Virginia ""Jennie Lou"" Leeder",396,201,195
Travis,346,State Senator,24,DEM,"Virginia ""Jennie Lou"" Leeder",233,142,91
Travis,359,State Senator,24,DEM,"Virginia ""Jennie Lou"" Leeder",489,227,262
Travis,361,State Senator,24,DEM,"Virginia ""Jennie Lou"" Leeder",203,92,111
Travis,365,State Senator,24,DEM,"Virginia ""Jennie Lou"" Leeder",291,118,173
Travis,368,State Senator,24,DEM,"Virginia ""Jennie Lou"" Leeder",23,13,10
Travis,102,U.S. House,17,DEM,William Matta,182,58,124
Travis,107,U.S. House,17,DEM,William Matta,34,12,22
Travis,109,U.S. House,17,DEM,William Matta,366,124,242
Travis,110,U.S. House,17,DEM,William Matta,706,257,449
Travis,111,U.S. House,17,DEM,William Matta,682,257,425
Travis,112,U.S. House,17,DEM,William Matta,209,72,137
Travis,113,U.S. House,17,DEM,William Matta,859,301,558
Travis,137,U.S. House,17,DEM,William Matta,929,327,602
Travis,145,U.S. House,17,DEM,William Matta,399,144,255
Travis,148,U.S. House,17,DEM,William Matta,510,201,309
Travis,160,U.S. House,17,DEM,William Matta,281,102,179
Travis,161,U.S. House,17,DEM,William Matta,199,79,120
Travis,163,U.S. House,17,DEM,William Matta,25,10,15
Travis,205,U.S. House,17,DEM,William Matta,417,160,257
Travis,207,U.S. House,17,DEM,William Matta,734,292,442
Travis,215,U.S. House,17,DEM,William Matta,344,123,221
Travis,216,U.S. House,17,DEM,William Matta,274,89,185
Travis,219,U.S. House,17,DEM,William Matta,410,146,264
Travis,225,U.S. House,17,DEM,William Matta,522,173,349
Travis,226,U.S. House,17,DEM,William Matta,301,107,194
Travis,229,U.S. House,17,DEM,William Matta,410,147,263
Travis,254,U.S. House,17,DEM,William Matta,551,239,312
Travis,259,U.S. House,17,DEM,William Matta,561,212,349
Travis,263,U.S. House,17,DEM,William Matta,618,222,396
Travis,267,U.S. House,17,DEM,William Matta,284,148,136
Travis,305,U.S. House,17,DEM,William Matta,3,2,1
Travis,328,U.S. House,17,DEM,William Matta,757,349,408
Travis,345,U.S. House,17,DEM,William Matta,1,1,0
Travis,101,President,,DEM,Willie L. Wilson,2,1,1
Travis,102,President,,DEM,Willie L. Wilson,0,0,0
Travis,103,President,,DEM,Willie L. Wilson,0,0,0
Travis,104,President,,DEM,Willie L. Wilson,0,0,0
Travis,105,President,,DEM,Willie L. Wilson,1,1,0
Travis,106,President,,DEM,Willie L. Wilson,1,1,0
Travis,107,President,,DEM,Willie L. Wilson,0,0,0
Travis,108,President,,DEM,Willie L. Wilson,1,1,0
Travis,109,President,,DEM,Willie L. Wilson,0,0,0
Travis,110,President,,DEM,Willie L. Wilson,0,0,0
Travis,111,President,,DEM,Willie L. Wilson,1,0,1
Travis,112,President,,DEM,Willie L. Wilson,0,0,0
Travis,113,President,,DEM,Willie L. Wilson,0,0,0
Travis,114,President,,DEM,Willie L. Wilson,0,0,0
Travis,115,President,,DEM,Willie L. Wilson,0,0,0
Travis,116,President,,DEM,Willie L. Wilson,0,0,0
Travis,117,President,,DEM,Willie L. Wilson,0,0,0
Travis,118,President,,DEM,Willie L. Wilson,0,0,0
Travis,119,President,,DEM,Willie L. Wilson,0,0,0
Travis,120,President,,DEM,Willie L. Wilson,0,0,0
Travis,121,President,,DEM,Willie L. Wilson,0,0,0
Travis,122,President,,DEM,Willie L. Wilson,3,1,2
Travis,123,President,,DEM,Willie L. Wilson,1,0,1
Travis,124,President,,DEM,Willie L. Wilson,3,2,1
Travis,125,President,,DEM,Willie L. Wilson,0,0,0
Travis,126,President,,DEM,Willie L. Wilson,5,5,0
Travis,127,President,,DEM,Willie L. Wilson,0,0,0
Travis,128,President,,DEM,Willie L. Wilson,0,0,0
Travis,129,President,,DEM,Willie L. Wilson,2,1,1
Travis,130,President,,DEM,Willie L. Wilson,0,0,0
Travis,131,President,,DEM,Willie L. Wilson,0,0,0
Travis,132,President,,DEM,Willie L. Wilson,2,0,2
Travis,133,President,,DEM,Willie L. Wilson,0,0,0
Travis,134,President,,DEM,Willie L. Wilson,0,0,0
Travis,135,President,,DEM,Willie L. Wilson,1,1,0
Travis,136,President,,DEM,Willie L. Wilson,1,1,0
Travis,137,President,,DEM,Willie L. Wilson,2,2,0
Travis,138,President,,DEM,Willie L. Wilson,0,0,0
Travis,139,President,,DEM,Willie L. Wilson,0,0,0
Travis,140,President,,DEM,Willie L. Wilson,1,1,0
Travis,141,President,,DEM,Willie L. Wilson,0,0,0
Travis,142,President,,DEM,Willie L. Wilson,0,0,0
Travis,145,President,,DEM,Willie L. Wilson,1,0,1
Travis,146,President,,DEM,Willie L. Wilson,0,0,0
Travis,148,President,,DEM,Willie L. Wilson,4,3,1
Travis,149,President,,DEM,Willie L. Wilson,0,0,0
Travis,150,President,,DEM,Willie L. Wilson,0,0,0
Travis,151,President,,DEM,Willie L. Wilson,1,1,0
Travis,152,President,,DEM,Willie L. Wilson,1,1,0
Travis,153,President,,DEM,Willie L. Wilson,2,0,2
Travis,154,President,,DEM,Willie L. Wilson,1,0,1
Travis,156,President,,DEM,Willie L. Wilson,0,0,0
Travis,160,President,,DEM,Willie L. Wilson,0,0,0
Travis,161,President,,DEM,Willie L. Wilson,0,0,0
Travis,163,President,,DEM,Willie L. Wilson,0,0,0
Travis,164,President,,DEM,Willie L. Wilson,1,0,1
Travis,200,President,,DEM,Willie L. Wilson,0,0,0
Travis,202,President,,DEM,Willie L. Wilson,0,0,0
Travis,203,President,,DEM,Willie L. Wilson,1,0,1
Travis,205,President,,DEM,Willie L. Wilson,0,0,0
Travis,206,President,,DEM,Willie L. Wilson,0,0,0
Travis,207,President,,DEM,Willie L. Wilson,1,0,1
Travis,208,President,,DEM,Willie L. Wilson,0,0,0
Travis,209,President,,DEM,Willie L. Wilson,1,1,0
Travis,210,President,,DEM,Willie L. Wilson,0,0,0
Travis,211,President,,DEM,Willie L. Wilson,0,0,0
Travis,212,President,,DEM,Willie L. Wilson,1,1,0
Travis,213,President,,DEM,Willie L. Wilson,0,0,0
Travis,214,President,,DEM,Willie L. Wilson,0,0,0
Travis,215,President,,DEM,Willie L. Wilson,1,0,1
Travis,216,President,,DEM,Willie L. Wilson,0,0,0
Travis,217,President,,DEM,Willie L. Wilson,0,0,0
Travis,218,President,,DEM,Willie L. Wilson,0,0,0
Travis,219,President,,DEM,Willie L. Wilson,1,0,1
Travis,220,President,,DEM,Willie L. Wilson,1,0,1
Travis,221,President,,DEM,Willie L. Wilson,0,0,0
Travis,222,President,,DEM,Willie L. Wilson,1,1,0
Travis,223,President,,DEM,Willie L. Wilson,0,0,0
Travis,224,President,,DEM,Willie L. Wilson,0,0,0
Travis,225,President,,DEM,Willie L. Wilson,0,0,0
Travis,226,President,,DEM,Willie L. Wilson,1,0,1
Travis,227,President,,DEM,Willie L. Wilson,0,0,0
Travis,228,President,,DEM,Willie L. Wilson,0,0,0
Travis,229,President,,DEM,Willie L. Wilson,0,0,0
Travis,231,President,,DEM,Willie L. Wilson,0,0,0
Travis,232,President,,DEM,Willie L. Wilson,2,1,1
Travis,233,President,,DEM,Willie L. Wilson,1,1,0
Travis,234,President,,DEM,Willie L. Wilson,0,0,0
Travis,235,President,,DEM,Willie L. Wilson,1,1,0
Travis,236,President,,DEM,Willie L. Wilson,0,0,0
Travis,237,President,,DEM,Willie L. Wilson,0,0,0
Travis,238,President,,DEM,Willie L. Wilson,0,0,0
Travis,239,President,,DEM,Willie L. Wilson,0,0,0
Travis,240,President,,DEM,Willie L. Wilson,0,0,0
Travis,241,President,,DEM,Willie L. Wilson,0,0,0
Travis,242,President,,DEM,Willie L. Wilson,1,0,1
Travis,243,President,,DEM,Willie L. Wilson,0,0,0
Travis,244,President,,DEM,Willie L. Wilson,1,0,1
Travis,245,President,,DEM,Willie L. Wilson,0,0,0
Travis,246,President,,DEM,Willie L. Wilson,0,0,0
Travis,247,President,,DEM,Willie L. Wilson,1,0,1
Travis,248,President,,DEM,Willie L. Wilson,1,0,1
Travis,249,President,,DEM,Willie L. Wilson,0,0,0
Travis,250,President,,DEM,Willie L. Wilson,0,0,0
Travis,251,President,,DEM,Willie L. Wilson,0,0,0
Travis,252,President,,DEM,Willie L. Wilson,0,0,0
Travis,253,President,,DEM,Willie L. Wilson,0,0,0
Travis,254,President,,DEM,Willie L. Wilson,0,0,0
Travis,256,President,,DEM,Willie L. Wilson,0,0,0
Travis,258,President,,DEM,Willie L. Wilson,0,0,0
Travis,259,President,,DEM,Willie L. Wilson,3,0,3
Travis,260,President,,DEM,Willie L. Wilson,0,0,0
Travis,262,President,,DEM,Willie L. Wilson,0,0,0
Travis,263,President,,DEM,Willie L. Wilson,0,0,0
Travis,266,President,,DEM,Willie L. Wilson,0,0,0
Travis,267,President,,DEM,Willie L. Wilson,0,0,0
Travis,268,President,,DEM,Willie L. Wilson,0,0,0
Travis,273,President,,DEM,Willie L. Wilson,0,0,0
Travis,274,President,,DEM,Willie L. Wilson,0,0,0
Travis,275,President,,DEM,Willie L. Wilson,0,0,0
Travis,277,President,,DEM,Willie L. Wilson,1,0,1
Travis,301,President,,DEM,Willie L. Wilson,0,0,0
Travis,302,President,,DEM,Willie L. Wilson,0,0,0
Travis,303,President,,DEM,Willie L. Wilson,1,0,1
Travis,304,President,,DEM,Willie L. Wilson,1,0,1
Travis,305,President,,DEM,Willie L. Wilson,0,0,0
Travis,306,President,,DEM,Willie L. Wilson,0,0,0
Travis,307,President,,DEM,Willie L. Wilson,0,0,0
Travis,308,President,,DEM,Willie L. Wilson,0,0,0
Travis,309,President,,DEM,Willie L. Wilson,0,0,0
Travis,310,President,,DEM,Willie L. Wilson,1,0,1
Travis,311,President,,DEM,Willie L. Wilson,0,0,0
Travis,312,President,,DEM,Willie L. Wilson,0,0,0
Travis,313,President,,DEM,Willie L. Wilson,0,0,0
Travis,314,President,,DEM,Willie L. Wilson,0,0,0
Travis,315,President,,DEM,Willie L. Wilson,1,0,1
Travis,316,President,,DEM,Willie L. Wilson,1,0,1
Travis,317,President,,DEM,Willie L. Wilson,0,0,0
Travis,318,President,,DEM,Willie L. Wilson,0,0,0
Travis,319,President,,DEM,Willie L. Wilson,1,0,1
Travis,320,President,,DEM,Willie L. Wilson,0,0,0
Travis,321,President,,DEM,Willie L. Wilson,0,0,0
Travis,323,President,,DEM,Willie L. Wilson,1,0,1
Travis,324,President,,DEM,Willie L. Wilson,0,0,0
Travis,325,President,,DEM,Willie L. Wilson,0,0,0
Travis,326,President,,DEM,Willie L. Wilson,1,1,0
Travis,327,President,,DEM,Willie L. Wilson,0,0,0
Travis,328,President,,DEM,Willie L. Wilson,0,0,0
Travis,329,President,,DEM,Willie L. Wilson,1,1,0
Travis,330,President,,DEM,Willie L. Wilson,0,0,0
Travis,331,President,,DEM,Willie L. Wilson,0,0,0
Travis,332,President,,DEM,Willie L. Wilson,0,0,0
Travis,333,President,,DEM,Willie L. Wilson,1,0,1
Travis,334,President,,DEM,Willie L. Wilson,0,0,0
Travis,335,President,,DEM,Willie L. Wilson,0,0,0
Travis,336,President,,DEM,Willie L. Wilson,0,0,0
Travis,337,President,,DEM,Willie L. Wilson,1,1,0
Travis,338,President,,DEM,Willie L. Wilson,0,0,0
Travis,339,President,,DEM,Willie L. Wilson,0,0,0
Travis,340,President,,DEM,Willie L. Wilson,0,0,0
Travis,341,President,,DEM,Willie L. Wilson,0,0,0
Travis,342,President,,DEM,Willie L. Wilson,1,0,1
Travis,343,President,,DEM,Willie L. Wilson,0,0,0
Travis,344,President,,DEM,Willie L. Wilson,0,0,0
Travis,345,President,,DEM,Willie L. Wilson,0,0,0
Travis,346,President,,DEM,Willie L. Wilson,0,0,0
Travis,347,President,,DEM,Willie L. Wilson,1,1,0
Travis,349,President,,DEM,Willie L. Wilson,0,0,0
Travis,350,President,,DEM,Willie L. Wilson,0,0,0
Travis,351,President,,DEM,Willie L. Wilson,0,0,0
Travis,352,President,,DEM,Willie L. Wilson,1,1,0
Travis,354,President,,DEM,Willie L. Wilson,0,0,0
Travis,356,President,,DEM,Willie L. Wilson,0,0,0
Travis,357,President,,DEM,Willie L. Wilson,0,0,0
Travis,358,President,,DEM,Willie L. Wilson,0,0,0
Travis,359,President,,DEM,Willie L. Wilson,1,0,1
Travis,360,President,,DEM,Willie L. Wilson,0,0,0
Travis,361,President,,DEM,Willie L. Wilson,0,0,0
Travis,362,President,,DEM,Willie L. Wilson,0,0,0
Travis,363,President,,DEM,Willie L. Wilson,0,0,0
Travis,364,President,,DEM,Willie L. Wilson,1,1,0
Travis,365,President,,DEM,Willie L. Wilson,1,1,0
Travis,366,President,,DEM,Willie L. Wilson,0,0,0
Travis,367,President,,DEM,Willie L. Wilson,1,1,0
Travis,368,President,,DEM,Willie L. Wilson,0,0,0
Travis,369,President,,DEM,Willie L. Wilson,0,0,0
Travis,370,President,,DEM,Willie L. Wilson,0,0,0
Travis,371,President,,DEM,Willie L. Wilson,1,1,0
Travis,372,President,,DEM,Willie L. Wilson,0,0,0
Travis,373,President,,DEM,Willie L. Wilson,0,0,0
Travis,374,President,,DEM,Willie L. Wilson,0,0,0
Travis,375,President,,DEM,Willie L. Wilson,0,0,0
Travis,401,President,,DEM,Willie L. Wilson,1,1,0
Travis,402,President,,DEM,Willie L. Wilson,2,0,2
Travis,403,President,,DEM,Willie L. Wilson,1,0,1
Travis,404,President,,DEM,Willie L. Wilson,1,1,0
Travis,405,President,,DEM,Willie L. Wilson,0,0,0
Travis,406,President,,DEM,Willie L. Wilson,0,0,0
Travis,407,President,,DEM,Willie L. Wilson,0,0,0
Travis,408,President,,DEM,Willie L. Wilson,1,0,1
Travis,409,President,,DEM,Willie L. Wilson,2,0,2
Travis,410,President,,DEM,Willie L. Wilson,0,0,0
Travis,411,President,,DEM,Willie L. Wilson,1,1,0
Travis,412,President,,DEM,Willie L. Wilson,0,0,0
Travis,413,President,,DEM,Willie L. Wilson,0,0,0
Travis,414,President,,DEM,Willie L. Wilson,0,0,0
Travis,415,President,,DEM,Willie L. Wilson,0,0,0
Travis,416,President,,DEM,Willie L. Wilson,0,0,0
Travis,417,President,,DEM,Willie L. Wilson,0,0,0
Travis,418,President,,DEM,Willie L. Wilson,0,0,0
Travis,419,President,,DEM,Willie L. Wilson,0,0,0
Travis,420,President,,DEM,Willie L. Wilson,0,0,0
Travis,421,President,,DEM,Willie L. Wilson,0,0,0
Travis,422,President,,DEM,Willie L. Wilson,1,0,1
Travis,423,President,,DEM,Willie L. Wilson,3,1,2
Travis,424,President,,DEM,Willie L. Wilson,0,0,0
Travis,425,President,,DEM,Willie L. Wilson,0,0,0
Travis,426,President,,DEM,Willie L. Wilson,0,0,0
Travis,427,President,,DEM,Willie L. Wilson,2,2,0
Travis,428,President,,DEM,Willie L. Wilson,1,0,1
Travis,429,President,,DEM,Willie L. Wilson,1,0,1
Travis,430,President,,DEM,Willie L. Wilson,0,0,0
Travis,431,President,,DEM,Willie L. Wilson,2,1,1
Travis,432,President,,DEM,Willie L. Wilson,0,0,0
Travis,433,President,,DEM,Willie L. Wilson,0,0,0
Travis,434,President,,DEM,Willie L. Wilson,0,0,0
Travis,435,President,,DEM,Willie L. Wilson,1,0,1
Travis,436,President,,DEM,Willie L. Wilson,1,1,0
Travis,437,President,,DEM,Willie L. Wilson,0,0,0
Travis,438,President,,DEM,Willie L. Wilson,0,0,0
Travis,439,President,,DEM,Willie L. Wilson,0,0,0
Travis,440,President,,DEM,Willie L. Wilson,1,0,1
Travis,441,President,,DEM,Willie L. Wilson,0,0,0
Travis,442,President,,DEM,Willie L. Wilson,0,0,0
Travis,443,President,,DEM,Willie L. Wilson,0,0,0
Travis,444,President,,DEM,Willie L. Wilson,0,0,0
Travis,446,President,,DEM,Willie L. Wilson,1,1,0
Travis,447,President,,DEM,Willie L. Wilson,0,0,0
Travis,448,President,,DEM,Willie L. Wilson,1,1,0
Travis,450,President,,DEM,Willie L. Wilson,0,0,0
Travis,451,President,,DEM,Willie L. Wilson,0,0,0
Travis,452,President,,DEM,Willie L. Wilson,1,0,1
Travis,454,President,,DEM,Willie L. Wilson,1,0,1
Travis,458,President,,DEM,Willie L. Wilson,0,0,0
Travis,460,President,,DEM,Willie L. Wilson,0,0,0
Travis,461,President,,DEM,Willie L. Wilson,1,1,0
Travis,463,President,,DEM,Willie L. Wilson,0,0,0
Travis,101,Referendum Item #1 - On Economic Security & Prosperity,,DEM,Yes,921,329,592
Travis,101,Referendum Item #2 - On A Fair Criminal Justice System,,DEM,Yes,907,328,579
Travis,101,Referendum Item #3 - On Climate,,DEM,Yes,865,313,552
Travis,101,Referendum Item #4 - On The Voting Rights Act,,DEM,Yes,873,313,560
Travis,101,Referendum Item #5 - On Campus Carry,,DEM,Yes,790,295,495
Travis,101,Referendum Item #6 - On Comprehensive Immigration Reform,,DEM,Yes,868,316,552
Travis,102,Referendum Item #1 - On Economic Security & Prosperity,,DEM,Yes,202,65,137
Travis,102,Referendum Item #2 - On A Fair Criminal Justice System,,DEM,Yes,198,62,136
Travis,102,Referendum Item #3 - On Climate,,DEM,Yes,205,63,142
Travis,102,Referendum Item #4 - On The Voting Rights Act,,DEM,Yes,184,65,119
Travis,102,Referendum Item #5 - On Campus Carry,,DEM,Yes,190,63,127
Travis,102,Referendum Item #6 - On Comprehensive Immigration Reform,,DEM,Yes,197,62,135
Travis,103,Referendum Item #1 - On Economic Security & Prosperity,,DEM,Yes,327,121,206
Travis,103,Referendum Item #2 - On A Fair Criminal Justice System,,DEM,Yes,325,121,204
Travis,103,Referendum Item #3 - On Climate,,DEM,Yes,325,121,204
Travis,103,Referendum Item #4 - On The Voting Rights Act,,DEM,Yes,312,117,195
Travis,103,Referendum Item #5 - On Campus Carry,,DEM,Yes,309,115,194
Travis,103,Referendum Item #6 - On Comprehensive Immigration Reform,,DEM,Yes,319,115,204
Travis,104,Referendum Item #1 - On Economic Security & Prosperity,,DEM,Yes,247,108,139
Travis,104,Referendum Item #2 - On A Fair Criminal Justice System,,DEM,Yes,243,108,135
Travis,104,Referendum Item #3 - On Climate,,DEM,Yes,245,108,137
Travis,104,Referendum Item #4 - On The Voting Rights Act,,DEM,Yes,226,102,124
Travis,104,Referendum Item #5 - On Campus Carry,,DEM,Yes,224,103,121
Travis,104,Referendum Item #6 - On Comprehensive Immigration Reform,,DEM,Yes,235,103,132
Travis,105,Referendum Item #1 - On Economic Security & Prosperity,,DEM,Yes,1021,438,583
Travis,105,Referendum Item #2 - On A Fair Criminal Justice System,,DEM,Yes,1033,447,586
Travis,105,Referendum Item #3 - On Climate,,DEM,Yes,994,435,559
Travis,105,Referendum Item #4 - On The Voting Rights Act,,DEM,Yes,987,422,565
Travis,105,Referendum Item #5 - On Campus Carry,,DEM,Yes,874,383,491
Travis,105,Referendum Item #6 - On Comprehensive Immigration Reform,,DEM,Yes,970,416,554
Travis,106,Referendum Item #1 - On Economic Security & Prosperity,,DEM,Yes,380,165,215
Travis,106,Referendum Item #2 - On A Fair Criminal Justice System,,DEM,Yes,389,162,227
Travis,106,Referendum Item #3 - On Climate,,DEM,Yes,380,161,219
Travis,106,Referendum Item #4 - On The Voting Rights Act,,DEM,Yes,365,156,209
Travis,106,Referendum Item #5 - On Campus Carry,,DEM,Yes,343,148,195
Travis,106,Referendum Item #6 - On Comprehensive Immigration Reform,,DEM,Yes,358,146,212
Travis,107,Referendum Item #1 - On Economic Security & Prosperity,,DEM,Yes,30,10,20
Travis,107,Referendum Item #2 - On A Fair Criminal Justice System,,DEM,Yes,36,12,24
Travis,107,Referendum Item #3 - On Climate,,DEM,Yes,35,12,23
Travis,107,Referendum Item #4 - On The Voting Rights Act,,DEM,Yes,34,13,21
Travis,107,Referendum Item #5 - On Campus Carry,,DEM,Yes,37,13,24
Travis,107,Referendum Item #6 - On Comprehensive Immigration Reform,,DEM,Yes,33,11,22
Travis,108,Referendum Item #1 - On Economic Security & Prosperity,,DEM,Yes,337,108,229
Travis,108,Referendum Item #2 - On A Fair Criminal Justice System,,DEM,Yes,336,107,229
Travis,108,Referendum Item #3 - On Climate,,DEM,Yes,342,107,235
Travis,108,Referendum Item #4 - On The Voting Rights Act,,DEM,Yes,307,96,211
Travis,108,Referendum Item #5 - On Campus Carry,,DEM,Yes,302,99,203
Travis,108,Referendum Item #6 - On Comprehensive Immigration Reform,,DEM,Yes,335,103,232
Travis,109,Referendum Item #1 - On Economic Security & Prosperity,,DEM,Yes,410,144,266
Travis,109,Referendum Item #2 - On A Fair Criminal Justice System,,DEM,Yes,415,144,271
Travis,109,Referendum Item #3 - On Climate,,DEM,Yes,428,146,282
Travis,109,Referendum Item #4 - On The Voting Rights Act,,DEM,Yes,380,137,243
Travis,109,Referendum Item #5 - On Campus Carry,,DEM,Yes,383,131,252
Travis,109,Referendum Item #6 - On Comprehensive Immigration Reform,,DEM,Yes,414,143,271
Travis,110,Referendum Item #1 - On Economic Security & Prosperity,,DEM,Yes,755,273,482
Travis,110,Referendum Item #2 - On A Fair Criminal Justice System,,DEM,Yes,755,281,474
Travis,110,Referendum Item #3 - On Climate,,DEM,Yes,745,275,470
Travis,110,Referendum Item #4 - On The Voting Rights Act,,DEM,Yes,712,259,453
Travis,110,Referendum Item #5 - On Campus Carry,,DEM,Yes,689,255,434
Travis,110,Referendum Item #6 - On Comprehensive Immigration Reform,,DEM,Yes,719,263,456
Travis,111,Referendum Item #1 - On Economic Security & Prosperity,,DEM,Yes,752,280,472
Travis,111,Referendum Item #2 - On A Fair Criminal Justice System,,DEM,Yes,769,284,485
Travis,111,Referendum Item #3 - On Climate,,DEM,Yes,780,286,494
Travis,111,Referendum Item #4 - On The Voting Rights Act,,DEM,Yes,692,255,437
Travis,111,Referendum Item #5 - On Campus Carry,,DEM,Yes,741,281,460
Travis,111,Referendum Item #6 - On Comprehensive Immigration Reform,,DEM,Yes,774,283,491
Travis,112,Referendum Item #1 - On Economic Security & Prosperity,,DEM,Yes,231,82,149
Travis,112,Referendum Item #2 - On A Fair Criminal Justice System,,DEM,Yes,232,80,152
Travis,112,Referendum Item #3 - On Climate,,DEM,Yes,216,78,138
Travis,112,Referendum Item #4 - On The Voting Rights Act,,DEM,Yes,206,73,133
Travis,112,Referendum Item #5 - On Campus Carry,,DEM,Yes,205,76,129
Travis,112,Referendum Item #6 - On Comprehensive Immigration Reform,,DEM,Yes,211,77,134
Travis,113,Referendum Item #1 - On Economic Security & Prosperity,,DEM,Yes,943,320,623
Travis,113,Referendum Item #2 - On A Fair Criminal Justice System,,DEM,Yes,944,318,626
Travis,113,Referendum Item #3 - On Climate,,DEM,Yes,942,316,626
Travis,113,Referendum Item #4 - On The Voting Rights Act,,DEM,Yes,885,305,580
Travis,113,Referendum Item #5 - On Campus Carry,,DEM,Yes,838,292,546
Travis,113,Referendum Item #6 - On Comprehensive Immigration Reform,,DEM,Yes,932,311,621
Travis,114,Referendum Item #1 - On Economic Security & Prosperity,,DEM,Yes,53,21,32
Travis,114,Referendum Item #2 - On A Fair Criminal Justice System,,DEM,Yes,54,21,33
Travis,114,Referendum Item #3 - On Climate,,DEM,Yes,51,21,30
Travis,114,Referendum Item #4 - On The Voting Rights Act,,DEM,Yes,49,23,26
Travis,114,Referendum Item #5 - On Campus Carry,,DEM,Yes,43,17,26
Travis,114,Referendum Item #6 - On Comprehensive Immigration Reform,,DEM,Yes,45,18,27
Travis,115,Referendum Item #1 - On Economic Security & Prosperity,,DEM,Yes,1,0,1
Travis,115,Referendum Item #2 - On A Fair Criminal Justice System,,DEM,Yes,1,0,1
Travis,115,Referendum Item #3 - On Climate,,DEM,Yes,1,0,1
Travis,115,Referendum Item #4 - On The Voting Rights Act,,DEM,Yes,1,0,1
Travis,115,Referendum Item #5 - On Campus Carry,,DEM,Yes,1,0,1
Travis,115,Referendum Item #6 - On Comprehensive Immigration Reform,,DEM,Yes,1,0,1
Travis,116,Referendum Item #1 - On Economic Security & Prosperity,,DEM,Yes,1,0,1
Travis,116,Referendum Item #2 - On A Fair Criminal Justice System,,DEM,Yes,1,0,1
Travis,116,Referendum Item #3 - On Climate,,DEM,Yes,1,0,1
Travis,116,Referendum Item #4 - On The Voting Rights Act,,DEM,Yes,1,0,1
Travis,116,Referendum Item #5 - On Campus Carry,,DEM,Yes,0,0,0
Travis,116,Referendum Item #6 - On Comprehensive Immigration Reform,,DEM,Yes,1,0,1
Travis,117,Referendum Item #1 - On Economic Security & Prosperity,,DEM,Yes,549,243,306
Travis,117,Referendum Item #2 - On A Fair Criminal Justice System,,DEM,Yes,536,236,300
Travis,117,Referendum Item #3 - On Climate,,DEM,Yes,504,221,283
Travis,117,Referendum Item #4 - On The Voting Rights Act,,DEM,Yes,519,232,287
Travis,117,Referendum Item #5 - On Campus Carry,,DEM,Yes,454,200,254
Travis,117,Referendum Item #6 - On Comprehensive Immigration Reform,,DEM,Yes,505,214,291
Travis,118,Referendum Item #1 - On Economic Security & Prosperity,,DEM,Yes,105,47,58
Travis,118,Referendum Item #2 - On A Fair Criminal Justice System,,DEM,Yes,105,46,59
Travis,118,Referendum Item #3 - On Climate,,DEM,Yes,102,44,58
Travis,118,Referendum Item #4 - On The Voting Rights Act,,DEM,Yes,100,46,54
Travis,118,Referendum Item #5 - On Campus Carry,,DEM,Yes,88,39,49
Travis,118,Referendum Item #6 - On Comprehensive Immigration Reform,,DEM,Yes,98,45,53
Travis,119,Referendum Item #1 - On Economic Security & Prosperity,,DEM,Yes,0,0,0
Travis,119,Referendum Item #2 - On A Fair Criminal Justice System,,DEM,Yes,0,0,0
Travis,119,Referendum Item #3 - On Climate,,DEM,Yes,1,0,1
Travis,119,Referendum Item #4 - On The Voting Rights Act,,DEM,Yes,0,0,0
Travis,119,Referendum Item #5 - On Campus Carry,,DEM,Yes,1,0,1
Travis,119,Referendum Item #6 - On Comprehensive Immigration Reform,,DEM,Yes,0,0,0
Travis,120,Referendum Item #1 - On Economic Security & Prosperity,,DEM,Yes,30,19,11
Travis,120,Referendum Item #2 - On A Fair Criminal Justice System,,DEM,Yes,27,17,10
Travis,120,Referendum Item #3 - On Climate,,DEM,Yes,28,17,11
Travis,120,Referendum Item #4 - On The Voting Rights Act,,DEM,Yes,30,17,13
Travis,120,Referendum Item #5 - On Campus Carry,,DEM,Yes,27,16,11
Travis,120,Referendum Item #6 - On Comprehensive Immigration Reform,,DEM,Yes,30,18,12
Travis,121,Referendum Item #1 - On Economic Security & Prosperity,,DEM,Yes,179,84,95
Travis,121,Referendum Item #2 - On A Fair Criminal Justice System,,DEM,Yes,179,85,94
Travis,121,Referendum Item #3 - On Climate,,DEM,Yes,163,77,86
Travis,121,Referendum Item #4 - On The Voting Rights Act,,DEM,Yes,167,78,89
Travis,121,Referendum Item #5 - On Campus Carry,,DEM,Yes,151,74,77
Travis,121,Referendum Item #6 - On Comprehensive Immigration Reform,,DEM,Yes,164,78,86
Travis,122,Referendum Item #1 - On Economic Security & Prosperity,,DEM,Yes,750,381,369
Travis,122,Referendum Item #2 - On A Fair Criminal Justice System,,DEM,Yes,748,383,365
Travis,122,Referendum Item #3 - On Climate,,DEM,Yes,698,357,341
Travis,122,Referendum Item #4 - On The Voting Rights Act,,DEM,Yes,717,362,355
Travis,122,Referendum Item #5 - On Campus Carry,,DEM,Yes,658,348,310
Travis,122,Referendum Item #6 - On Comprehensive Immigration Reform,,DEM,Yes,686,343,343
Travis,123,Referendum Item #1 - On Economic Security & Prosperity,,DEM,Yes,584,209,375
Travis,123,Referendum Item #2 - On A Fair Criminal Justice System,,DEM,Yes,603,215,388
Travis,123,Referendum Item #3 - On Climate,,DEM,Yes,588,204,384
Travis,123,Referendum Item #4 - On The Voting Rights Act,,DEM,Yes,550,198,352
Travis,123,Referendum Item #5 - On Campus Carry,,DEM,Yes,549,200,349
Travis,123,Referendum Item #6 - On Comprehensive Immigration Reform,,DEM,Yes,579,211,368
Travis,124,Referendum Item #1 - On Economic Security & Prosperity,,DEM,Yes,1406,666,740
Travis,124,Referendum Item #2 - On A Fair Criminal Justice System,,DEM,Yes,1381,644,737
Travis,124,Referendum Item #3 - On Climate,,DEM,Yes,1389,643,746
Travis,124,Referendum Item #4 - On The Voting Rights Act,,DEM,Yes,1274,608,666
Travis,124,Referendum Item #5 - On Campus Carry,,DEM,Yes,1304,612,692
Travis,124,Referendum Item #6 - On Comprehensive Immigration Reform,,DEM,Yes,1394,652,742
Travis,125,Referendum Item #1 - On Economic Security & Prosperity,,DEM,Yes,0,0,0
Travis,125,Referendum Item #2 - On A Fair Criminal Justice System,,DEM,Yes,0,0,0
Travis,125,Referendum Item #3 - On Climate,,DEM,Yes,0,0,0
Travis,125,Referendum Item #4 - On The Voting Rights Act,,DEM,Yes,0,0,0
Travis,125,Referendum Item #5 - On Campus Carry,,DEM,Yes,0,0,0
Travis,125,Referendum Item #6 - On Comprehensive Immigration Reform,,DEM,Yes,0,0,0
Travis,126,Referendum Item #1 - On Economic Security & Prosperity,,DEM,Yes,1541,680,861
Travis,126,Referendum Item #2 - On A Fair Criminal Justice System,,DEM,Yes,1514,665,849
Travis,126,Referendum Item #3 - On Climate,,DEM,Yes,1546,669,877
Travis,126,Referendum Item #4 - On The Voting Rights Act,,DEM,Yes,1433,636,797
Travis,126,Referendum Item #5 - On Campus Carry,,DEM,Yes,1471,636,835
Travis,126,Referendum Item #6 - On Comprehensive Immigration Reform,,DEM,Yes,1520,669,851
Travis,127,Referendum Item #1 - On Economic Security & Prosperity,,DEM,Yes,0,0,0
Travis,127,Referendum Item #2 - On A Fair Criminal Justice System,,DEM,Yes,0,0,0
Travis,127,Referendum Item #3 - On Climate,,DEM,Yes,0,0,0
Travis,127,Referendum Item #4 - On The Voting Rights Act,,DEM,Yes,0,0,0
Travis,127,Referendum Item #5 - On Campus Carry,,DEM,Yes,0,0,0
Travis,127,Referendum Item #6 - On Comprehensive Immigration Reform,,DEM,Yes,0,0,0
Travis,128,Referendum Item #1 - On Economic Security & Prosperity,,DEM,Yes,0,0,0
Travis,128,Referendum Item #2 - On A Fair Criminal Justice System,,DEM,Yes,0,0,0
Travis,128,Referendum Item #3 - On Climate,,DEM,Yes,0,0,0
Travis,128,Referendum Item #4 - On The Voting Rights Act,,DEM,Yes,0,0,0
Travis,128,Referendum Item #5 - On Campus Carry,,DEM,Yes,0,0,0
Travis,128,Referendum Item #6 - On Comprehensive Immigration Reform,,DEM,Yes,0,0,0
Travis,129,Referendum Item #1 - On Economic Security & Prosperity,,DEM,Yes,687,332,355
Travis,129,Referendum Item #2 - On A Fair Criminal Justice System,,DEM,Yes,683,334,349
Travis,129,Referendum Item #3 - On Climate,,DEM,Yes,644,304,340
Travis,129,Referendum Item #4 - On The Voting Rights Act,,DEM,Yes,647,321,326
Travis,129,Referendum Item #5 - On Campus Carry,,DEM,Yes,599,287,312
Travis,129,Referendum Item #6 - On Comprehensive Immigration Reform,,DEM,Yes,656,311,345
Travis,130,Referendum Item #1 - On Economic Security & Prosperity,,DEM,Yes,618,230,388
Travis,130,Referendum Item #2 - On A Fair Criminal Justice System,,DEM,Yes,617,233,384
Travis,130,Referendum Item #3 - On Climate,,DEM,Yes,622,230,392
Travis,130,Referendum Item #4 - On The Voting Rights Act,,DEM,Yes,577,219,358
Travis,130,Referendum Item #5 - On Campus Carry,,DEM,Yes,597,221,376
Travis,130,Referendum Item #6 - On Comprehensive Immigration Reform,,DEM,Yes,610,229,381
Travis,131,Referendum Item #1 - On Economic Security & Prosperity,,DEM,Yes,0,0,0
Travis,131,Referendum Item #2 - On A Fair Criminal Justice System,,DEM,Yes,0,0,0
Travis,131,Referendum Item #3 - On Climate,,DEM,Yes,0,0,0
Travis,131,Referendum Item #4 - On The Voting Rights Act,,DEM,Yes,0,0,0
Travis,131,Referendum Item #5 - On Campus Carry,,DEM,Yes,0,0,0
Travis,131,Referendum Item #6 - On Comprehensive Immigration Reform,,DEM,Yes,0,0,0
Travis,132,Referendum Item #1 - On Economic Security & Prosperity,,DEM,Yes,762,337,425
Travis,132,Referendum Item #2 - On A Fair Criminal Justice System,,DEM,Yes,753,330,423
Travis,132,Referendum Item #3 - On Climate,,DEM,Yes,740,326,414
Travis,132,Referendum Item #4 - On The Voting Rights Act,,DEM,Yes,709,325,384
Travis,132,Referendum Item #5 - On Campus Carry,,DEM,Yes,696,312,384
Travis,132,Referendum Item #6 - On Comprehensive Immigration Reform,,DEM,Yes,730,319,411
Travis,133,Referendum Item #1 - On Economic Security & Prosperity,,DEM,Yes,736,261,475
Travis,133,Referendum Item #2 - On A Fair Criminal Justice System,,DEM,Yes,743,264,479
Travis,133,Referendum Item #3 - On Climate,,DEM,Yes,741,261,480
Travis,133,Referendum Item #4 - On The Voting Rights Act,,DEM,Yes,688,249,439
Travis,133,Referendum Item #5 - On Campus Carry,,DEM,Yes,720,262,458
Travis,133,Referendum Item #6 - On Comprehensive Immigration Reform,,DEM,Yes,736,257,479
Travis,134,Referendum Item #1 - On Economic Security & Prosperity,,DEM,Yes,0,0,0
Travis,134,Referendum Item #2 - On A Fair Criminal Justice System,,DEM,Yes,0,0,0
Travis,134,Referendum Item #3 - On Climate,,DEM,Yes,0,0,0
Travis,134,Referendum Item #4 - On The Voting Rights Act,,DEM,Yes,0,0,0
Travis,134,Referendum Item #5 - On Campus Carry,,DEM,Yes,0,0,0
Travis,134,Referendum Item #6 - On Comprehensive Immigration Reform,,DEM,Yes,0,0,0
Travis,135,Referendum Item #1 - On Economic Security & Prosperity,,DEM,Yes,2045,886,1159
Travis,135,Referendum Item #2 - On A Fair Criminal Justice System,,DEM,Yes,2046,893,1153
Travis,135,Referendum Item #3 - On Climate,,DEM,Yes,2089,892,1197
Travis,135,Referendum Item #4 - On The Voting Rights Act,,DEM,Yes,1874,812,1062
Travis,135,Referendum Item #5 - On Campus Carry,,DEM,Yes,2042,879,1163
Travis,135,Referendum Item #6 - On Comprehensive Immigration Reform,,DEM,Yes,2061,891,1170
Travis,136,Referendum Item #1 - On Economic Security & Prosperity,,DEM,Yes,467,206,261
Travis,136,Referendum Item #2 - On A Fair Criminal Justice System,,DEM,Yes,473,212,261
Travis,136,Referendum Item #3 - On Climate,,DEM,Yes,480,206,274
Travis,136,Referendum Item #4 - On The Voting Rights Act,,DEM,Yes,444,201,243
Travis,136,Referendum Item #5 - On Campus Carry,,DEM,Yes,433,192,241
Travis,136,Referendum Item #6 - On Comprehensive Immigration Reform,,DEM,Yes,461,204,257
Travis,137,Referendum Item #1 - On Economic Security & Prosperity,,DEM,Yes,991,347,644
Travis,137,Referendum Item #2 - On A Fair Criminal Justice System,,DEM,Yes,1011,354,657
Travis,137,Referendum Item #3 - On Climate,,DEM,Yes,1008,360,648
Travis,137,Referendum Item #4 - On The Voting Rights Act,,DEM,Yes,931,331,600
Travis,137,Referendum Item #5 - On Campus Carry,,DEM,Yes,962,346,616
Travis,137,Referendum Item #6 - On Comprehensive Immigration Reform,,DEM,Yes,1006,360,646
Travis,138,Referendum Item #1 - On Economic Security & Prosperity,,DEM,Yes,0,0,0
Travis,138,Referendum Item #2 - On A Fair Criminal Justice System,,DEM,Yes,0,0,0
Travis,138,Referendum Item #3 - On Climate,,DEM,Yes,0,0,0
Travis,138,Referendum Item #4 - On The Voting Rights Act,,DEM,Yes,0,0,0
Travis,138,Referendum Item #5 - On Campus Carry,,DEM,Yes,0,0,0
Travis,138,Referendum Item #6 - On Comprehensive Immigration Reform,,DEM,Yes,0,0,0
Travis,139,Referendum Item #1 - On Economic Security & Prosperity,,DEM,Yes,666,290,376
Travis,139,Referendum Item #2 - On A Fair Criminal Justice System,,DEM,Yes,659,288,371
Travis,139,Referendum Item #3 - On Climate,,DEM,Yes,673,293,380
Travis,139,Referendum Item #4 - On The Voting Rights Act,,DEM,Yes,637,283,354
Travis,139,Referendum Item #5 - On Campus Carry,,DEM,Yes,602,265,337
Travis,139,Referendum Item #6 - On Comprehensive Immigration Reform,,DEM,Yes,661,286,375
Travis,140,Referendum Item #1 - On Economic Security & Prosperity,,DEM,Yes,357,145,212
Travis,140,Referendum Item #2 - On A Fair Criminal Justice System,,DEM,Yes,349,140,209
Travis,140,Referendum Item #3 - On Climate,,DEM,Yes,361,147,214
Travis,140,Referendum Item #4 - On The Voting Rights Act,,DEM,Yes,351,140,211
Travis,140,Referendum Item #5 - On Campus Carry,,DEM,Yes,316,140,176
Travis,140,Referendum Item #6 - On Comprehensive Immigration Reform,,DEM,Yes,344,142,202
Travis,141,Referendum Item #1 - On Economic Security & Prosperity,,DEM,Yes,80,27,53
Travis,141,Referendum Item #2 - On A Fair Criminal Justice System,,DEM,Yes,77,27,50
Travis,141,Referendum Item #3 - On Climate,,DEM,Yes,76,25,51
Travis,141,Referendum Item #4 - On The Voting Rights Act,,DEM,Yes,77,26,51
Travis,141,Referendum Item #5 - On Campus Carry,,DEM,Yes,72,25,47
Travis,141,Referendum Item #6 - On Comprehensive Immigration Reform,,DEM,Yes,73,23,50
Travis,142,Referendum Item #1 - On Economic Security & Prosperity,,DEM,Yes,272,124,148
Travis,142,Referendum Item #2 - On A Fair Criminal Justice System,,DEM,Yes,270,125,145
Travis,142,Referendum Item #3 - On Climate,,DEM,Yes,283,129,154
Travis,142,Referendum Item #4 - On The Voting Rights Act,,DEM,Yes,256,116,140
Travis,142,Referendum Item #5 - On Campus Carry,,DEM,Yes,268,123,145
Travis,142,Referendum Item #6 - On Comprehensive Immigration Reform,,DEM,Yes,275,124,151
Travis,145,Referendum Item #1 - On Economic Security & Prosperity,,DEM,Yes,422,160,262
Travis,145,Referendum Item #2 - On A Fair Criminal Justice System,,DEM,Yes,431,159,272
Travis,145,Referendum Item #3 - On Climate,,DEM,Yes,423,158,265
Travis,145,Referendum Item #4 - On The Voting Rights Act,,DEM,Yes,401,153,248
Travis,145,Referendum Item #5 - On Campus Carry,,DEM,Yes,379,142,237
Travis,145,Referendum Item #6 - On Comprehensive Immigration Reform,,DEM,Yes,416,150,266
Travis,146,Referendum Item #1 - On Economic Security & Prosperity,,DEM,Yes,433,211,222
Travis,146,Referendum Item #2 - On A Fair Criminal Justice System,,DEM,Yes,434,213,221
Travis,146,Referendum Item #3 - On Climate,,DEM,Yes,435,208,227
Travis,146,Referendum Item #4 - On The Voting Rights Act,,DEM,Yes,393,198,195
Travis,146,Referendum Item #5 - On Campus Carry,,DEM,Yes,397,198,199
Travis,146,Referendum Item #6 - On Comprehensive Immigration Reform,,DEM,Yes,423,210,213
Travis,148,Referendum Item #1 - On Economic Security & Prosperity,,DEM,Yes,546,219,327
Travis,148,Referendum Item #2 - On A Fair Criminal Justice System,,DEM,Yes,553,222,331
Travis,148,Referendum Item #3 - On Climate,,DEM,Yes,544,218,326
Travis,148,Referendum Item #4 - On The Voting Rights Act,,DEM,Yes,532,209,323
Travis,148,Referendum Item #5 - On Campus Carry,,DEM,Yes,487,208,279
Travis,148,Referendum Item #6 - On Comprehensive Immigration Reform,,DEM,Yes,548,220,328
Travis,149,Referendum Item #1 - On Economic Security & Prosperity,,DEM,Yes,528,200,328
Travis,149,Referendum Item #2 - On A Fair Criminal Justice System,,DEM,Yes,522,197,325
Travis,149,Referendum Item #3 - On Climate,,DEM,Yes,545,208,337
Travis,149,Referendum Item #4 - On The Voting Rights Act,,DEM,Yes,484,189,295
Travis,149,Referendum Item #5 - On Campus Carry,,DEM,Yes,527,205,322
Travis,149,Referendum Item #6 - On Comprehensive Immigration Reform,,DEM,Yes,537,201,336
Travis,150,Referendum Item #1 - On Economic Security & Prosperity,,DEM,Yes,276,112,164
Travis,150,Referendum Item #2 - On A Fair Criminal Justice System,,DEM,Yes,283,116,167
Travis,150,Referendum Item #3 - On Climate,,DEM,Yes,287,118,169
Travis,150,Referendum Item #4 - On The Voting Rights Act,,DEM,Yes,261,102,159
Travis,150,Referendum Item #5 - On Campus Carry,,DEM,Yes,267,115,152
Travis,150,Referendum Item #6 - On Comprehensive Immigration Reform,,DEM,Yes,269,113,156
Travis,151,Referendum Item #1 - On Economic Security & Prosperity,,DEM,Yes,698,278,420
Travis,151,Referendum Item #2 - On A Fair Criminal Justice System,,DEM,Yes,701,282,419
Travis,151,Referendum Item #3 - On Climate,,DEM,Yes,699,280,419
Travis,151,Referendum Item #4 - On The Voting Rights Act,,DEM,Yes,667,274,393
Travis,151,Referendum Item #5 - On Campus Carry,,DEM,Yes,633,271,362
Travis,151,Referendum Item #6 - On Comprehensive Immigration Reform,,DEM,Yes,690,277,413
Travis,152,Referendum Item #1 - On Economic Security & Prosperity,,DEM,Yes,1462,650,812
Travis,152,Referendum Item #2 - On A Fair Criminal Justice System,,DEM,Yes,1439,638,801
Travis,152,Referendum Item #3 - On Climate,,DEM,Yes,1477,650,827
Travis,152,Referendum Item #4 - On The Voting Rights Act,,DEM,Yes,1346,603,743
Travis,152,Referendum Item #5 - On Campus Carry,,DEM,Yes,1438,636,802
Travis,152,Referendum Item #6 - On Comprehensive Immigration Reform,,DEM,Yes,1460,647,813
Travis,153,Referendum Item #1 - On Economic Security & Prosperity,,DEM,Yes,924,339,585
Travis,153,Referendum Item #2 - On A Fair Criminal Justice System,,DEM,Yes,916,331,585
Travis,153,Referendum Item #3 - On Climate,,DEM,Yes,919,323,596
Travis,153,Referendum Item #4 - On The Voting Rights Act,,DEM,Yes,872,326,546
Travis,153,Referendum Item #5 - On Campus Carry,,DEM,Yes,853,313,540
Travis,153,Referendum Item #6 - On Comprehensive Immigration Reform,,DEM,Yes,900,320,580
Travis,154,Referendum Item #1 - On Economic Security & Prosperity,,DEM,Yes,539,162,377
Travis,154,Referendum Item #2 - On A Fair Criminal Justice System,,DEM,Yes,546,166,380
Travis,154,Referendum Item #3 - On Climate,,DEM,Yes,536,160,376
Travis,154,Referendum Item #4 - On The Voting Rights Act,,DEM,Yes,522,160,362
Travis,154,Referendum Item #5 - On Campus Carry,,DEM,Yes,496,146,350
Travis,154,Referendum Item #6 - On Comprehensive Immigration Reform,,DEM,Yes,532,158,374
Travis,156,Referendum Item #1 - On Economic Security & Prosperity,,DEM,Yes,1359,597,762
Travis,156,Referendum Item #2 - On A Fair Criminal Justice System,,DEM,Yes,1360,601,759
Travis,156,Referendum Item #3 - On Climate,,DEM,Yes,1356,599,757
Travis,156,Referendum Item #4 - On The Voting Rights Act,,DEM,Yes,1224,553,671
Travis,156,Referendum Item #5 - On Campus Carry,,DEM,Yes,1266,569,697
Travis,156,Referendum Item #6 - On Comprehensive Immigration Reform,,DEM,Yes,1323,582,741
Travis,160,Referendum Item #1 - On Economic Security & Prosperity,,DEM,Yes,288,108,180
Travis,160,Referendum Item #2 - On A Fair Criminal Justice System,,DEM,Yes,293,108,185
Travis,160,Referendum Item #3 - On Climate,,DEM,Yes,284,110,174
Travis,160,Referendum Item #4 - On The Voting Rights Act,,DEM,Yes,276,106,170
Travis,160,Referendum Item #5 - On Campus Carry,,DEM,Yes,261,102,159
Travis,160,Referendum Item #6 - On Comprehensive Immigration Reform,,DEM,Yes,288,102,186
Travis,161,Referendum Item #1 - On Economic Security & Prosperity,,DEM,Yes,212,86,126
Travis,161,Referendum Item #2 - On A Fair Criminal Justice System,,DEM,Yes,215,88,127
Travis,161,Referendum Item #3 - On Climate,,DEM,Yes,211,87,124
Travis,161,Referendum Item #4 - On The Voting Rights Act,,DEM,Yes,200,81,119
Travis,161,Referendum Item #5 - On Campus Carry,,DEM,Yes,190,79,111
Travis,161,Referendum Item #6 - On Comprehensive Immigration Reform,,DEM,Yes,204,81,123
Travis,163,Referendum Item #1 - On Economic Security & Prosperity,,DEM,Yes,25,10,15
Travis,163,Referendum Item #2 - On A Fair Criminal Justice System,,DEM,Yes,26,11,15
Travis,163,Referendum Item #3 - On Climate,,DEM,Yes,26,11,15
Travis,163,Referendum Item #4 - On The Voting Rights Act,,DEM,Yes,24,10,14
Travis,163,Referendum Item #5 - On Campus Carry,,DEM,Yes,23,8,15
Travis,163,Referendum Item #6 - On Comprehensive Immigration Reform,,DEM,Yes,26,11,15
Travis,164,Referendum Item #1 - On Economic Security & Prosperity,,DEM,Yes,308,108,200
Travis,164,Referendum Item #2 - On A Fair Criminal Justice System,,DEM,Yes,310,112,198
Travis,164,Referendum Item #3 - On Climate,,DEM,Yes,308,112,196
Travis,164,Referendum Item #4 - On The Voting Rights Act,,DEM,Yes,298,102,196
Travis,164,Referendum Item #5 - On Campus Carry,,DEM,Yes,279,102,177
Travis,164,Referendum Item #6 - On Comprehensive Immigration Reform,,DEM,Yes,299,103,196
Travis,200,Referendum Item #1 - On Economic Security & Prosperity,,DEM,Yes,1630,735,895
Travis,200,Referendum Item #2 - On A Fair Criminal Justice System,,DEM,Yes,1593,725,868
Travis,200,Referendum Item #3 - On Climate,,DEM,Yes,1661,750,911
Travis,200,Referendum Item #4 - On The Voting Rights Act,,DEM,Yes,1454,672,782
Travis,200,Referendum Item #5 - On Campus Carry,,DEM,Yes,1596,733,863
Travis,200,Referendum Item #6 - On Comprehensive Immigration Reform,,DEM,Yes,1607,733,874
Travis,202,Referendum Item #1 - On Economic Security & Prosperity,,DEM,Yes,1151,507,644
Travis,202,Referendum Item #2 - On A Fair Criminal Justice System,,DEM,Yes,1132,502,630
Travis,202,Referendum Item #3 - On Climate,,DEM,Yes,1180,523,657
Travis,202,Referendum Item #4 - On The Voting Rights Act,,DEM,Yes,1065,481,584
Travis,202,Referendum Item #5 - On Campus Carry,,DEM,Yes,1155,512,643
Travis,202,Referendum Item #6 - On Comprehensive Immigration Reform,,DEM,Yes,1153,516,637
Travis,203,Referendum Item #1 - On Economic Security & Prosperity,,DEM,Yes,117,36,81
Travis,203,Referendum Item #2 - On A Fair Criminal Justice System,,DEM,Yes,117,37,80
Travis,203,Referendum Item #3 - On Climate,,DEM,Yes,120,36,84
Travis,203,Referendum Item #4 - On The Voting Rights Act,,DEM,Yes,111,33,78
Travis,203,Referendum Item #5 - On Campus Carry,,DEM,Yes,104,35,69
Travis,203,Referendum Item #6 - On Comprehensive Immigration Reform,,DEM,Yes,114,35,79
Travis,205,Referendum Item #1 - On Economic Security & Prosperity,,DEM,Yes,474,178,296
Travis,205,Referendum Item #2 - On A Fair Criminal Justice System,,DEM,Yes,476,178,298
Travis,205,Referendum Item #3 - On Climate,,DEM,Yes,492,185,307
Travis,205,Referendum Item #4 - On The Voting Rights Act,,DEM,Yes,447,175,272
Travis,205,Referendum Item #5 - On Campus Carry,,DEM,Yes,458,171,287
Travis,205,Referendum Item #6 - On Comprehensive Immigration Reform,,DEM,Yes,468,172,296
Travis,206,Referendum Item #1 - On Economic Security & Prosperity,,DEM,Yes,351,169,182
Travis,206,Referendum Item #2 - On A Fair Criminal Justice System,,DEM,Yes,348,166,182
Travis,206,Referendum Item #3 - On Climate,,DEM,Yes,359,170,189
Travis,206,Referendum Item #4 - On The Voting Rights Act,,DEM,Yes,309,147,162
Travis,206,Referendum Item #5 - On Campus Carry,,DEM,Yes,341,166,175
Travis,206,Referendum Item #6 - On Comprehensive Immigration Reform,,DEM,Yes,355,172,183
Travis,207,Referendum Item #1 - On Economic Security & Prosperity,,DEM,Yes,803,328,475
Travis,207,Referendum Item #2 - On A Fair Criminal Justice System,,DEM,Yes,818,327,491
Travis,207,Referendum Item #3 - On Climate,,DEM,Yes,832,335,497
Travis,207,Referendum Item #4 - On The Voting Rights Act,,DEM,Yes,747,304,443
Travis,207,Referendum Item #5 - On Campus Carry,,DEM,Yes,756,310,446
Travis,207,Referendum Item #6 - On Comprehensive Immigration Reform,,DEM,Yes,818,325,493
Travis,208,Referendum Item #1 - On Economic Security & Prosperity,,DEM,Yes,1911,1075,836
Travis,208,Referendum Item #2 - On A Fair Criminal Justice System,,DEM,Yes,1918,1070,848
Travis,208,Referendum Item #3 - On Climate,,DEM,Yes,1972,1103,869
Travis,208,Referendum Item #4 - On The Voting Rights Act,,DEM,Yes,1753,980,773
Travis,208,Referendum Item #5 - On Campus Carry,,DEM,Yes,1867,1057,810
Travis,208,Referendum Item #6 - On Comprehensive Immigration Reform,,DEM,Yes,1915,1081,834
Travis,209,Referendum Item #1 - On Economic Security & Prosperity,,DEM,Yes,200,89,111
Travis,209,Referendum Item #2 - On A Fair Criminal Justice System,,DEM,Yes,192,85,107
Travis,209,Referendum Item #3 - On Climate,,DEM,Yes,195,91,104
Travis,209,Referendum Item #4 - On The Voting Rights Act,,DEM,Yes,187,86,101
Travis,209,Referendum Item #5 - On Campus Carry,,DEM,Yes,181,84,97
Travis,209,Referendum Item #6 - On Comprehensive Immigration Reform,,DEM,Yes,186,87,99
Travis,210,Referendum Item #1 - On Economic Security & Prosperity,,DEM,Yes,364,187,177
Travis,210,Referendum Item #2 - On A Fair Criminal Justice System,,DEM,Yes,375,197,178
Travis,210,Referendum Item #3 - On Climate,,DEM,Yes,390,205,185
Travis,210,Referendum Item #4 - On The Voting Rights Act,,DEM,Yes,360,186,174
Travis,210,Referendum Item #5 - On Campus Carry,,DEM,Yes,389,202,187
Travis,210,Referendum Item #6 - On Comprehensive Immigration Reform,,DEM,Yes,390,204,186
Travis,211,Referendum Item #1 - On Economic Security & Prosperity,,DEM,Yes,395,157,238
Travis,211,Referendum Item #2 - On A Fair Criminal Justice System,,DEM,Yes,404,159,245
Travis,211,Referendum Item #3 - On Climate,,DEM,Yes,400,157,243
Travis,211,Referendum Item #4 - On The Voting Rights Act,,DEM,Yes,373,150,223
Travis,211,Referendum Item #5 - On Campus Carry,,DEM,Yes,381,150,231
Travis,211,Referendum Item #6 - On Comprehensive Immigration Reform,,DEM,Yes,405,158,247
Travis,212,Referendum Item #1 - On Economic Security & Prosperity,,DEM,Yes,463,240,223
Travis,212,Referendum Item #2 - On A Fair Criminal Justice System,,DEM,Yes,486,255,231
Travis,212,Referendum Item #3 - On Climate,,DEM,Yes,483,250,233
Travis,212,Referendum Item #4 - On The Voting Rights Act,,DEM,Yes,455,229,226
Travis,212,Referendum Item #5 - On Campus Carry,,DEM,Yes,486,248,238
Travis,212,Referendum Item #6 - On Comprehensive Immigration Reform,,DEM,Yes,492,249,243
Travis,213,Referendum Item #1 - On Economic Security & Prosperity,,DEM,Yes,0,0,0
Travis,213,Referendum Item #2 - On A Fair Criminal Justice System,,DEM,Yes,0,0,0
Travis,213,Referendum Item #3 - On Climate,,DEM,Yes,0,0,0
Travis,213,Referendum Item #4 - On The Voting Rights Act,,DEM,Yes,0,0,0
Travis,213,Referendum Item #5 - On Campus Carry,,DEM,Yes,0,0,0
Travis,213,Referendum Item #6 - On Comprehensive Immigration Reform,,DEM,Yes,0,0,0
Travis,214,Referendum Item #1 - On Economic Security & Prosperity,,DEM,Yes,606,256,350
Travis,214,Referendum Item #2 - On A Fair Criminal Justice System,,DEM,Yes,622,258,364
Travis,214,Referendum Item #3 - On Climate,,DEM,Yes,647,264,383
Travis,214,Referendum Item #4 - On The Voting Rights Act,,DEM,Yes,562,242,320
Travis,214,Referendum Item #5 - On Campus Carry,,DEM,Yes,645,267,378
Travis,214,Referendum Item #6 - On Comprehensive Immigration Reform,,DEM,Yes,634,263,371
Travis,215,Referendum Item #1 - On Economic Security & Prosperity,,DEM,Yes,381,140,241
Travis,215,Referendum Item #2 - On A Fair Criminal Justice System,,DEM,Yes,391,141,250
Travis,215,Referendum Item #3 - On Climate,,DEM,Yes,390,135,255
Travis,215,Referendum Item #4 - On The Voting Rights Act,,DEM,Yes,356,127,229
Travis,215,Referendum Item #5 - On Campus Carry,,DEM,Yes,352,136,216
Travis,215,Referendum Item #6 - On Comprehensive Immigration Reform,,DEM,Yes,377,138,239
Travis,216,Referendum Item #1 - On Economic Security & Prosperity,,DEM,Yes,303,96,207
Travis,216,Referendum Item #2 - On A Fair Criminal Justice System,,DEM,Yes,307,100,207
Travis,216,Referendum Item #3 - On Climate,,DEM,Yes,299,101,198
Travis,216,Referendum Item #4 - On The Voting Rights Act,,DEM,Yes,278,87,191
Travis,216,Referendum Item #5 - On Campus Carry,,DEM,Yes,269,94,175
Travis,216,Referendum Item #6 - On Comprehensive Immigration Reform,,DEM,Yes,291,96,195
Travis,217,Referendum Item #1 - On Economic Security & Prosperity,,DEM,Yes,446,167,279
Travis,217,Referendum Item #2 - On A Fair Criminal Justice System,,DEM,Yes,440,163,277
Travis,217,Referendum Item #3 - On Climate,,DEM,Yes,451,167,284
Travis,217,Referendum Item #4 - On The Voting Rights Act,,DEM,Yes,396,154,242
Travis,217,Referendum Item #5 - On Campus Carry,,DEM,Yes,412,151,261
Travis,217,Referendum Item #6 - On Comprehensive Immigration Reform,,DEM,Yes,439,168,271
Travis,218,Referendum Item #1 - On Economic Security & Prosperity,,DEM,Yes,928,367,561
Travis,218,Referendum Item #2 - On A Fair Criminal Justice System,,DEM,Yes,939,371,568
Travis,218,Referendum Item #3 - On Climate,,DEM,Yes,961,379,582
Travis,218,Referendum Item #4 - On The Voting Rights Act,,DEM,Yes,862,349,513
Travis,218,Referendum Item #5 - On Campus Carry,,DEM,Yes,880,356,524
Travis,218,Referendum Item #6 - On Comprehensive Immigration Reform,,DEM,Yes,911,362,549
Travis,219,Referendum Item #1 - On Economic Security & Prosperity,,DEM,Yes,457,169,288
Travis,219,Referendum Item #2 - On A Fair Criminal Justice System,,DEM,Yes,459,168,291
Travis,219,Referendum Item #3 - On Climate,,DEM,Yes,461,169,292
Travis,219,Referendum Item #4 - On The Voting Rights Act,,DEM,Yes,426,156,270
Travis,219,Referendum Item #5 - On Campus Carry,,DEM,Yes,406,151,255
Travis,219,Referendum Item #6 - On Comprehensive Immigration Reform,,DEM,Yes,443,164,279
Travis,220,Referendum Item #1 - On Economic Security & Prosperity,,DEM,Yes,376,179,197
Travis,220,Referendum Item #2 - On A Fair Criminal Justice System,,DEM,Yes,398,194,204
Travis,220,Referendum Item #3 - On Climate,,DEM,Yes,404,191,213
Travis,220,Referendum Item #4 - On The Voting Rights Act,,DEM,Yes,362,170,192
Travis,220,Referendum Item #5 - On Campus Carry,,DEM,Yes,405,193,212
Travis,220,Referendum Item #6 - On Comprehensive Immigration Reform,,DEM,Yes,393,188,205
Travis,221,Referendum Item #1 - On Economic Security & Prosperity,,DEM,Yes,105,43,62
Travis,221,Referendum Item #2 - On A Fair Criminal Justice System,,DEM,Yes,108,43,65
Travis,221,Referendum Item #3 - On Climate,,DEM,Yes,112,45,67
Travis,221,Referendum Item #4 - On The Voting Rights Act,,DEM,Yes,101,39,62
Travis,221,Referendum Item #5 - On Campus Carry,,DEM,Yes,113,47,66
Travis,221,Referendum Item #6 - On Comprehensive Immigration Reform,,DEM,Yes,108,43,65
Travis,222,Referendum Item #1 - On Economic Security & Prosperity,,DEM,Yes,604,212,392
Travis,222,Referendum Item #2 - On A Fair Criminal Justice System,,DEM,Yes,594,210,384
Travis,222,Referendum Item #3 - On Climate,,DEM,Yes,604,211,393
Travis,222,Referendum Item #4 - On The Voting Rights Act,,DEM,Yes,544,198,346
Travis,222,Referendum Item #5 - On Campus Carry,,DEM,Yes,565,204,361
Travis,222,Referendum Item #6 - On Comprehensive Immigration Reform,,DEM,Yes,584,206,378
Travis,223,Referendum Item #1 - On Economic Security & Prosperity,,DEM,Yes,130,50,80
Travis,223,Referendum Item #2 - On A Fair Criminal Justice System,,DEM,Yes,131,49,82
Travis,223,Referendum Item #3 - On Climate,,DEM,Yes,132,52,80
Travis,223,Referendum Item #4 - On The Voting Rights Act,,DEM,Yes,128,49,79
Travis,223,Referendum Item #5 - On Campus Carry,,DEM,Yes,119,45,74
Travis,223,Referendum Item #6 - On Comprehensive Immigration Reform,,DEM,Yes,132,50,82
Travis,224,Referendum Item #1 - On Economic Security & Prosperity,,DEM,Yes,23,12,11
Travis,224,Referendum Item #2 - On A Fair Criminal Justice System,,DEM,Yes,23,12,11
Travis,224,Referendum Item #3 - On Climate,,DEM,Yes,23,11,12
Travis,224,Referendum Item #4 - On The Voting Rights Act,,DEM,Yes,23,12,11
Travis,224,Referendum Item #5 - On Campus Carry,,DEM,Yes,23,13,10
Travis,224,Referendum Item #6 - On Comprehensive Immigration Reform,,DEM,Yes,22,11,11
Travis,225,Referendum Item #1 - On Economic Security & Prosperity,,DEM,Yes,569,196,373
Travis,225,Referendum Item #2 - On A Fair Criminal Justice System,,DEM,Yes,583,195,388
Travis,225,Referendum Item #3 - On Climate,,DEM,Yes,584,200,384
Travis,225,Referendum Item #4 - On The Voting Rights Act,,DEM,Yes,528,175,353
Travis,225,Referendum Item #5 - On Campus Carry,,DEM,Yes,526,176,350
Travis,225,Referendum Item #6 - On Comprehensive Immigration Reform,,DEM,Yes,580,197,383
Travis,226,Referendum Item #1 - On Economic Security & Prosperity,,DEM,Yes,334,119,215
Travis,226,Referendum Item #2 - On A Fair Criminal Justice System,,DEM,Yes,337,121,216
Travis,226,Referendum Item #3 - On Climate,,DEM,Yes,329,114,215
Travis,226,Referendum Item #4 - On The Voting Rights Act,,DEM,Yes,300,113,187
Travis,226,Referendum Item #5 - On Campus Carry,,DEM,Yes,301,107,194
Travis,226,Referendum Item #6 - On Comprehensive Immigration Reform,,DEM,Yes,323,112,211
Travis,227,Referendum Item #1 - On Economic Security & Prosperity,,DEM,Yes,92,35,57
Travis,227,Referendum Item #2 - On A Fair Criminal Justice System,,DEM,Yes,91,36,55
Travis,227,Referendum Item #3 - On Climate,,DEM,Yes,89,35,54
Travis,227,Referendum Item #4 - On The Voting Rights Act,,DEM,Yes,87,34,53
Travis,227,Referendum Item #5 - On Campus Carry,,DEM,Yes,81,32,49
Travis,227,Referendum Item #6 - On Comprehensive Immigration Reform,,DEM,Yes,90,36,54
Travis,228,Referendum Item #1 - On Economic Security & Prosperity,,DEM,Yes,370,194,176
Travis,228,Referendum Item #2 - On A Fair Criminal Justice System,,DEM,Yes,382,197,185
Travis,228,Referendum Item #3 - On Climate,,DEM,Yes,388,202,186
Travis,228,Referendum Item #4 - On The Voting Rights Act,,DEM,Yes,354,184,170
Travis,228,Referendum Item #5 - On Campus Carry,,DEM,Yes,369,196,173
Travis,228,Referendum Item #6 - On Comprehensive Immigration Reform,,DEM,Yes,377,196,181
Travis,229,Referendum Item #1 - On Economic Security & Prosperity,,DEM,Yes,459,169,290
Travis,229,Referendum Item #2 - On A Fair Criminal Justice System,,DEM,Yes,459,178,281
Travis,229,Referendum Item #3 - On Climate,,DEM,Yes,468,175,293
Travis,229,Referendum Item #4 - On The Voting Rights Act,,DEM,Yes,416,159,257
Travis,229,Referendum Item #5 - On Campus Carry,,DEM,Yes,435,164,271
Travis,229,Referendum Item #6 - On Comprehensive Immigration Reform,,DEM,Yes,460,170,290
Travis,231,Referendum Item #1 - On Economic Security & Prosperity,,DEM,Yes,618,274,344
Travis,231,Referendum Item #2 - On A Fair Criminal Justice System,,DEM,Yes,657,290,367
Travis,231,Referendum Item #3 - On Climate,,DEM,Yes,674,296,378
Travis,231,Referendum Item #4 - On The Voting Rights Act,,DEM,Yes,603,269,334
Travis,231,Referendum Item #5 - On Campus Carry,,DEM,Yes,671,296,375
Travis,231,Referendum Item #6 - On Comprehensive Immigration Reform,,DEM,Yes,678,297,381
Travis,232,Referendum Item #1 - On Economic Security & Prosperity,,DEM,Yes,568,267,301
Travis,232,Referendum Item #2 - On A Fair Criminal Justice System,,DEM,Yes,600,284,316
Travis,232,Referendum Item #3 - On Climate,,DEM,Yes,612,287,325
Travis,232,Referendum Item #4 - On The Voting Rights Act,,DEM,Yes,533,259,274
Travis,232,Referendum Item #5 - On Campus Carry,,DEM,Yes,583,275,308
Travis,232,Referendum Item #6 - On Comprehensive Immigration Reform,,DEM,Yes,594,279,315
Travis,233,Referendum Item #1 - On Economic Security & Prosperity,,DEM,Yes,463,172,291
Travis,233,Referendum Item #2 - On A Fair Criminal Justice System,,DEM,Yes,477,173,304
Travis,233,Referendum Item #3 - On Climate,,DEM,Yes,502,183,319
Travis,233,Referendum Item #4 - On The Voting Rights Act,,DEM,Yes,433,161,272
Travis,233,Referendum Item #5 - On Campus Carry,,DEM,Yes,486,177,309
Travis,233,Referendum Item #6 - On Comprehensive Immigration Reform,,DEM,Yes,491,179,312
Travis,234,Referendum Item #1 - On Economic Security & Prosperity,,DEM,Yes,258,114,144
Travis,234,Referendum Item #2 - On A Fair Criminal Justice System,,DEM,Yes,278,119,159
Travis,234,Referendum Item #3 - On Climate,,DEM,Yes,280,120,160
Travis,234,Referendum Item #4 - On The Voting Rights Act,,DEM,Yes,249,108,141
Travis,234,Referendum Item #5 - On Campus Carry,,DEM,Yes,272,116,156
Travis,234,Referendum Item #6 - On Comprehensive Immigration Reform,,DEM,Yes,275,119,156
Travis,235,Referendum Item #1 - On Economic Security & Prosperity,,DEM,Yes,954,373,581
Travis,235,Referendum Item #2 - On A Fair Criminal Justice System,,DEM,Yes,936,369,567
Travis,235,Referendum Item #3 - On Climate,,DEM,Yes,972,382,590
Travis,235,Referendum Item #4 - On The Voting Rights Act,,DEM,Yes,847,341,506
Travis,235,Referendum Item #5 - On Campus Carry,,DEM,Yes,948,367,581
Travis,235,Referendum Item #6 - On Comprehensive Immigration Reform,,DEM,Yes,950,368,582
Travis,236,Referendum Item #1 - On Economic Security & Prosperity,,DEM,Yes,1106,373,733
Travis,236,Referendum Item #2 - On A Fair Criminal Justice System,,DEM,Yes,1117,374,743
Travis,236,Referendum Item #3 - On Climate,,DEM,Yes,1155,393,762
Travis,236,Referendum Item #4 - On The Voting Rights Act,,DEM,Yes,1044,355,689
Travis,236,Referendum Item #5 - On Campus Carry,,DEM,Yes,1138,392,746
Travis,236,Referendum Item #6 - On Comprehensive Immigration Reform,,DEM,Yes,1124,379,745
Travis,237,Referendum Item #1 - On Economic Security & Prosperity,,DEM,Yes,513,201,312
Travis,237,Referendum Item #2 - On A Fair Criminal Justice System,,DEM,Yes,518,203,315
Travis,237,Referendum Item #3 - On Climate,,DEM,Yes,542,215,327
Travis,237,Referendum Item #4 - On The Voting Rights Act,,DEM,Yes,497,202,295
Travis,237,Referendum Item #5 - On Campus Carry,,DEM,Yes,554,221,333
Travis,237,Referendum Item #6 - On Comprehensive Immigration Reform,,DEM,Yes,542,212,330
Travis,238,Referendum Item #1 - On Economic Security & Prosperity,,DEM,Yes,743,294,449
Travis,238,Referendum Item #2 - On A Fair Criminal Justice System,,DEM,Yes,767,297,470
Travis,238,Referendum Item #3 - On Climate,,DEM,Yes,794,309,485
Travis,238,Referendum Item #4 - On The Voting Rights Act,,DEM,Yes,696,287,409
Travis,238,Referendum Item #5 - On Campus Carry,,DEM,Yes,778,300,478
Travis,238,Referendum Item #6 - On Comprehensive Immigration Reform,,DEM,Yes,784,305,479
Travis,239,Referendum Item #1 - On Economic Security & Prosperity,,DEM,Yes,825,332,493
Travis,239,Referendum Item #2 - On A Fair Criminal Justice System,,DEM,Yes,838,332,506
Travis,239,Referendum Item #3 - On Climate,,DEM,Yes,860,341,519
Travis,239,Referendum Item #4 - On The Voting Rights Act,,DEM,Yes,795,316,479
Travis,239,Referendum Item #5 - On Campus Carry,,DEM,Yes,859,335,524
Travis,239,Referendum Item #6 - On Comprehensive Immigration Reform,,DEM,Yes,860,339,521
Travis,240,Referendum Item #1 - On Economic Security & Prosperity,,DEM,Yes,329,105,224
Travis,240,Referendum Item #2 - On A Fair Criminal Justice System,,DEM,Yes,336,110,226
Travis,240,Referendum Item #3 - On Climate,,DEM,Yes,342,106,236
Travis,240,Referendum Item #4 - On The Voting Rights Act,,DEM,Yes,312,105,207
Travis,240,Referendum Item #5 - On Campus Carry,,DEM,Yes,329,105,224
Travis,240,Referendum Item #6 - On Comprehensive Immigration Reform,,DEM,Yes,336,107,229
Travis,241,Referendum Item #1 - On Economic Security & Prosperity,,DEM,Yes,553,193,360
Travis,241,Referendum Item #2 - On A Fair Criminal Justice System,,DEM,Yes,558,193,365
Travis,241,Referendum Item #3 - On Climate,,DEM,Yes,568,193,375
Travis,241,Referendum Item #4 - On The Voting Rights Act,,DEM,Yes,536,191,345
Travis,241,Referendum Item #5 - On Campus Carry,,DEM,Yes,554,195,359
Travis,241,Referendum Item #6 - On Comprehensive Immigration Reform,,DEM,Yes,556,191,365
Travis,242,Referendum Item #1 - On Economic Security & Prosperity,,DEM,Yes,1714,724,990
Travis,242,Referendum Item #2 - On A Fair Criminal Justice System,,DEM,Yes,1709,728,981
Travis,242,Referendum Item #3 - On Climate,,DEM,Yes,1770,751,1019
Travis,242,Referendum Item #4 - On The Voting Rights Act,,DEM,Yes,1577,673,904
Travis,242,Referendum Item #5 - On Campus Carry,,DEM,Yes,1696,729,967
Travis,242,Referendum Item #6 - On Comprehensive Immigration Reform,,DEM,Yes,1714,726,988
Travis,243,Referendum Item #1 - On Economic Security & Prosperity,,DEM,Yes,555,278,277
Travis,243,Referendum Item #2 - On A Fair Criminal Justice System,,DEM,Yes,550,273,277
Travis,243,Referendum Item #3 - On Climate,,DEM,Yes,573,280,293
Travis,243,Referendum Item #4 - On The Voting Rights Act,,DEM,Yes,508,255,253
Travis,243,Referendum Item #5 - On Campus Carry,,DEM,Yes,552,270,282
Travis,243,Referendum Item #6 - On Comprehensive Immigration Reform,,DEM,Yes,557,273,284
Travis,244,Referendum Item #1 - On Economic Security & Prosperity,,DEM,Yes,451,236,215
Travis,244,Referendum Item #2 - On A Fair Criminal Justice System,,DEM,Yes,468,234,234
Travis,244,Referendum Item #3 - On Climate,,DEM,Yes,478,242,236
Travis,244,Referendum Item #4 - On The Voting Rights Act,,DEM,Yes,427,222,205
Travis,244,Referendum Item #5 - On Campus Carry,,DEM,Yes,449,236,213
Travis,244,Referendum Item #6 - On Comprehensive Immigration Reform,,DEM,Yes,463,234,229
Travis,245,Referendum Item #1 - On Economic Security & Prosperity,,DEM,Yes,164,60,104
Travis,245,Referendum Item #2 - On A Fair Criminal Justice System,,DEM,Yes,170,60,110
Travis,245,Referendum Item #3 - On Climate,,DEM,Yes,177,62,115
Travis,245,Referendum Item #4 - On The Voting Rights Act,,DEM,Yes,155,56,99
Travis,245,Referendum Item #5 - On Campus Carry,,DEM,Yes,169,61,108
Travis,245,Referendum Item #6 - On Comprehensive Immigration Reform,,DEM,Yes,174,62,112
Travis,246,Referendum Item #1 - On Economic Security & Prosperity,,DEM,Yes,456,179,277
Travis,246,Referendum Item #2 - On A Fair Criminal Justice System,,DEM,Yes,457,181,276
Travis,246,Referendum Item #3 - On Climate,,DEM,Yes,465,180,285
Travis,246,Referendum Item #4 - On The Voting Rights Act,,DEM,Yes,415,165,250
Travis,246,Referendum Item #5 - On Campus Carry,,DEM,Yes,455,179,276
Travis,246,Referendum Item #6 - On Comprehensive Immigration Reform,,DEM,Yes,459,186,273
Travis,247,Referendum Item #1 - On Economic Security & Prosperity,,DEM,Yes,156,59,97
Travis,247,Referendum Item #2 - On A Fair Criminal Justice System,,DEM,Yes,167,64,103
Travis,247,Referendum Item #3 - On Climate,,DEM,Yes,159,61,98
Travis,247,Referendum Item #4 - On The Voting Rights Act,,DEM,Yes,148,60,88
Travis,247,Referendum Item #5 - On Campus Carry,,DEM,Yes,167,65,102
Travis,247,Referendum Item #6 - On Comprehensive Immigration Reform,,DEM,Yes,163,64,99
Travis,248,Referendum Item #1 - On Economic Security & Prosperity,,DEM,Yes,693,284,409
Travis,248,Referendum Item #2 - On A Fair Criminal Justice System,,DEM,Yes,684,283,401
Travis,248,Referendum Item #3 - On Climate,,DEM,Yes,713,293,420
Travis,248,Referendum Item #4 - On The Voting Rights Act,,DEM,Yes,645,275,370
Travis,248,Referendum Item #5 - On Campus Carry,,DEM,Yes,677,281,396
Travis,248,Referendum Item #6 - On Comprehensive Immigration Reform,,DEM,Yes,690,285,405
Travis,249,Referendum Item #1 - On Economic Security & Prosperity,,DEM,Yes,726,321,405
Travis,249,Referendum Item #2 - On A Fair Criminal Justice System,,DEM,Yes,745,325,420
Travis,249,Referendum Item #3 - On Climate,,DEM,Yes,757,332,425
Travis,249,Referendum Item #4 - On The Voting Rights Act,,DEM,Yes,687,309,378
Travis,249,Referendum Item #5 - On Campus Carry,,DEM,Yes,730,326,404
Travis,249,Referendum Item #6 - On Comprehensive Immigration Reform,,DEM,Yes,745,327,418
Travis,250,Referendum Item #1 - On Economic Security & Prosperity,,DEM,Yes,1362,566,796
Travis,250,Referendum Item #2 - On A Fair Criminal Justice System,,DEM,Yes,1376,572,804
Travis,250,Referendum Item #3 - On Climate,,DEM,Yes,1416,583,833
Travis,250,Referendum Item #4 - On The Voting Rights Act,,DEM,Yes,1278,542,736
Travis,250,Referendum Item #5 - On Campus Carry,,DEM,Yes,1381,583,798
Travis,250,Referendum Item #6 - On Comprehensive Immigration Reform,,DEM,Yes,1385,582,803
Travis,251,Referendum Item #1 - On Economic Security & Prosperity,,DEM,Yes,738,338,400
Travis,251,Referendum Item #2 - On A Fair Criminal Justice System,,DEM,Yes,752,342,410
Travis,251,Referendum Item #3 - On Climate,,DEM,Yes,783,354,429
Travis,251,Referendum Item #4 - On The Voting Rights Act,,DEM,Yes,703,327,376
Travis,251,Referendum Item #5 - On Campus Carry,,DEM,Yes,772,352,420
Travis,251,Referendum Item #6 - On Comprehensive Immigration Reform,,DEM,Yes,770,348,422
Travis,252,Referendum Item #1 - On Economic Security & Prosperity,,DEM,Yes,749,339,410
Travis,252,Referendum Item #2 - On A Fair Criminal Justice System,,DEM,Yes,743,338,405
Travis,252,Referendum Item #3 - On Climate,,DEM,Yes,765,350,415
Travis,252,Referendum Item #4 - On The Voting Rights Act,,DEM,Yes,679,314,365
Travis,252,Referendum Item #5 - On Campus Carry,,DEM,Yes,738,334,404
Travis,252,Referendum Item #6 - On Comprehensive Immigration Reform,,DEM,Yes,742,336,406
Travis,253,Referendum Item #1 - On Economic Security & Prosperity,,DEM,Yes,629,297,332
Travis,253,Referendum Item #2 - On A Fair Criminal Justice System,,DEM,Yes,652,310,342
Travis,253,Referendum Item #3 - On Climate,,DEM,Yes,669,316,353
Travis,253,Referendum Item #4 - On The Voting Rights Act,,DEM,Yes,598,283,315
Travis,253,Referendum Item #5 - On Campus Carry,,DEM,Yes,667,324,343
Travis,253,Referendum Item #6 - On Comprehensive Immigration Reform,,DEM,Yes,665,315,350
Travis,254,Referendum Item #1 - On Economic Security & Prosperity,,DEM,Yes,614,265,349
Travis,254,Referendum Item #2 - On A Fair Criminal Justice System,,DEM,Yes,625,268,357
Travis,254,Referendum Item #3 - On Climate,,DEM,Yes,662,281,381
Travis,254,Referendum Item #4 - On The Voting Rights Act,,DEM,Yes,567,243,324
Travis,254,Referendum Item #5 - On Campus Carry,,DEM,Yes,636,278,358
Travis,254,Referendum Item #6 - On Comprehensive Immigration Reform,,DEM,Yes,620,267,353
Travis,256,Referendum Item #1 - On Economic Security & Prosperity,,DEM,Yes,358,178,180
Travis,256,Referendum Item #2 - On A Fair Criminal Justice System,,DEM,Yes,373,189,184
Travis,256,Referendum Item #3 - On Climate,,DEM,Yes,395,196,199
Travis,256,Referendum Item #4 - On The Voting Rights Act,,DEM,Yes,345,178,167
Travis,256,Referendum Item #5 - On Campus Carry,,DEM,Yes,389,194,195
Travis,256,Referendum Item #6 - On Comprehensive Immigration Reform,,DEM,Yes,388,194,194
Travis,258,Referendum Item #1 - On Economic Security & Prosperity,,DEM,Yes,580,249,331
Travis,258,Referendum Item #2 - On A Fair Criminal Justice System,,DEM,Yes,589,255,334
Travis,258,Referendum Item #3 - On Climate,,DEM,Yes,611,262,349
Travis,258,Referendum Item #4 - On The Voting Rights Act,,DEM,Yes,529,236,293
Travis,258,Referendum Item #5 - On Campus Carry,,DEM,Yes,560,253,307
Travis,258,Referendum Item #6 - On Comprehensive Immigration Reform,,DEM,Yes,594,253,341
Travis,259,Referendum Item #1 - On Economic Security & Prosperity,,DEM,Yes,644,243,401
Travis,259,Referendum Item #2 - On A Fair Criminal Justice System,,DEM,Yes,654,245,409
Travis,259,Referendum Item #3 - On Climate,,DEM,Yes,657,245,412
Travis,259,Referendum Item #4 - On The Voting Rights Act,,DEM,Yes,592,226,366
Travis,259,Referendum Item #5 - On Campus Carry,,DEM,Yes,620,236,384
Travis,259,Referendum Item #6 - On Comprehensive Immigration Reform,,DEM,Yes,639,238,401
Travis,260,Referendum Item #1 - On Economic Security & Prosperity,,DEM,Yes,201,65,136
Travis,260,Referendum Item #2 - On A Fair Criminal Justice System,,DEM,Yes,203,67,136
Travis,260,Referendum Item #3 - On Climate,,DEM,Yes,202,66,136
Travis,260,Referendum Item #4 - On The Voting Rights Act,,DEM,Yes,184,60,124
Travis,260,Referendum Item #5 - On Campus Carry,,DEM,Yes,186,63,123
Travis,260,Referendum Item #6 - On Comprehensive Immigration Reform,,DEM,Yes,194,64,130
Travis,262,Referendum Item #1 - On Economic Security & Prosperity,,DEM,Yes,1070,497,573
Travis,262,Referendum Item #2 - On A Fair Criminal Justice System,,DEM,Yes,1096,511,585
Travis,262,Referendum Item #3 - On Climate,,DEM,Yes,1106,509,597
Travis,262,Referendum Item #4 - On The Voting Rights Act,,DEM,Yes,994,468,526
Travis,262,Referendum Item #5 - On Campus Carry,,DEM,Yes,1079,512,567
Travis,262,Referendum Item #6 - On Comprehensive Immigration Reform,,DEM,Yes,1090,511,579
Travis,263,Referendum Item #1 - On Economic Security & Prosperity,,DEM,Yes,655,231,424
Travis,263,Referendum Item #2 - On A Fair Criminal Justice System,,DEM,Yes,680,239,441
Travis,263,Referendum Item #3 - On Climate,,DEM,Yes,684,241,443
Travis,263,Referendum Item #4 - On The Voting Rights Act,,DEM,Yes,623,226,397
Travis,263,Referendum Item #5 - On Campus Carry,,DEM,Yes,629,221,408
Travis,263,Referendum Item #6 - On Comprehensive Immigration Reform,,DEM,Yes,666,239,427
Travis,266,Referendum Item #1 - On Economic Security & Prosperity,,DEM,Yes,94,54,40
Travis,266,Referendum Item #2 - On A Fair Criminal Justice System,,DEM,Yes,100,58,42
Travis,266,Referendum Item #3 - On Climate,,DEM,Yes,104,61,43
Travis,266,Referendum Item #4 - On The Voting Rights Act,,DEM,Yes,99,56,43
Travis,266,Referendum Item #5 - On Campus Carry,,DEM,Yes,106,60,46
Travis,266,Referendum Item #6 - On Comprehensive Immigration Reform,,DEM,Yes,105,59,46
Travis,267,Referendum Item #1 - On Economic Security & Prosperity,,DEM,Yes,316,167,149
Travis,267,Referendum Item #2 - On A Fair Criminal Justice System,,DEM,Yes,317,167,150
Travis,267,Referendum Item #3 - On Climate,,DEM,Yes,319,167,152
Travis,267,Referendum Item #4 - On The Voting Rights Act,,DEM,Yes,288,154,134
Travis,267,Referendum Item #5 - On Campus Carry,,DEM,Yes,300,153,147
Travis,267,Referendum Item #6 - On Comprehensive Immigration Reform,,DEM,Yes,315,164,151
Travis,268,Referendum Item #1 - On Economic Security & Prosperity,,DEM,Yes,238,85,153
Travis,268,Referendum Item #2 - On A Fair Criminal Justice System,,DEM,Yes,230,83,147
Travis,268,Referendum Item #3 - On Climate,,DEM,Yes,228,83,145
Travis,268,Referendum Item #4 - On The Voting Rights Act,,DEM,Yes,229,82,147
Travis,268,Referendum Item #5 - On Campus Carry,,DEM,Yes,224,81,143
Travis,268,Referendum Item #6 - On Comprehensive Immigration Reform,,DEM,Yes,229,85,144
Travis,273,Referendum Item #1 - On Economic Security & Prosperity,,DEM,Yes,932,385,547
Travis,273,Referendum Item #2 - On A Fair Criminal Justice System,,DEM,Yes,943,396,547
Travis,273,Referendum Item #3 - On Climate,,DEM,Yes,978,407,571
Travis,273,Referendum Item #4 - On The Voting Rights Act,,DEM,Yes,880,378,502
Travis,273,Referendum Item #5 - On Campus Carry,,DEM,Yes,975,408,567
Travis,273,Referendum Item #6 - On Comprehensive Immigration Reform,,DEM,Yes,962,402,560
Travis,274,Referendum Item #1 - On Economic Security & Prosperity,,DEM,Yes,910,413,497
Travis,274,Referendum Item #2 - On A Fair Criminal Justice System,,DEM,Yes,907,405,502
Travis,274,Referendum Item #3 - On Climate,,DEM,Yes,948,423,525
Travis,274,Referendum Item #4 - On The Voting Rights Act,,DEM,Yes,825,386,439
Travis,274,Referendum Item #5 - On Campus Carry,,DEM,Yes,907,412,495
Travis,274,Referendum Item #6 - On Comprehensive Immigration Reform,,DEM,Yes,907,413,494
Travis,275,Referendum Item #1 - On Economic Security & Prosperity,,DEM,Yes,1167,479,688
Travis,275,Referendum Item #2 - On A Fair Criminal Justice System,,DEM,Yes,1152,478,674
Travis,275,Referendum Item #3 - On Climate,,DEM,Yes,1204,494,710
Travis,275,Referendum Item #4 - On The Voting Rights Act,,DEM,Yes,1064,441,623
Travis,275,Referendum Item #5 - On Campus Carry,,DEM,Yes,1161,473,688
Travis,275,Referendum Item #6 - On Comprehensive Immigration Reform,,DEM,Yes,1161,476,685
Travis,277,Referendum Item #1 - On Economic Security & Prosperity,,DEM,Yes,1214,674,540
Travis,277,Referendum Item #2 - On A Fair Criminal Justice System,,DEM,Yes,1228,685,543
Travis,277,Referendum Item #3 - On Climate,,DEM,Yes,1271,708,563
Travis,277,Referendum Item #4 - On The Voting Rights Act,,DEM,Yes,1113,621,492
Travis,277,Referendum Item #5 - On Campus Carry,,DEM,Yes,1221,676,545
Travis,277,Referendum Item #6 - On Comprehensive Immigration Reform,,DEM,Yes,1232,686,546
Travis,301,Referendum Item #1 - On Economic Security & Prosperity,,DEM,Yes,298,121,177
Travis,301,Referendum Item #2 - On A Fair Criminal Justice System,,DEM,Yes,299,119,180
Travis,301,Referendum Item #3 - On Climate,,DEM,Yes,312,126,186
Travis,301,Referendum Item #4 - On The Voting Rights Act,,DEM,Yes,267,109,158
Travis,301,Referendum Item #5 - On Campus Carry,,DEM,Yes,295,121,174
Travis,301,Referendum Item #6 - On Comprehensive Immigration Reform,,DEM,Yes,303,123,180
Travis,302,Referendum Item #1 - On Economic Security & Prosperity,,DEM,Yes,552,281,271
Travis,302,Referendum Item #2 - On A Fair Criminal Justice System,,DEM,Yes,573,286,287
Travis,302,Referendum Item #3 - On Climate,,DEM,Yes,578,288,290
Travis,302,Referendum Item #4 - On The Voting Rights Act,,DEM,Yes,531,274,257
Travis,302,Referendum Item #5 - On Campus Carry,,DEM,Yes,546,280,266
Travis,302,Referendum Item #6 - On Comprehensive Immigration Reform,,DEM,Yes,564,285,279
Travis,303,Referendum Item #1 - On Economic Security & Prosperity,,DEM,Yes,493,228,265
Travis,303,Referendum Item #2 - On A Fair Criminal Justice System,,DEM,Yes,509,237,272
Travis,303,Referendum Item #3 - On Climate,,DEM,Yes,521,237,284
Travis,303,Referendum Item #4 - On The Voting Rights Act,,DEM,Yes,460,221,239
Travis,303,Referendum Item #5 - On Campus Carry,,DEM,Yes,488,229,259
Travis,303,Referendum Item #6 - On Comprehensive Immigration Reform,,DEM,Yes,506,236,270
Travis,304,Referendum Item #1 - On Economic Security & Prosperity,,DEM,Yes,744,317,427
Travis,304,Referendum Item #2 - On A Fair Criminal Justice System,,DEM,Yes,759,327,432
Travis,304,Referendum Item #3 - On Climate,,DEM,Yes,784,330,454
Travis,304,Referendum Item #4 - On The Voting Rights Act,,DEM,Yes,714,299,415
Travis,304,Referendum Item #5 - On Campus Carry,,DEM,Yes,770,326,444
Travis,304,Referendum Item #6 - On Comprehensive Immigration Reform,,DEM,Yes,777,333,444
Travis,305,Referendum Item #1 - On Economic Security & Prosperity,,DEM,Yes,3,2,1
Travis,305,Referendum Item #2 - On A Fair Criminal Justice System,,DEM,Yes,3,2,1
Travis,305,Referendum Item #3 - On Climate,,DEM,Yes,3,2,1
Travis,305,Referendum Item #4 - On The Voting Rights Act,,DEM,Yes,3,2,1
Travis,305,Referendum Item #5 - On Campus Carry,,DEM,Yes,3,2,1
Travis,305,Referendum Item #6 - On Comprehensive Immigration Reform,,DEM,Yes,3,2,1
Travis,306,Referendum Item #1 - On Economic Security & Prosperity,,DEM,Yes,308,168,140
Travis,306,Referendum Item #2 - On A Fair Criminal Justice System,,DEM,Yes,321,177,144
Travis,306,Referendum Item #3 - On Climate,,DEM,Yes,323,177,146
Travis,306,Referendum Item #4 - On The Voting Rights Act,,DEM,Yes,292,159,133
Travis,306,Referendum Item #5 - On Campus Carry,,DEM,Yes,302,162,140
Travis,306,Referendum Item #6 - On Comprehensive Immigration Reform,,DEM,Yes,321,176,145
Travis,307,Referendum Item #1 - On Economic Security & Prosperity,,DEM,Yes,285,132,153
Travis,307,Referendum Item #2 - On A Fair Criminal Justice System,,DEM,Yes,292,136,156
Travis,307,Referendum Item #3 - On Climate,,DEM,Yes,304,142,162
Travis,307,Referendum Item #4 - On The Voting Rights Act,,DEM,Yes,269,125,144
Travis,307,Referendum Item #5 - On Campus Carry,,DEM,Yes,294,143,151
Travis,307,Referendum Item #6 - On Comprehensive Immigration Reform,,DEM,Yes,294,139,155
Travis,308,Referendum Item #1 - On Economic Security & Prosperity,,DEM,Yes,550,240,310
Travis,308,Referendum Item #2 - On A Fair Criminal Justice System,,DEM,Yes,558,246,312
Travis,308,Referendum Item #3 - On Climate,,DEM,Yes,572,249,323
Travis,308,Referendum Item #4 - On The Voting Rights Act,,DEM,Yes,530,231,299
Travis,308,Referendum Item #5 - On Campus Carry,,DEM,Yes,530,240,290
Travis,308,Referendum Item #6 - On Comprehensive Immigration Reform,,DEM,Yes,562,246,316
Travis,309,Referendum Item #1 - On Economic Security & Prosperity,,DEM,Yes,514,256,258
Travis,309,Referendum Item #2 - On A Fair Criminal Justice System,,DEM,Yes,522,262,260
Travis,309,Referendum Item #3 - On Climate,,DEM,Yes,536,266,270
Travis,309,Referendum Item #4 - On The Voting Rights Act,,DEM,Yes,463,243,220
Travis,309,Referendum Item #5 - On Campus Carry,,DEM,Yes,494,249,245
Travis,309,Referendum Item #6 - On Comprehensive Immigration Reform,,DEM,Yes,532,267,265
Travis,310,Referendum Item #1 - On Economic Security & Prosperity,,DEM,Yes,839,379,460
Travis,310,Referendum Item #2 - On A Fair Criminal Justice System,,DEM,Yes,863,403,460
Travis,310,Referendum Item #3 - On Climate,,DEM,Yes,865,399,466
Travis,310,Referendum Item #4 - On The Voting Rights Act,,DEM,Yes,792,367,425
Travis,310,Referendum Item #5 - On Campus Carry,,DEM,Yes,794,380,414
Travis,310,Referendum Item #6 - On Comprehensive Immigration Reform,,DEM,Yes,848,394,454
Travis,311,Referendum Item #1 - On Economic Security & Prosperity,,DEM,Yes,1211,696,515
Travis,311,Referendum Item #2 - On A Fair Criminal Justice System,,DEM,Yes,1214,697,517
Travis,311,Referendum Item #3 - On Climate,,DEM,Yes,1246,713,533
Travis,311,Referendum Item #4 - On The Voting Rights Act,,DEM,Yes,1105,639,466
Travis,311,Referendum Item #5 - On Campus Carry,,DEM,Yes,1180,679,501
Travis,311,Referendum Item #6 - On Comprehensive Immigration Reform,,DEM,Yes,1223,700,523
Travis,312,Referendum Item #1 - On Economic Security & Prosperity,,DEM,Yes,265,125,140
Travis,312,Referendum Item #2 - On A Fair Criminal Justice System,,DEM,Yes,273,129,144
Travis,312,Referendum Item #3 - On Climate,,DEM,Yes,282,131,151
Travis,312,Referendum Item #4 - On The Voting Rights Act,,DEM,Yes,251,120,131
Travis,312,Referendum Item #5 - On Campus Carry,,DEM,Yes,248,116,132
Travis,312,Referendum Item #6 - On Comprehensive Immigration Reform,,DEM,Yes,269,126,143
Travis,313,Referendum Item #1 - On Economic Security & Prosperity,,DEM,Yes,116,50,66
Travis,313,Referendum Item #2 - On A Fair Criminal Justice System,,DEM,Yes,118,49,69
Travis,313,Referendum Item #3 - On Climate,,DEM,Yes,120,50,70
Travis,313,Referendum Item #4 - On The Voting Rights Act,,DEM,Yes,106,43,63
Travis,313,Referendum Item #5 - On Campus Carry,,DEM,Yes,119,50,69
Travis,313,Referendum Item #6 - On Comprehensive Immigration Reform,,DEM,Yes,122,52,70
Travis,314,Referendum Item #1 - On Economic Security & Prosperity,,DEM,Yes,503,245,258
Travis,314,Referendum Item #2 - On A Fair Criminal Justice System,,DEM,Yes,517,256,261
Travis,314,Referendum Item #3 - On Climate,,DEM,Yes,525,258,267
Travis,314,Referendum Item #4 - On The Voting Rights Act,,DEM,Yes,481,241,240
Travis,314,Referendum Item #5 - On Campus Carry,,DEM,Yes,512,256,256
Travis,314,Referendum Item #6 - On Comprehensive Immigration Reform,,DEM,Yes,525,262,263
Travis,315,Referendum Item #1 - On Economic Security & Prosperity,,DEM,Yes,754,335,419
Travis,315,Referendum Item #2 - On A Fair Criminal Justice System,,DEM,Yes,765,340,425
Travis,315,Referendum Item #3 - On Climate,,DEM,Yes,780,336,444
Travis,315,Referendum Item #4 - On The Voting Rights Act,,DEM,Yes,717,322,395
Travis,315,Referendum Item #5 - On Campus Carry,,DEM,Yes,758,340,418
Travis,315,Referendum Item #6 - On Comprehensive Immigration Reform,,DEM,Yes,784,346,438
Travis,316,Referendum Item #1 - On Economic Security & Prosperity,,DEM,Yes,294,117,177
Travis,316,Referendum Item #2 - On A Fair Criminal Justice System,,DEM,Yes,294,116,178
Travis,316,Referendum Item #3 - On Climate,,DEM,Yes,298,119,179
Travis,316,Referendum Item #4 - On The Voting Rights Act,,DEM,Yes,261,102,159
Travis,316,Referendum Item #5 - On Campus Carry,,DEM,Yes,284,120,164
Travis,316,Referendum Item #6 - On Comprehensive Immigration Reform,,DEM,Yes,291,115,176
Travis,317,Referendum Item #1 - On Economic Security & Prosperity,,DEM,Yes,438,210,228
Travis,317,Referendum Item #2 - On A Fair Criminal Justice System,,DEM,Yes,457,215,242
Travis,317,Referendum Item #3 - On Climate,,DEM,Yes,468,222,246
Travis,317,Referendum Item #4 - On The Voting Rights Act,,DEM,Yes,416,204,212
Travis,317,Referendum Item #5 - On Campus Carry,,DEM,Yes,474,231,243
Travis,317,Referendum Item #6 - On Comprehensive Immigration Reform,,DEM,Yes,459,223,236
Travis,318,Referendum Item #1 - On Economic Security & Prosperity,,DEM,Yes,96,35,61
Travis,318,Referendum Item #2 - On A Fair Criminal Justice System,,DEM,Yes,104,38,66
Travis,318,Referendum Item #3 - On Climate,,DEM,Yes,111,42,69
Travis,318,Referendum Item #4 - On The Voting Rights Act,,DEM,Yes,97,35,62
Travis,318,Referendum Item #5 - On Campus Carry,,DEM,Yes,103,39,64
Travis,318,Referendum Item #6 - On Comprehensive Immigration Reform,,DEM,Yes,95,34,61
Travis,319,Referendum Item #1 - On Economic Security & Prosperity,,DEM,Yes,236,120,116
Travis,319,Referendum Item #2 - On A Fair Criminal Justice System,,DEM,Yes,239,117,122
Travis,319,Referendum Item #3 - On Climate,,DEM,Yes,240,119,121
Travis,319,Referendum Item #4 - On The Voting Rights Act,,DEM,Yes,210,108,102
Travis,319,Referendum Item #5 - On Campus Carry,,DEM,Yes,231,113,118
Travis,319,Referendum Item #6 - On Comprehensive Immigration Reform,,DEM,Yes,243,120,123
Travis,320,Referendum Item #1 - On Economic Security & Prosperity,,DEM,Yes,179,114,65
Travis,320,Referendum Item #2 - On A Fair Criminal Justice System,,DEM,Yes,179,113,66
Travis,320,Referendum Item #3 - On Climate,,DEM,Yes,183,115,68
Travis,320,Referendum Item #4 - On The Voting Rights Act,,DEM,Yes,171,108,63
Travis,320,Referendum Item #5 - On Campus Carry,,DEM,Yes,179,115,64
Travis,320,Referendum Item #6 - On Comprehensive Immigration Reform,,DEM,Yes,183,117,66
Travis,321,Referendum Item #1 - On Economic Security & Prosperity,,DEM,Yes,154,78,76
Travis,321,Referendum Item #2 - On A Fair Criminal Justice System,,DEM,Yes,158,79,79
Travis,321,Referendum Item #3 - On Climate,,DEM,Yes,165,84,81
Travis,321,Referendum Item #4 - On The Voting Rights Act,,DEM,Yes,141,71,70
Travis,321,Referendum Item #5 - On Campus Carry,,DEM,Yes,162,87,75
Travis,321,Referendum Item #6 - On Comprehensive Immigration Reform,,DEM,Yes,153,76,77
Travis,323,Referendum Item #1 - On Economic Security & Prosperity,,DEM,Yes,476,216,260
Travis,323,Referendum Item #2 - On A Fair Criminal Justice System,,DEM,Yes,471,212,259
Travis,323,Referendum Item #3 - On Climate,,DEM,Yes,498,223,275
Travis,323,Referendum Item #4 - On The Voting Rights Act,,DEM,Yes,432,186,246
Travis,323,Referendum Item #5 - On Campus Carry,,DEM,Yes,464,211,253
Travis,323,Referendum Item #6 - On Comprehensive Immigration Reform,,DEM,Yes,475,211,264
Travis,324,Referendum Item #1 - On Economic Security & Prosperity,,DEM,Yes,459,226,233
Travis,324,Referendum Item #2 - On A Fair Criminal Justice System,,DEM,Yes,460,229,231
Travis,324,Referendum Item #3 - On Climate,,DEM,Yes,482,239,243
Travis,324,Referendum Item #4 - On The Voting Rights Act,,DEM,Yes,439,220,219
Travis,324,Referendum Item #5 - On Campus Carry,,DEM,Yes,462,233,229
Travis,324,Referendum Item #6 - On Comprehensive Immigration Reform,,DEM,Yes,475,236,239
Travis,325,Referendum Item #1 - On Economic Security & Prosperity,,DEM,Yes,16,8,8
Travis,325,Referendum Item #2 - On A Fair Criminal Justice System,,DEM,Yes,15,7,8
Travis,325,Referendum Item #3 - On Climate,,DEM,Yes,15,7,8
Travis,325,Referendum Item #4 - On The Voting Rights Act,,DEM,Yes,16,8,8
Travis,325,Referendum Item #5 - On Campus Carry,,DEM,Yes,14,8,6
Travis,325,Referendum Item #6 - On Comprehensive Immigration Reform,,DEM,Yes,15,7,8
Travis,326,Referendum Item #1 - On Economic Security & Prosperity,,DEM,Yes,399,155,244
Travis,326,Referendum Item #2 - On A Fair Criminal Justice System,,DEM,Yes,412,162,250
Travis,326,Referendum Item #3 - On Climate,,DEM,Yes,420,158,262
Travis,326,Referendum Item #4 - On The Voting Rights Act,,DEM,Yes,373,145,228
Travis,326,Referendum Item #5 - On Campus Carry,,DEM,Yes,408,157,251
Travis,326,Referendum Item #6 - On Comprehensive Immigration Reform,,DEM,Yes,413,157,256
Travis,327,Referendum Item #1 - On Economic Security & Prosperity,,DEM,Yes,596,265,331
Travis,327,Referendum Item #2 - On A Fair Criminal Justice System,,DEM,Yes,602,266,336
Travis,327,Referendum Item #3 - On Climate,,DEM,Yes,638,277,361
Travis,327,Referendum Item #4 - On The Voting Rights Act,,DEM,Yes,550,249,301
Travis,327,Referendum Item #5 - On Campus Carry,,DEM,Yes,611,266,345
Travis,327,Referendum Item #6 - On Comprehensive Immigration Reform,,DEM,Yes,614,272,342
Travis,328,Referendum Item #1 - On Economic Security & Prosperity,,DEM,Yes,847,374,473
Travis,328,Referendum Item #2 - On A Fair Criminal Justice System,,DEM,Yes,855,376,479
Travis,328,Referendum Item #3 - On Climate,,DEM,Yes,876,379,497
Travis,328,Referendum Item #4 - On The Voting Rights Act,,DEM,Yes,766,337,429
Travis,328,Referendum Item #5 - On Campus Carry,,DEM,Yes,831,370,461
Travis,328,Referendum Item #6 - On Comprehensive Immigration Reform,,DEM,Yes,848,365,483
Travis,329,Referendum Item #1 - On Economic Security & Prosperity,,DEM,Yes,521,243,278
Travis,329,Referendum Item #2 - On A Fair Criminal Justice System,,DEM,Yes,538,257,281
Travis,329,Referendum Item #3 - On Climate,,DEM,Yes,570,263,307
Travis,329,Referendum Item #4 - On The Voting Rights Act,,DEM,Yes,495,233,262
Travis,329,Referendum Item #5 - On Campus Carry,,DEM,Yes,547,257,290
Travis,329,Referendum Item #6 - On Comprehensive Immigration Reform,,DEM,Yes,548,254,294
Travis,330,Referendum Item #1 - On Economic Security & Prosperity,,DEM,Yes,402,172,230
Travis,330,Referendum Item #2 - On A Fair Criminal Justice System,,DEM,Yes,423,181,242
Travis,330,Referendum Item #3 - On Climate,,DEM,Yes,441,185,256
Travis,330,Referendum Item #4 - On The Voting Rights Act,,DEM,Yes,395,170,225
Travis,330,Referendum Item #5 - On Campus Carry,,DEM,Yes,428,186,242
Travis,330,Referendum Item #6 - On Comprehensive Immigration Reform,,DEM,Yes,438,181,257
Travis,331,Referendum Item #1 - On Economic Security & Prosperity,,DEM,Yes,570,185,385
Travis,331,Referendum Item #2 - On A Fair Criminal Justice System,,DEM,Yes,590,194,396
Travis,331,Referendum Item #3 - On Climate,,DEM,Yes,613,196,417
Travis,331,Referendum Item #4 - On The Voting Rights Act,,DEM,Yes,544,190,354
Travis,331,Referendum Item #5 - On Campus Carry,,DEM,Yes,597,199,398
Travis,331,Referendum Item #6 - On Comprehensive Immigration Reform,,DEM,Yes,601,198,403
Travis,332,Referendum Item #1 - On Economic Security & Prosperity,,DEM,Yes,1038,354,684
Travis,332,Referendum Item #2 - On A Fair Criminal Justice System,,DEM,Yes,1024,352,672
Travis,332,Referendum Item #3 - On Climate,,DEM,Yes,1065,362,703
Travis,332,Referendum Item #4 - On The Voting Rights Act,,DEM,Yes,944,333,611
Travis,332,Referendum Item #5 - On Campus Carry,,DEM,Yes,1060,354,706
Travis,332,Referendum Item #6 - On Comprehensive Immigration Reform,,DEM,Yes,1048,355,693
Travis,333,Referendum Item #1 - On Economic Security & Prosperity,,DEM,Yes,465,132,333
Travis,333,Referendum Item #2 - On A Fair Criminal Justice System,,DEM,Yes,483,132,351
Travis,333,Referendum Item #3 - On Climate,,DEM,Yes,495,136,359
Travis,333,Referendum Item #4 - On The Voting Rights Act,,DEM,Yes,448,130,318
Travis,333,Referendum Item #5 - On Campus Carry,,DEM,Yes,478,134,344
Travis,333,Referendum Item #6 - On Comprehensive Immigration Reform,,DEM,Yes,493,136,357
Travis,334,Referendum Item #1 - On Economic Security & Prosperity,,DEM,Yes,375,152,223
Travis,334,Referendum Item #2 - On A Fair Criminal Justice System,,DEM,Yes,389,155,234
Travis,334,Referendum Item #3 - On Climate,,DEM,Yes,400,160,240
Travis,334,Referendum Item #4 - On The Voting Rights Act,,DEM,Yes,349,140,209
Travis,334,Referendum Item #5 - On Campus Carry,,DEM,Yes,382,153,229
Travis,334,Referendum Item #6 - On Comprehensive Immigration Reform,,DEM,Yes,384,156,228
Travis,335,Referendum Item #1 - On Economic Security & Prosperity,,DEM,Yes,422,175,247
Travis,335,Referendum Item #2 - On A Fair Criminal Justice System,,DEM,Yes,423,181,242
Travis,335,Referendum Item #3 - On Climate,,DEM,Yes,442,186,256
Travis,335,Referendum Item #4 - On The Voting Rights Act,,DEM,Yes,397,166,231
Travis,335,Referendum Item #5 - On Campus Carry,,DEM,Yes,431,183,248
Travis,335,Referendum Item #6 - On Comprehensive Immigration Reform,,DEM,Yes,443,184,259
Travis,336,Referendum Item #1 - On Economic Security & Prosperity,,DEM,Yes,390,152,238
Travis,336,Referendum Item #2 - On A Fair Criminal Justice System,,DEM,Yes,391,148,243
Travis,336,Referendum Item #3 - On Climate,,DEM,Yes,402,154,248
Travis,336,Referendum Item #4 - On The Voting Rights Act,,DEM,Yes,353,136,217
Travis,336,Referendum Item #5 - On Campus Carry,,DEM,Yes,386,150,236
Travis,336,Referendum Item #6 - On Comprehensive Immigration Reform,,DEM,Yes,388,145,243
Travis,337,Referendum Item #1 - On Economic Security & Prosperity,,DEM,Yes,710,266,444
Travis,337,Referendum Item #2 - On A Fair Criminal Justice System,,DEM,Yes,725,268,457
Travis,337,Referendum Item #3 - On Climate,,DEM,Yes,748,277,471
Travis,337,Referendum Item #4 - On The Voting Rights Act,,DEM,Yes,664,256,408
Travis,337,Referendum Item #5 - On Campus Carry,,DEM,Yes,733,276,457
Travis,337,Referendum Item #6 - On Comprehensive Immigration Reform,,DEM,Yes,725,269,456
Travis,338,Referendum Item #1 - On Economic Security & Prosperity,,DEM,Yes,915,341,574
Travis,338,Referendum Item #2 - On A Fair Criminal Justice System,,DEM,Yes,936,358,578
Travis,338,Referendum Item #3 - On Climate,,DEM,Yes,968,370,598
Travis,338,Referendum Item #4 - On The Voting Rights Act,,DEM,Yes,859,335,524
Travis,338,Referendum Item #5 - On Campus Carry,,DEM,Yes,916,353,563
Travis,338,Referendum Item #6 - On Comprehensive Immigration Reform,,DEM,Yes,941,362,579
Travis,339,Referendum Item #1 - On Economic Security & Prosperity,,DEM,Yes,398,181,217
Travis,339,Referendum Item #2 - On A Fair Criminal Justice System,,DEM,Yes,396,183,213
Travis,339,Referendum Item #3 - On Climate,,DEM,Yes,414,190,224
Travis,339,Referendum Item #4 - On The Voting Rights Act,,DEM,Yes,379,179,200
Travis,339,Referendum Item #5 - On Campus Carry,,DEM,Yes,383,176,207
Travis,339,Referendum Item #6 - On Comprehensive Immigration Reform,,DEM,Yes,397,180,217
Travis,340,Referendum Item #1 - On Economic Security & Prosperity,,DEM,Yes,688,266,422
Travis,340,Referendum Item #2 - On A Fair Criminal Justice System,,DEM,Yes,676,260,416
Travis,340,Referendum Item #3 - On Climate,,DEM,Yes,720,278,442
Travis,340,Referendum Item #4 - On The Voting Rights Act,,DEM,Yes,619,234,385
Travis,340,Referendum Item #5 - On Campus Carry,,DEM,Yes,678,268,410
Travis,340,Referendum Item #6 - On Comprehensive Immigration Reform,,DEM,Yes,676,259,417
Travis,341,Referendum Item #1 - On Economic Security & Prosperity,,DEM,Yes,11,2,9
Travis,341,Referendum Item #2 - On A Fair Criminal Justice System,,DEM,Yes,10,2,8
Travis,341,Referendum Item #3 - On Climate,,DEM,Yes,10,2,8
Travis,341,Referendum Item #4 - On The Voting Rights Act,,DEM,Yes,10,2,8
Travis,341,Referendum Item #5 - On Campus Carry,,DEM,Yes,11,2,9
Travis,341,Referendum Item #6 - On Comprehensive Immigration Reform,,DEM,Yes,11,2,9
Travis,342,Referendum Item #1 - On Economic Security & Prosperity,,DEM,Yes,1514,637,877
Travis,342,Referendum Item #2 - On A Fair Criminal Justice System,,DEM,Yes,1543,648,895
Travis,342,Referendum Item #3 - On Climate,,DEM,Yes,1607,668,939
Travis,342,Referendum Item #4 - On The Voting Rights Act,,DEM,Yes,1422,599,823
Travis,342,Referendum Item #5 - On Campus Carry,,DEM,Yes,1548,649,899
Travis,342,Referendum Item #6 - On Comprehensive Immigration Reform,,DEM,Yes,1576,660,916
Travis,343,Referendum Item #1 - On Economic Security & Prosperity,,DEM,Yes,289,101,188
Travis,343,Referendum Item #2 - On A Fair Criminal Justice System,,DEM,Yes,290,97,193
Travis,343,Referendum Item #3 - On Climate,,DEM,Yes,295,99,196
Travis,343,Referendum Item #4 - On The Voting Rights Act,,DEM,Yes,252,84,168
Travis,343,Referendum Item #5 - On Campus Carry,,DEM,Yes,262,86,176
Travis,343,Referendum Item #6 - On Comprehensive Immigration Reform,,DEM,Yes,276,96,180
Travis,344,Referendum Item #1 - On Economic Security & Prosperity,,DEM,Yes,507,220,287
Travis,344,Referendum Item #2 - On A Fair Criminal Justice System,,DEM,Yes,513,222,291
Travis,344,Referendum Item #3 - On Climate,,DEM,Yes,520,222,298
Travis,344,Referendum Item #4 - On The Voting Rights Act,,DEM,Yes,467,208,259
Travis,344,Referendum Item #5 - On Campus Carry,,DEM,Yes,501,215,286
Travis,344,Referendum Item #6 - On Comprehensive Immigration Reform,,DEM,Yes,518,223,295
Travis,345,Referendum Item #1 - On Economic Security & Prosperity,,DEM,Yes,1,1,0
Travis,345,Referendum Item #2 - On A Fair Criminal Justice System,,DEM,Yes,1,1,0
Travis,345,Referendum Item #3 - On Climate,,DEM,Yes,1,1,0
Travis,345,Referendum Item #4 - On The Voting Rights Act,,DEM,Yes,1,1,0
Travis,345,Referendum Item #5 - On Campus Carry,,DEM,Yes,1,1,0
Travis,345,Referendum Item #6 - On Comprehensive Immigration Reform,,DEM,Yes,1,1,0
Travis,346,Referendum Item #1 - On Economic Security & Prosperity,,DEM,Yes,254,153,101
Travis,346,Referendum Item #2 - On A Fair Criminal Justice System,,DEM,Yes,269,162,107
Travis,346,Referendum Item #3 - On Climate,,DEM,Yes,272,164,108
Travis,346,Referendum Item #4 - On The Voting Rights Act,,DEM,Yes,248,147,101
Travis,346,Referendum Item #5 - On Campus Carry,,DEM,Yes,265,158,107
Travis,346,Referendum Item #6 - On Comprehensive Immigration Reform,,DEM,Yes,270,162,108
Travis,347,Referendum Item #1 - On Economic Security & Prosperity,,DEM,Yes,477,240,237
Travis,347,Referendum Item #2 - On A Fair Criminal Justice System,,DEM,Yes,483,240,243
Travis,347,Referendum Item #3 - On Climate,,DEM,Yes,498,244,254
Travis,347,Referendum Item #4 - On The Voting Rights Act,,DEM,Yes,436,222,214
Travis,347,Referendum Item #5 - On Campus Carry,,DEM,Yes,501,254,247
Travis,347,Referendum Item #6 - On Comprehensive Immigration Reform,,DEM,Yes,495,248,247
Travis,349,Referendum Item #1 - On Economic Security & Prosperity,,DEM,Yes,995,429,566
Travis,349,Referendum Item #2 - On A Fair Criminal Justice System,,DEM,Yes,987,425,562
Travis,349,Referendum Item #3 - On Climate,,DEM,Yes,1005,430,575
Travis,349,Referendum Item #4 - On The Voting Rights Act,,DEM,Yes,892,394,498
Travis,349,Referendum Item #5 - On Campus Carry,,DEM,Yes,955,418,537
Travis,349,Referendum Item #6 - On Comprehensive Immigration Reform,,DEM,Yes,992,428,564
Travis,350,Referendum Item #1 - On Economic Security & Prosperity,,DEM,Yes,913,424,489
Travis,350,Referendum Item #2 - On A Fair Criminal Justice System,,DEM,Yes,932,435,497
Travis,350,Referendum Item #3 - On Climate,,DEM,Yes,963,446,517
Travis,350,Referendum Item #4 - On The Voting Rights Act,,DEM,Yes,860,401,459
Travis,350,Referendum Item #5 - On Campus Carry,,DEM,Yes,903,424,479
Travis,350,Referendum Item #6 - On Comprehensive Immigration Reform,,DEM,Yes,942,432,510
Travis,351,Referendum Item #1 - On Economic Security & Prosperity,,DEM,Yes,348,155,193
Travis,351,Referendum Item #2 - On A Fair Criminal Justice System,,DEM,Yes,360,160,200
Travis,351,Referendum Item #3 - On Climate,,DEM,Yes,365,163,202
Travis,351,Referendum Item #4 - On The Voting Rights Act,,DEM,Yes,313,140,173
Travis,351,Referendum Item #5 - On Campus Carry,,DEM,Yes,336,152,184
Travis,351,Referendum Item #6 - On Comprehensive Immigration Reform,,DEM,Yes,353,153,200
Travis,352,Referendum Item #1 - On Economic Security & Prosperity,,DEM,Yes,871,443,428
Travis,352,Referendum Item #2 - On A Fair Criminal Justice System,,DEM,Yes,878,442,436
Travis,352,Referendum Item #3 - On Climate,,DEM,Yes,894,447,447
Travis,352,Referendum Item #4 - On The Voting Rights Act,,DEM,Yes,785,412,373
Travis,352,Referendum Item #5 - On Campus Carry,,DEM,Yes,852,436,416
Travis,352,Referendum Item #6 - On Comprehensive Immigration Reform,,DEM,Yes,889,447,442
Travis,354,Referendum Item #1 - On Economic Security & Prosperity,,DEM,Yes,914,524,390
Travis,354,Referendum Item #2 - On A Fair Criminal Justice System,,DEM,Yes,931,533,398
Travis,354,Referendum Item #3 - On Climate,,DEM,Yes,952,539,413
Travis,354,Referendum Item #4 - On The Voting Rights Act,,DEM,Yes,847,492,355
Travis,354,Referendum Item #5 - On Campus Carry,,DEM,Yes,925,527,398
Travis,354,Referendum Item #6 - On Comprehensive Immigration Reform,,DEM,Yes,938,534,404
Travis,356,Referendum Item #1 - On Economic Security & Prosperity,,DEM,Yes,381,167,214
Travis,356,Referendum Item #2 - On A Fair Criminal Justice System,,DEM,Yes,370,167,203
Travis,356,Referendum Item #3 - On Climate,,DEM,Yes,392,171,221
Travis,356,Referendum Item #4 - On The Voting Rights Act,,DEM,Yes,350,160,190
Travis,356,Referendum Item #5 - On Campus Carry,,DEM,Yes,366,159,207
Travis,356,Referendum Item #6 - On Comprehensive Immigration Reform,,DEM,Yes,384,167,217
Travis,357,Referendum Item #1 - On Economic Security & Prosperity,,DEM,Yes,113,46,67
Travis,357,Referendum Item #2 - On A Fair Criminal Justice System,,DEM,Yes,115,45,70
Travis,357,Referendum Item #3 - On Climate,,DEM,Yes,121,49,72
Travis,357,Referendum Item #4 - On The Voting Rights Act,,DEM,Yes,104,45,59
Travis,357,Referendum Item #5 - On Campus Carry,,DEM,Yes,122,50,72
Travis,357,Referendum Item #6 - On Comprehensive Immigration Reform,,DEM,Yes,117,49,68
Travis,358,Referendum Item #1 - On Economic Security & Prosperity,,DEM,Yes,1150,542,608
Travis,358,Referendum Item #2 - On A Fair Criminal Justice System,,DEM,Yes,1171,552,619
Travis,358,Referendum Item #3 - On Climate,,DEM,Yes,1184,552,632
Travis,358,Referendum Item #4 - On The Voting Rights Act,,DEM,Yes,1069,509,560
Travis,358,Referendum Item #5 - On Campus Carry,,DEM,Yes,1086,513,573
Travis,358,Referendum Item #6 - On Comprehensive Immigration Reform,,DEM,Yes,1163,549,614
Travis,359,Referendum Item #1 - On Economic Security & Prosperity,,DEM,Yes,548,260,288
Travis,359,Referendum Item #2 - On A Fair Criminal Justice System,,DEM,Yes,559,259,300
Travis,359,Referendum Item #3 - On Climate,,DEM,Yes,574,272,302
Travis,359,Referendum Item #4 - On The Voting Rights Act,,DEM,Yes,529,245,284
Travis,359,Referendum Item #5 - On Campus Carry,,DEM,Yes,530,254,276
Travis,359,Referendum Item #6 - On Comprehensive Immigration Reform,,DEM,Yes,541,254,287
Travis,360,Referendum Item #1 - On Economic Security & Prosperity,,DEM,Yes,847,358,489
Travis,360,Referendum Item #2 - On A Fair Criminal Justice System,,DEM,Yes,871,371,500
Travis,360,Referendum Item #3 - On Climate,,DEM,Yes,892,379,513
Travis,360,Referendum Item #4 - On The Voting Rights Act,,DEM,Yes,778,340,438
Travis,360,Referendum Item #5 - On Campus Carry,,DEM,Yes,828,349,479
Travis,360,Referendum Item #6 - On Comprehensive Immigration Reform,,DEM,Yes,850,366,484
Travis,361,Referendum Item #1 - On Economic Security & Prosperity,,DEM,Yes,241,105,136
Travis,361,Referendum Item #2 - On A Fair Criminal Justice System,,DEM,Yes,246,105,141
Travis,361,Referendum Item #3 - On Climate,,DEM,Yes,251,108,143
Travis,361,Referendum Item #4 - On The Voting Rights Act,,DEM,Yes,226,99,127
Travis,361,Referendum Item #5 - On Campus Carry,,DEM,Yes,233,101,132
Travis,361,Referendum Item #6 - On Comprehensive Immigration Reform,,DEM,Yes,240,102,138
Travis,362,Referendum Item #1 - On Economic Security & Prosperity,,DEM,Yes,730,360,370
Travis,362,Referendum Item #2 - On A Fair Criminal Justice System,,DEM,Yes,734,363,371
Travis,362,Referendum Item #3 - On Climate,,DEM,Yes,752,364,388
Travis,362,Referendum Item #4 - On The Voting Rights Act,,DEM,Yes,677,330,347
Travis,362,Referendum Item #5 - On Campus Carry,,DEM,Yes,708,348,360
Travis,362,Referendum Item #6 - On Comprehensive Immigration Reform,,DEM,Yes,744,365,379
Travis,363,Referendum Item #1 - On Economic Security & Prosperity,,DEM,Yes,326,155,171
Travis,363,Referendum Item #2 - On A Fair Criminal Justice System,,DEM,Yes,334,158,176
Travis,363,Referendum Item #3 - On Climate,,DEM,Yes,341,162,179
Travis,363,Referendum Item #4 - On The Voting Rights Act,,DEM,Yes,309,149,160
Travis,363,Referendum Item #5 - On Campus Carry,,DEM,Yes,329,157,172
Travis,363,Referendum Item #6 - On Comprehensive Immigration Reform,,DEM,Yes,337,158,179
Travis,364,Referendum Item #1 - On Economic Security & Prosperity,,DEM,Yes,676,385,291
Travis,364,Referendum Item #2 - On A Fair Criminal Justice System,,DEM,Yes,696,394,302
Travis,364,Referendum Item #3 - On Climate,,DEM,Yes,728,412,316
Travis,364,Referendum Item #4 - On The Voting Rights Act,,DEM,Yes,656,370,286
Travis,364,Referendum Item #5 - On Campus Carry,,DEM,Yes,698,393,305
Travis,364,Referendum Item #6 - On Comprehensive Immigration Reform,,DEM,Yes,719,409,310
Travis,365,Referendum Item #1 - On Economic Security & Prosperity,,DEM,Yes,352,140,212
Travis,365,Referendum Item #2 - On A Fair Criminal Justice System,,DEM,Yes,359,140,219
Travis,365,Referendum Item #3 - On Climate,,DEM,Yes,364,143,221
Travis,365,Referendum Item #4 - On The Voting Rights Act,,DEM,Yes,322,127,195
Travis,365,Referendum Item #5 - On Campus Carry,,DEM,Yes,347,141,206
Travis,365,Referendum Item #6 - On Comprehensive Immigration Reform,,DEM,Yes,359,140,219
Travis,366,Referendum Item #1 - On Economic Security & Prosperity,,DEM,Yes,992,435,557
Travis,366,Referendum Item #2 - On A Fair Criminal Justice System,,DEM,Yes,1003,440,563
Travis,366,Referendum Item #3 - On Climate,,DEM,Yes,1040,448,592
Travis,366,Referendum Item #4 - On The Voting Rights Act,,DEM,Yes,920,406,514
Travis,366,Referendum Item #5 - On Campus Carry,,DEM,Yes,999,439,560
Travis,366,Referendum Item #6 - On Comprehensive Immigration Reform,,DEM,Yes,1022,443,579
Travis,367,Referendum Item #1 - On Economic Security & Prosperity,,DEM,Yes,959,415,544
Travis,367,Referendum Item #2 - On A Fair Criminal Justice System,,DEM,Yes,986,428,558
Travis,367,Referendum Item #3 - On Climate,,DEM,Yes,1016,439,577
Travis,367,Referendum Item #4 - On The Voting Rights Act,,DEM,Yes,878,401,477
Travis,367,Referendum Item #5 - On Campus Carry,,DEM,Yes,981,427,554
Travis,367,Referendum Item #6 - On Comprehensive Immigration Reform,,DEM,Yes,980,427,553
Travis,368,Referendum Item #1 - On Economic Security & Prosperity,,DEM,Yes,25,11,14
Travis,368,Referendum Item #2 - On A Fair Criminal Justice System,,DEM,Yes,26,13,13
Travis,368,Referendum Item #3 - On Climate,,DEM,Yes,28,13,15
Travis,368,Referendum Item #4 - On The Voting Rights Act,,DEM,Yes,19,7,12
Travis,368,Referendum Item #5 - On Campus Carry,,DEM,Yes,27,12,15
Travis,368,Referendum Item #6 - On Comprehensive Immigration Reform,,DEM,Yes,28,13,15
Travis,369,Referendum Item #1 - On Economic Security & Prosperity,,DEM,Yes,192,61,131
Travis,369,Referendum Item #2 - On A Fair Criminal Justice System,,DEM,Yes,201,63,138
Travis,369,Referendum Item #3 - On Climate,,DEM,Yes,203,62,141
Travis,369,Referendum Item #4 - On The Voting Rights Act,,DEM,Yes,182,62,120
Travis,369,Referendum Item #5 - On Campus Carry,,DEM,Yes,196,63,133
Travis,369,Referendum Item #6 - On Comprehensive Immigration Reform,,DEM,Yes,200,62,138
Travis,370,Referendum Item #1 - On Economic Security & Prosperity,,DEM,Yes,144,19,125
Travis,370,Referendum Item #2 - On A Fair Criminal Justice System,,DEM,Yes,147,20,127
Travis,370,Referendum Item #3 - On Climate,,DEM,Yes,150,20,130
Travis,370,Referendum Item #4 - On The Voting Rights Act,,DEM,Yes,136,20,116
Travis,370,Referendum Item #5 - On Campus Carry,,DEM,Yes,131,19,112
Travis,370,Referendum Item #6 - On Comprehensive Immigration Reform,,DEM,Yes,145,21,124
Travis,371,Referendum Item #1 - On Economic Security & Prosperity,,DEM,Yes,226,86,140
Travis,371,Referendum Item #2 - On A Fair Criminal Justice System,,DEM,Yes,238,92,146
Travis,371,Referendum Item #3 - On Climate,,DEM,Yes,240,91,149
Travis,371,Referendum Item #4 - On The Voting Rights Act,,DEM,Yes,214,88,126
Travis,371,Referendum Item #5 - On Campus Carry,,DEM,Yes,217,88,129
Travis,371,Referendum Item #6 - On Comprehensive Immigration Reform,,DEM,Yes,224,89,135
Travis,372,Referendum Item #1 - On Economic Security & Prosperity,,DEM,Yes,172,55,117
Travis,372,Referendum Item #2 - On A Fair Criminal Justice System,,DEM,Yes,180,60,120
Travis,372,Referendum Item #3 - On Climate,,DEM,Yes,179,58,121
Travis,372,Referendum Item #4 - On The Voting Rights Act,,DEM,Yes,156,51,105
Travis,372,Referendum Item #5 - On Campus Carry,,DEM,Yes,157,53,104
Travis,372,Referendum Item #6 - On Comprehensive Immigration Reform,,DEM,Yes,172,56,116
Travis,373,Referendum Item #1 - On Economic Security & Prosperity,,DEM,Yes,377,151,226
Travis,373,Referendum Item #2 - On A Fair Criminal Justice System,,DEM,Yes,385,155,230
Travis,373,Referendum Item #3 - On Climate,,DEM,Yes,397,162,235
Travis,373,Referendum Item #4 - On The Voting Rights Act,,DEM,Yes,351,147,204
Travis,373,Referendum Item #5 - On Campus Carry,,DEM,Yes,363,156,207
Travis,373,Referendum Item #6 - On Comprehensive Immigration Reform,,DEM,Yes,392,161,231
Travis,374,Referendum Item #1 - On Economic Security & Prosperity,,DEM,Yes,526,178,348
Travis,374,Referendum Item #2 - On A Fair Criminal Justice System,,DEM,Yes,535,185,350
Travis,374,Referendum Item #3 - On Climate,,DEM,Yes,558,189,369
Travis,374,Referendum Item #4 - On The Voting Rights Act,,DEM,Yes,476,171,305
Travis,374,Referendum Item #5 - On Campus Carry,,DEM,Yes,516,179,337
Travis,374,Referendum Item #6 - On Comprehensive Immigration Reform,,DEM,Yes,536,191,345
Travis,375,Referendum Item #1 - On Economic Security & Prosperity,,DEM,Yes,104,35,69
Travis,375,Referendum Item #2 - On A Fair Criminal Justice System,,DEM,Yes,114,38,76
Travis,375,Referendum Item #3 - On Climate,,DEM,Yes,114,39,75
Travis,375,Referendum Item #4 - On The Voting Rights Act,,DEM,Yes,103,36,67
Travis,375,Referendum Item #5 - On Campus Carry,,DEM,Yes,103,38,65
Travis,375,Referendum Item #6 - On Comprehensive Immigration Reform,,DEM,Yes,105,38,67
Travis,401,Referendum Item #1 - On Economic Security & Prosperity,,DEM,Yes,370,159,211
Travis,401,Referendum Item #2 - On A Fair Criminal Justice System,,DEM,Yes,366,162,204
Travis,401,Referendum Item #3 - On Climate,,DEM,Yes,360,156,204
Travis,401,Referendum Item #4 - On The Voting Rights Act,,DEM,Yes,355,153,202
Travis,401,Referendum Item #5 - On Campus Carry,,DEM,Yes,322,148,174
Travis,401,Referendum Item #6 - On Comprehensive Immigration Reform,,DEM,Yes,362,162,200
Travis,402,Referendum Item #1 - On Economic Security & Prosperity,,DEM,Yes,459,190,269
Travis,402,Referendum Item #2 - On A Fair Criminal Justice System,,DEM,Yes,460,189,271
Travis,402,Referendum Item #3 - On Climate,,DEM,Yes,440,188,252
Travis,402,Referendum Item #4 - On The Voting Rights Act,,DEM,Yes,431,177,254
Travis,402,Referendum Item #5 - On Campus Carry,,DEM,Yes,365,167,198
Travis,402,Referendum Item #6 - On Comprehensive Immigration Reform,,DEM,Yes,444,176,268
Travis,403,Referendum Item #1 - On Economic Security & Prosperity,,DEM,Yes,177,62,115
Travis,403,Referendum Item #2 - On A Fair Criminal Justice System,,DEM,Yes,178,61,117
Travis,403,Referendum Item #3 - On Climate,,DEM,Yes,170,55,115
Travis,403,Referendum Item #4 - On The Voting Rights Act,,DEM,Yes,172,59,113
Travis,403,Referendum Item #5 - On Campus Carry,,DEM,Yes,152,55,97
Travis,403,Referendum Item #6 - On Comprehensive Immigration Reform,,DEM,Yes,185,63,122
Travis,404,Referendum Item #1 - On Economic Security & Prosperity,,DEM,Yes,492,182,310
Travis,404,Referendum Item #2 - On A Fair Criminal Justice System,,DEM,Yes,487,182,305
Travis,404,Referendum Item #3 - On Climate,,DEM,Yes,502,183,319
Travis,404,Referendum Item #4 - On The Voting Rights Act,,DEM,Yes,456,180,276
Travis,404,Referendum Item #5 - On Campus Carry,,DEM,Yes,433,165,268
Travis,404,Referendum Item #6 - On Comprehensive Immigration Reform,,DEM,Yes,488,179,309
Travis,405,Referendum Item #1 - On Economic Security & Prosperity,,DEM,Yes,88,37,51
Travis,405,Referendum Item #2 - On A Fair Criminal Justice System,,DEM,Yes,96,40,56
Travis,405,Referendum Item #3 - On Climate,,DEM,Yes,98,41,57
Travis,405,Referendum Item #4 - On The Voting Rights Act,,DEM,Yes,96,40,56
Travis,405,Referendum Item #5 - On Campus Carry,,DEM,Yes,85,36,49
Travis,405,Referendum Item #6 - On Comprehensive Immigration Reform,,DEM,Yes,97,37,60
Travis,406,Referendum Item #1 - On Economic Security & Prosperity,,DEM,Yes,461,257,204
Travis,406,Referendum Item #2 - On A Fair Criminal Justice System,,DEM,Yes,478,270,208
Travis,406,Referendum Item #3 - On Climate,,DEM,Yes,477,267,210
Travis,406,Referendum Item #4 - On The Voting Rights Act,,DEM,Yes,452,254,198
Travis,406,Referendum Item #5 - On Campus Carry,,DEM,Yes,451,263,188
Travis,406,Referendum Item #6 - On Comprehensive Immigration Reform,,DEM,Yes,468,254,214
Travis,407,Referendum Item #1 - On Economic Security & Prosperity,,DEM,Yes,338,142,196
Travis,407,Referendum Item #2 - On A Fair Criminal Justice System,,DEM,Yes,347,145,202
Travis,407,Referendum Item #3 - On Climate,,DEM,Yes,329,135,194
Travis,407,Referendum Item #4 - On The Voting Rights Act,,DEM,Yes,320,133,187
Travis,407,Referendum Item #5 - On Campus Carry,,DEM,Yes,301,123,178
Travis,407,Referendum Item #6 - On Comprehensive Immigration Reform,,DEM,Yes,334,136,198
Travis,408,Referendum Item #1 - On Economic Security & Prosperity,,DEM,Yes,616,234,382
Travis,408,Referendum Item #2 - On A Fair Criminal Justice System,,DEM,Yes,622,237,385
Travis,408,Referendum Item #3 - On Climate,,DEM,Yes,631,236,395
Travis,408,Referendum Item #4 - On The Voting Rights Act,,DEM,Yes,569,218,351
Travis,408,Referendum Item #5 - On Campus Carry,,DEM,Yes,590,229,361
Travis,408,Referendum Item #6 - On Comprehensive Immigration Reform,,DEM,Yes,614,237,377
Travis,409,Referendum Item #1 - On Economic Security & Prosperity,,DEM,Yes,680,276,404
Travis,409,Referendum Item #2 - On A Fair Criminal Justice System,,DEM,Yes,671,269,402
Travis,409,Referendum Item #3 - On Climate,,DEM,Yes,683,280,403
Travis,409,Referendum Item #4 - On The Voting Rights Act,,DEM,Yes,607,254,353
Travis,409,Referendum Item #5 - On Campus Carry,,DEM,Yes,637,259,378
Travis,409,Referendum Item #6 - On Comprehensive Immigration Reform,,DEM,Yes,680,279,401
Travis,410,Referendum Item #1 - On Economic Security & Prosperity,,DEM,Yes,697,319,378
Travis,410,Referendum Item #2 - On A Fair Criminal Justice System,,DEM,Yes,694,311,383
Travis,410,Referendum Item #3 - On Climate,,DEM,Yes,697,312,385
Travis,410,Referendum Item #4 - On The Voting Rights Act,,DEM,Yes,635,289,346
Travis,410,Referendum Item #5 - On Campus Carry,,DEM,Yes,630,290,340
Travis,410,Referendum Item #6 - On Comprehensive Immigration Reform,,DEM,Yes,685,303,382
Travis,411,Referendum Item #1 - On Economic Security & Prosperity,,DEM,Yes,373,151,222
Travis,411,Referendum Item #2 - On A Fair Criminal Justice System,,DEM,Yes,378,156,222
Travis,411,Referendum Item #3 - On Climate,,DEM,Yes,385,159,226
Travis,411,Referendum Item #4 - On The Voting Rights Act,,DEM,Yes,343,144,199
Travis,411,Referendum Item #5 - On Campus Carry,,DEM,Yes,347,148,199
Travis,411,Referendum Item #6 - On Comprehensive Immigration Reform,,DEM,Yes,367,155,212
Travis,412,Referendum Item #1 - On Economic Security & Prosperity,,DEM,Yes,35,18,17
Travis,412,Referendum Item #2 - On A Fair Criminal Justice System,,DEM,Yes,32,17,15
Travis,412,Referendum Item #3 - On Climate,,DEM,Yes,35,18,17
Travis,412,Referendum Item #4 - On The Voting Rights Act,,DEM,Yes,32,16,16
Travis,412,Referendum Item #5 - On Campus Carry,,DEM,Yes,32,15,17
Travis,412,Referendum Item #6 - On Comprehensive Immigration Reform,,DEM,Yes,33,17,16
Travis,413,Referendum Item #1 - On Economic Security & Prosperity,,DEM,Yes,203,77,126
Travis,413,Referendum Item #2 - On A Fair Criminal Justice System,,DEM,Yes,203,78,125
Travis,413,Referendum Item #3 - On Climate,,DEM,Yes,204,79,125
Travis,413,Referendum Item #4 - On The Voting Rights Act,,DEM,Yes,183,72,111
Travis,413,Referendum Item #5 - On Campus Carry,,DEM,Yes,182,75,107
Travis,413,Referendum Item #6 - On Comprehensive Immigration Reform,,DEM,Yes,199,77,122
Travis,414,Referendum Item #1 - On Economic Security & Prosperity,,DEM,Yes,707,299,408
Travis,414,Referendum Item #2 - On A Fair Criminal Justice System,,DEM,Yes,717,305,412
Travis,414,Referendum Item #3 - On Climate,,DEM,Yes,719,300,419
Travis,414,Referendum Item #4 - On The Voting Rights Act,,DEM,Yes,650,274,376
Travis,414,Referendum Item #5 - On Campus Carry,,DEM,Yes,659,290,369
Travis,414,Referendum Item #6 - On Comprehensive Immigration Reform,,DEM,Yes,711,290,421
Travis,415,Referendum Item #1 - On Economic Security & Prosperity,,DEM,Yes,277,93,184
Travis,415,Referendum Item #2 - On A Fair Criminal Justice System,,DEM,Yes,282,97,185
Travis,415,Referendum Item #3 - On Climate,,DEM,Yes,289,95,194
Travis,415,Referendum Item #4 - On The Voting Rights Act,,DEM,Yes,257,88,169
Travis,415,Referendum Item #5 - On Campus Carry,,DEM,Yes,260,88,172
Travis,415,Referendum Item #6 - On Comprehensive Immigration Reform,,DEM,Yes,280,99,181
Travis,416,Referendum Item #1 - On Economic Security & Prosperity,,DEM,Yes,24,9,15
Travis,416,Referendum Item #2 - On A Fair Criminal Justice System,,DEM,Yes,25,9,16
Travis,416,Referendum Item #3 - On Climate,,DEM,Yes,24,10,14
Travis,416,Referendum Item #4 - On The Voting Rights Act,,DEM,Yes,22,7,15
Travis,416,Referendum Item #5 - On Campus Carry,,DEM,Yes,23,10,13
Travis,416,Referendum Item #6 - On Comprehensive Immigration Reform,,DEM,Yes,26,10,16
Travis,417,Referendum Item #1 - On Economic Security & Prosperity,,DEM,Yes,306,150,156
Travis,417,Referendum Item #2 - On A Fair Criminal Justice System,,DEM,Yes,309,151,158
Travis,417,Referendum Item #3 - On Climate,,DEM,Yes,311,150,161
Travis,417,Referendum Item #4 - On The Voting Rights Act,,DEM,Yes,277,135,142
Travis,417,Referendum Item #5 - On Campus Carry,,DEM,Yes,287,144,143
Travis,417,Referendum Item #6 - On Comprehensive Immigration Reform,,DEM,Yes,306,147,159
Travis,418,Referendum Item #1 - On Economic Security & Prosperity,,DEM,Yes,0,0,0
Travis,418,Referendum Item #2 - On A Fair Criminal Justice System,,DEM,Yes,0,0,0
Travis,418,Referendum Item #3 - On Climate,,DEM,Yes,0,0,0
Travis,418,Referendum Item #4 - On The Voting Rights Act,,DEM,Yes,0,0,0
Travis,418,Referendum Item #5 - On Campus Carry,,DEM,Yes,0,0,0
Travis,418,Referendum Item #6 - On Comprehensive Immigration Reform,,DEM,Yes,0,0,0
Travis,419,Referendum Item #1 - On Economic Security & Prosperity,,DEM,Yes,114,66,48
Travis,419,Referendum Item #2 - On A Fair Criminal Justice System,,DEM,Yes,109,63,46
Travis,419,Referendum Item #3 - On Climate,,DEM,Yes,111,63,48
Travis,419,Referendum Item #4 - On The Voting Rights Act,,DEM,Yes,98,56,42
Travis,419,Referendum Item #5 - On Campus Carry,,DEM,Yes,108,63,45
Travis,419,Referendum Item #6 - On Comprehensive Immigration Reform,,DEM,Yes,112,65,47
Travis,420,Referendum Item #1 - On Economic Security & Prosperity,,DEM,Yes,716,298,418
Travis,420,Referendum Item #2 - On A Fair Criminal Justice System,,DEM,Yes,707,292,415
Travis,420,Referendum Item #3 - On Climate,,DEM,Yes,732,304,428
Travis,420,Referendum Item #4 - On The Voting Rights Act,,DEM,Yes,653,275,378
Travis,420,Referendum Item #5 - On Campus Carry,,DEM,Yes,686,282,404
Travis,420,Referendum Item #6 - On Comprehensive Immigration Reform,,DEM,Yes,715,295,420
Travis,421,Referendum Item #1 - On Economic Security & Prosperity,,DEM,Yes,779,299,480
Travis,421,Referendum Item #2 - On A Fair Criminal Justice System,,DEM,Yes,794,311,483
Travis,421,Referendum Item #3 - On Climate,,DEM,Yes,825,315,510
Travis,421,Referendum Item #4 - On The Voting Rights Act,,DEM,Yes,725,278,447
Travis,421,Referendum Item #5 - On Campus Carry,,DEM,Yes,795,312,483
Travis,421,Referendum Item #6 - On Comprehensive Immigration Reform,,DEM,Yes,810,315,495
Travis,422,Referendum Item #1 - On Economic Security & Prosperity,,DEM,Yes,764,329,435
Travis,422,Referendum Item #2 - On A Fair Criminal Justice System,,DEM,Yes,774,333,441
Travis,422,Referendum Item #3 - On Climate,,DEM,Yes,792,340,452
Travis,422,Referendum Item #4 - On The Voting Rights Act,,DEM,Yes,702,311,391
Travis,422,Referendum Item #5 - On Campus Carry,,DEM,Yes,762,332,430
Travis,422,Referendum Item #6 - On Comprehensive Immigration Reform,,DEM,Yes,770,334,436
Travis,423,Referendum Item #1 - On Economic Security & Prosperity,,DEM,Yes,660,257,403
Travis,423,Referendum Item #2 - On A Fair Criminal Justice System,,DEM,Yes,658,260,398
Travis,423,Referendum Item #3 - On Climate,,DEM,Yes,639,245,394
Travis,423,Referendum Item #4 - On The Voting Rights Act,,DEM,Yes,641,246,395
Travis,423,Referendum Item #5 - On Campus Carry,,DEM,Yes,577,223,354
Travis,423,Referendum Item #6 - On Comprehensive Immigration Reform,,DEM,Yes,654,247,407
Travis,424,Referendum Item #1 - On Economic Security & Prosperity,,DEM,Yes,748,294,454
Travis,424,Referendum Item #2 - On A Fair Criminal Justice System,,DEM,Yes,750,294,456
Travis,424,Referendum Item #3 - On Climate,,DEM,Yes,769,299,470
Travis,424,Referendum Item #4 - On The Voting Rights Act,,DEM,Yes,691,276,415
Travis,424,Referendum Item #5 - On Campus Carry,,DEM,Yes,754,296,458
Travis,424,Referendum Item #6 - On Comprehensive Immigration Reform,,DEM,Yes,754,291,463
Travis,425,Referendum Item #1 - On Economic Security & Prosperity,,DEM,Yes,220,97,123
Travis,425,Referendum Item #2 - On A Fair Criminal Justice System,,DEM,Yes,221,97,124
Travis,425,Referendum Item #3 - On Climate,,DEM,Yes,228,101,127
Travis,425,Referendum Item #4 - On The Voting Rights Act,,DEM,Yes,201,91,110
Travis,425,Referendum Item #5 - On Campus Carry,,DEM,Yes,208,93,115
Travis,425,Referendum Item #6 - On Comprehensive Immigration Reform,,DEM,Yes,217,96,121
Travis,426,Referendum Item #1 - On Economic Security & Prosperity,,DEM,Yes,740,311,429
Travis,426,Referendum Item #2 - On A Fair Criminal Justice System,,DEM,Yes,743,308,435
Travis,426,Referendum Item #3 - On Climate,,DEM,Yes,717,294,423
Travis,426,Referendum Item #4 - On The Voting Rights Act,,DEM,Yes,702,296,406
Travis,426,Referendum Item #5 - On Campus Carry,,DEM,Yes,682,281,401
Travis,426,Referendum Item #6 - On Comprehensive Immigration Reform,,DEM,Yes,759,317,442
Travis,427,Referendum Item #1 - On Economic Security & Prosperity,,DEM,Yes,561,267,294
Travis,427,Referendum Item #2 - On A Fair Criminal Justice System,,DEM,Yes,555,266,289
Travis,427,Referendum Item #3 - On Climate,,DEM,Yes,552,258,294
Travis,427,Referendum Item #4 - On The Voting Rights Act,,DEM,Yes,507,243,264
Travis,427,Referendum Item #5 - On Campus Carry,,DEM,Yes,510,241,269
Travis,427,Referendum Item #6 - On Comprehensive Immigration Reform,,DEM,Yes,555,265,290
Travis,428,Referendum Item #1 - On Economic Security & Prosperity,,DEM,Yes,259,122,137
Travis,428,Referendum Item #2 - On A Fair Criminal Justice System,,DEM,Yes,274,126,148
Travis,428,Referendum Item #3 - On Climate,,DEM,Yes,276,127,149
Travis,428,Referendum Item #4 - On The Voting Rights Act,,DEM,Yes,249,116,133
Travis,428,Referendum Item #5 - On Campus Carry,,DEM,Yes,272,126,146
Travis,428,Referendum Item #6 - On Comprehensive Immigration Reform,,DEM,Yes,275,132,143
Travis,429,Referendum Item #1 - On Economic Security & Prosperity,,DEM,Yes,1554,679,875
Travis,429,Referendum Item #2 - On A Fair Criminal Justice System,,DEM,Yes,1548,674,874
Travis,429,Referendum Item #3 - On Climate,,DEM,Yes,1606,698,908
Travis,429,Referendum Item #4 - On The Voting Rights Act,,DEM,Yes,1420,628,792
Travis,429,Referendum Item #5 - On Campus Carry,,DEM,Yes,1446,647,799
Travis,429,Referendum Item #6 - On Comprehensive Immigration Reform,,DEM,Yes,1558,682,876
Travis,430,Referendum Item #1 - On Economic Security & Prosperity,,DEM,Yes,409,153,256
Travis,430,Referendum Item #2 - On A Fair Criminal Justice System,,DEM,Yes,405,148,257
Travis,430,Referendum Item #3 - On Climate,,DEM,Yes,417,153,264
Travis,430,Referendum Item #4 - On The Voting Rights Act,,DEM,Yes,356,132,224
Travis,430,Referendum Item #5 - On Campus Carry,,DEM,Yes,385,142,243
Travis,430,Referendum Item #6 - On Comprehensive Immigration Reform,,DEM,Yes,400,146,254
Travis,431,Referendum Item #1 - On Economic Security & Prosperity,,DEM,Yes,1423,570,853
Travis,431,Referendum Item #2 - On A Fair Criminal Justice System,,DEM,Yes,1400,562,838
Travis,431,Referendum Item #3 - On Climate,,DEM,Yes,1443,575,868
Travis,431,Referendum Item #4 - On The Voting Rights Act,,DEM,Yes,1274,514,760
Travis,431,Referendum Item #5 - On Campus Carry,,DEM,Yes,1302,517,785
Travis,431,Referendum Item #6 - On Comprehensive Immigration Reform,,DEM,Yes,1393,561,832
Travis,432,Referendum Item #1 - On Economic Security & Prosperity,,DEM,Yes,2,2,0
Travis,432,Referendum Item #2 - On A Fair Criminal Justice System,,DEM,Yes,2,2,0
Travis,432,Referendum Item #3 - On Climate,,DEM,Yes,1,1,0
Travis,432,Referendum Item #4 - On The Voting Rights Act,,DEM,Yes,1,1,0
Travis,432,Referendum Item #5 - On Campus Carry,,DEM,Yes,2,2,0
Travis,432,Referendum Item #6 - On Comprehensive Immigration Reform,,DEM,Yes,2,2,0
Travis,433,Referendum Item #1 - On Economic Security & Prosperity,,DEM,Yes,802,377,425
Travis,433,Referendum Item #2 - On A Fair Criminal Justice System,,DEM,Yes,798,377,421
Travis,433,Referendum Item #3 - On Climate,,DEM,Yes,813,383,430
Travis,433,Referendum Item #4 - On The Voting Rights Act,,DEM,Yes,723,342,381
Travis,433,Referendum Item #5 - On Campus Carry,,DEM,Yes,767,356,411
Travis,433,Referendum Item #6 - On Comprehensive Immigration Reform,,DEM,Yes,800,379,421
Travis,434,Referendum Item #1 - On Economic Security & Prosperity,,DEM,Yes,3,2,1
Travis,434,Referendum Item #2 - On A Fair Criminal Justice System,,DEM,Yes,2,1,1
Travis,434,Referendum Item #3 - On Climate,,DEM,Yes,3,2,1
Travis,434,Referendum Item #4 - On The Voting Rights Act,,DEM,Yes,2,1,1
Travis,434,Referendum Item #5 - On Campus Carry,,DEM,Yes,3,2,1
Travis,434,Referendum Item #6 - On Comprehensive Immigration Reform,,DEM,Yes,3,2,1
Travis,435,Referendum Item #1 - On Economic Security & Prosperity,,DEM,Yes,1217,521,696
Travis,435,Referendum Item #2 - On A Fair Criminal Justice System,,DEM,Yes,1224,526,698
Travis,435,Referendum Item #3 - On Climate,,DEM,Yes,1257,539,718
Travis,435,Referendum Item #4 - On The Voting Rights Act,,DEM,Yes,1132,494,638
Travis,435,Referendum Item #5 - On Campus Carry,,DEM,Yes,1172,514,658
Travis,435,Referendum Item #6 - On Comprehensive Immigration Reform,,DEM,Yes,1227,522,705
Travis,436,Referendum Item #1 - On Economic Security & Prosperity,,DEM,Yes,84,33,51
Travis,436,Referendum Item #2 - On A Fair Criminal Justice System,,DEM,Yes,86,35,51
Travis,436,Referendum Item #3 - On Climate,,DEM,Yes,81,32,49
Travis,436,Referendum Item #4 - On The Voting Rights Act,,DEM,Yes,81,35,46
Travis,436,Referendum Item #5 - On Campus Carry,,DEM,Yes,73,30,43
Travis,436,Referendum Item #6 - On Comprehensive Immigration Reform,,DEM,Yes,82,33,49
Travis,437,Referendum Item #1 - On Economic Security & Prosperity,,DEM,Yes,718,257,461
Travis,437,Referendum Item #2 - On A Fair Criminal Justice System,,DEM,Yes,735,263,472
Travis,437,Referendum Item #3 - On Climate,,DEM,Yes,760,271,489
Travis,437,Referendum Item #4 - On The Voting Rights Act,,DEM,Yes,659,242,417
Travis,437,Referendum Item #5 - On Campus Carry,,DEM,Yes,729,266,463
Travis,437,Referendum Item #6 - On Comprehensive Immigration Reform,,DEM,Yes,746,270,476
Travis,438,Referendum Item #1 - On Economic Security & Prosperity,,DEM,Yes,407,181,226
Travis,438,Referendum Item #2 - On A Fair Criminal Justice System,,DEM,Yes,409,183,226
Travis,438,Referendum Item #3 - On Climate,,DEM,Yes,418,184,234
Travis,438,Referendum Item #4 - On The Voting Rights Act,,DEM,Yes,386,178,208
Travis,438,Referendum Item #5 - On Campus Carry,,DEM,Yes,380,166,214
Travis,438,Referendum Item #6 - On Comprehensive Immigration Reform,,DEM,Yes,419,180,239
Travis,439,Referendum Item #1 - On Economic Security & Prosperity,,DEM,Yes,778,328,450
Travis,439,Referendum Item #2 - On A Fair Criminal Justice System,,DEM,Yes,788,332,456
Travis,439,Referendum Item #3 - On Climate,,DEM,Yes,791,330,461
Travis,439,Referendum Item #4 - On The Voting Rights Act,,DEM,Yes,723,311,412
Travis,439,Referendum Item #5 - On Campus Carry,,DEM,Yes,729,307,422
Travis,439,Referendum Item #6 - On Comprehensive Immigration Reform,,DEM,Yes,804,337,467
Travis,440,Referendum Item #1 - On Economic Security & Prosperity,,DEM,Yes,277,123,154
Travis,440,Referendum Item #2 - On A Fair Criminal Justice System,,DEM,Yes,273,125,148
Travis,440,Referendum Item #3 - On Climate,,DEM,Yes,282,126,156
Travis,440,Referendum Item #4 - On The Voting Rights Act,,DEM,Yes,245,108,137
Travis,440,Referendum Item #5 - On Campus Carry,,DEM,Yes,256,114,142
Travis,440,Referendum Item #6 - On Comprehensive Immigration Reform,,DEM,Yes,281,122,159
Travis,441,Referendum Item #1 - On Economic Security & Prosperity,,DEM,Yes,983,461,522
Travis,441,Referendum Item #2 - On A Fair Criminal Justice System,,DEM,Yes,983,463,520
Travis,441,Referendum Item #3 - On Climate,,DEM,Yes,993,463,530
Travis,441,Referendum Item #4 - On The Voting Rights Act,,DEM,Yes,903,432,471
Travis,441,Referendum Item #5 - On Campus Carry,,DEM,Yes,924,433,491
Travis,441,Referendum Item #6 - On Comprehensive Immigration Reform,,DEM,Yes,963,456,507
Travis,442,Referendum Item #1 - On Economic Security & Prosperity,,DEM,Yes,388,151,237
Travis,442,Referendum Item #2 - On A Fair Criminal Justice System,,DEM,Yes,382,149,233
Travis,442,Referendum Item #3 - On Climate,,DEM,Yes,392,151,241
Travis,442,Referendum Item #4 - On The Voting Rights Act,,DEM,Yes,355,137,218
Travis,442,Referendum Item #5 - On Campus Carry,,DEM,Yes,374,147,227
Travis,442,Referendum Item #6 - On Comprehensive Immigration Reform,,DEM,Yes,386,152,234
Travis,443,Referendum Item #1 - On Economic Security & Prosperity,,DEM,Yes,560,242,318
Travis,443,Referendum Item #2 - On A Fair Criminal Justice System,,DEM,Yes,557,242,315
Travis,443,Referendum Item #3 - On Climate,,DEM,Yes,541,230,311
Travis,443,Referendum Item #4 - On The Voting Rights Act,,DEM,Yes,527,228,299
Travis,443,Referendum Item #5 - On Campus Carry,,DEM,Yes,458,207,251
Travis,443,Referendum Item #6 - On Comprehensive Immigration Reform,,DEM,Yes,550,237,313
Travis,444,Referendum Item #1 - On Economic Security & Prosperity,,DEM,Yes,32,14,18
Travis,444,Referendum Item #2 - On A Fair Criminal Justice System,,DEM,Yes,27,13,14
Travis,444,Referendum Item #3 - On Climate,,DEM,Yes,29,13,16
Travis,444,Referendum Item #4 - On The Voting Rights Act,,DEM,Yes,25,11,14
Travis,444,Referendum Item #5 - On Campus Carry,,DEM,Yes,25,10,15
Travis,444,Referendum Item #6 - On Comprehensive Immigration Reform,,DEM,Yes,28,13,15
Travis,446,Referendum Item #1 - On Economic Security & Prosperity,,DEM,Yes,316,125,191
Travis,446,Referendum Item #2 - On A Fair Criminal Justice System,,DEM,Yes,321,131,190
Travis,446,Referendum Item #3 - On Climate,,DEM,Yes,324,126,198
Travis,446,Referendum Item #4 - On The Voting Rights Act,,DEM,Yes,302,122,180
Travis,446,Referendum Item #5 - On Campus Carry,,DEM,Yes,304,115,189
Travis,446,Referendum Item #6 - On Comprehensive Immigration Reform,,DEM,Yes,314,126,188
Travis,447,Referendum Item #1 - On Economic Security & Prosperity,,DEM,Yes,940,374,566
Travis,447,Referendum Item #2 - On A Fair Criminal Justice System,,DEM,Yes,936,372,564
Travis,447,Referendum Item #3 - On Climate,,DEM,Yes,956,376,580
Travis,447,Referendum Item #4 - On The Voting Rights Act,,DEM,Yes,855,336,519
Travis,447,Referendum Item #5 - On Campus Carry,,DEM,Yes,885,359,526
Travis,447,Referendum Item #6 - On Comprehensive Immigration Reform,,DEM,Yes,938,367,571
Travis,448,Referendum Item #1 - On Economic Security & Prosperity,,DEM,Yes,470,194,276
Travis,448,Referendum Item #2 - On A Fair Criminal Justice System,,DEM,Yes,459,192,267
Travis,448,Referendum Item #3 - On Climate,,DEM,Yes,460,189,271
Travis,448,Referendum Item #4 - On The Voting Rights Act,,DEM,Yes,428,181,247
Travis,448,Referendum Item #5 - On Campus Carry,,DEM,Yes,399,169,230
Travis,448,Referendum Item #6 - On Comprehensive Immigration Reform,,DEM,Yes,441,180,261
Travis,450,Referendum Item #1 - On Economic Security & Prosperity,,DEM,Yes,749,312,437
Travis,450,Referendum Item #2 - On A Fair Criminal Justice System,,DEM,Yes,747,312,435
Travis,450,Referendum Item #3 - On Climate,,DEM,Yes,720,303,417
Travis,450,Referendum Item #4 - On The Voting Rights Act,,DEM,Yes,703,299,404
Travis,450,Referendum Item #5 - On Campus Carry,,DEM,Yes,618,271,347
Travis,450,Referendum Item #6 - On Comprehensive Immigration Reform,,DEM,Yes,719,306,413
Travis,451,Referendum Item #1 - On Economic Security & Prosperity,,DEM,Yes,743,298,445
Travis,451,Referendum Item #2 - On A Fair Criminal Justice System,,DEM,Yes,751,305,446
Travis,451,Referendum Item #3 - On Climate,,DEM,Yes,751,303,448
Travis,451,Referendum Item #4 - On The Voting Rights Act,,DEM,Yes,677,277,400
Travis,451,Referendum Item #5 - On Campus Carry,,DEM,Yes,676,267,409
Travis,451,Referendum Item #6 - On Comprehensive Immigration Reform,,DEM,Yes,741,296,445
Travis,452,Referendum Item #1 - On Economic Security & Prosperity,,DEM,Yes,355,140,215
Travis,452,Referendum Item #2 - On A Fair Criminal Justice System,,DEM,Yes,344,138,206
Travis,452,Referendum Item #3 - On Climate,,DEM,Yes,333,130,203
Travis,452,Referendum Item #4 - On The Voting Rights Act,,DEM,Yes,336,134,202
Travis,452,Referendum Item #5 - On Campus Carry,,DEM,Yes,281,119,162
Travis,452,Referendum Item #6 - On Comprehensive Immigration Reform,,DEM,Yes,340,138,202
Travis,454,Referendum Item #1 - On Economic Security & Prosperity,,DEM,Yes,579,297,282
Travis,454,Referendum Item #2 - On A Fair Criminal Justice System,,DEM,Yes,587,301,286
Travis,454,Referendum Item #3 - On Climate,,DEM,Yes,595,302,293
Travis,454,Referendum Item #4 - On The Voting Rights Act,,DEM,Yes,557,284,273
Travis,454,Referendum Item #5 - On Campus Carry,,DEM,Yes,569,295,274
Travis,454,Referendum Item #6 - On Comprehensive Immigration Reform,,DEM,Yes,586,303,283
Travis,458,Referendum Item #1 - On Economic Security & Prosperity,,DEM,Yes,826,413,413
Travis,458,Referendum Item #2 - On A Fair Criminal Justice System,,DEM,Yes,839,416,423
Travis,458,Referendum Item #3 - On Climate,,DEM,Yes,851,418,433
Travis,458,Referendum Item #4 - On The Voting Rights Act,,DEM,Yes,767,391,376
Travis,458,Referendum Item #5 - On Campus Carry,,DEM,Yes,781,396,385
Travis,458,Referendum Item #6 - On Comprehensive Immigration Reform,,DEM,Yes,835,410,425
Travis,460,Referendum Item #1 - On Economic Security & Prosperity,,DEM,Yes,1032,486,546
Travis,460,Referendum Item #2 - On A Fair Criminal Justice System,,DEM,Yes,1026,490,536
Travis,460,Referendum Item #3 - On Climate,,DEM,Yes,1055,498,557
Travis,460,Referendum Item #4 - On The Voting Rights Act,,DEM,Yes,943,451,492
Travis,460,Referendum Item #5 - On Campus Carry,,DEM,Yes,997,476,521
Travis,460,Referendum Item #6 - On Comprehensive Immigration Reform,,DEM,Yes,1021,486,535
Travis,461,Referendum Item #1 - On Economic Security & Prosperity,,DEM,Yes,1135,483,652
Travis,461,Referendum Item #2 - On A Fair Criminal Justice System,,DEM,Yes,1129,481,648
Travis,461,Referendum Item #3 - On Climate,,DEM,Yes,1164,490,674
Travis,461,Referendum Item #4 - On The Voting Rights Act,,DEM,Yes,1044,459,585
Travis,461,Referendum Item #5 - On Campus Carry,,DEM,Yes,1116,480,636
Travis,461,Referendum Item #6 - On Comprehensive Immigration Reform,,DEM,Yes,1135,479,656
Travis,463,Referendum Item #1 - On Economic Security & Prosperity,,DEM,Yes,760,315,445
Travis,463,Referendum Item #2 - On A Fair Criminal Justice System,,DEM,Yes,758,317,441
Travis,463,Referendum Item #3 - On Climate,,DEM,Yes,767,317,450
Travis,463,Referendum Item #4 - On The Voting Rights Act,,DEM,Yes,716,292,424
Travis,463,Referendum Item #5 - On Campus Carry,,DEM,Yes,704,292,412
Travis,463,Referendum Item #6 - On Comprehensive Immigration Reform,,DEM,Yes,751,303,448
Travis,101,County Chairman,,REP,James Dickey,80,34,46
Travis,102,County Chairman,,REP,James Dickey,18,8,10
Travis,103,County Chairman,,REP,James Dickey,57,20,37
Travis,104,County Chairman,,REP,James Dickey,36,15,21
Travis,105,County Chairman,,REP,James Dickey,173,71,102
Travis,106,County Chairman,,REP,James Dickey,154,57,97
Travis,107,County Chairman,,REP,James Dickey,33,2,31
Travis,108,County Chairman,,REP,James Dickey,38,2,36
Travis,109,County Chairman,,REP,James Dickey,48,18,30
Travis,110,County Chairman,,REP,James Dickey,196,75,121
Travis,111,County Chairman,,REP,James Dickey,86,35,51
Travis,112,County Chairman,,REP,James Dickey,18,4,14
Travis,113,County Chairman,,REP,James Dickey,148,69,79
Travis,114,County Chairman,,REP,James Dickey,6,2,4
Travis,115,County Chairman,,REP,James Dickey,0,0,0
Travis,116,County Chairman,,REP,James Dickey,0,0,0
Travis,117,County Chairman,,REP,James Dickey,14,5,9
Travis,118,County Chairman,,REP,James Dickey,7,5,2
Travis,119,County Chairman,,REP,James Dickey,0,0,0
Travis,120,County Chairman,,REP,James Dickey,6,0,6
Travis,121,County Chairman,,REP,James Dickey,7,1,6
Travis,122,County Chairman,,REP,James Dickey,12,7,5
Travis,123,County Chairman,,REP,James Dickey,183,44,139
Travis,124,County Chairman,,REP,James Dickey,34,15,19
Travis,125,County Chairman,,REP,James Dickey,0,0,0
Travis,126,County Chairman,,REP,James Dickey,27,13,14
Travis,127,County Chairman,,REP,James Dickey,0,0,0
Travis,128,County Chairman,,REP,James Dickey,0,0,0
Travis,129,County Chairman,,REP,James Dickey,12,8,4
Travis,130,County Chairman,,REP,James Dickey,31,4,27
Travis,131,County Chairman,,REP,James Dickey,0,0,0
Travis,132,County Chairman,,REP,James Dickey,23,8,15
Travis,133,County Chairman,,REP,James Dickey,30,9,21
Travis,134,County Chairman,,REP,James Dickey,0,0,0
Travis,135,County Chairman,,REP,James Dickey,87,32,55
Travis,136,County Chairman,,REP,James Dickey,146,55,91
Travis,137,County Chairman,,REP,James Dickey,405,136,269
Travis,138,County Chairman,,REP,James Dickey,0,0,0
Travis,139,County Chairman,,REP,James Dickey,59,20,39
Travis,140,County Chairman,,REP,James Dickey,27,9,18
Travis,141,County Chairman,,REP,James Dickey,7,1,6
Travis,142,County Chairman,,REP,James Dickey,8,6,2
Travis,145,County Chairman,,REP,James Dickey,88,34,54
Travis,146,County Chairman,,REP,James Dickey,128,58,70
Travis,148,County Chairman,,REP,James Dickey,109,44,65
Travis,149,County Chairman,,REP,James Dickey,10,3,7
Travis,150,County Chairman,,REP,James Dickey,135,56,79
Travis,151,County Chairman,,REP,James Dickey,39,13,26
Travis,152,County Chairman,,REP,James Dickey,26,10,16
Travis,153,County Chairman,,REP,James Dickey,108,36,72
Travis,154,County Chairman,,REP,James Dickey,83,21,62
Travis,156,County Chairman,,REP,James Dickey,62,25,37
Travis,160,County Chairman,,REP,James Dickey,56,28,28
Travis,161,County Chairman,,REP,James Dickey,52,18,34
Travis,163,County Chairman,,REP,James Dickey,14,6,8
Travis,164,County Chairman,,REP,James Dickey,24,6,18
Travis,200,County Chairman,,REP,James Dickey,49,19,30
Travis,202,County Chairman,,REP,James Dickey,35,12,23
Travis,203,County Chairman,,REP,James Dickey,22,8,14
Travis,205,County Chairman,,REP,James Dickey,66,19,47
Travis,206,County Chairman,,REP,James Dickey,13,7,6
Travis,207,County Chairman,,REP,James Dickey,151,59,92
Travis,208,County Chairman,,REP,James Dickey,76,33,43
Travis,209,County Chairman,,REP,James Dickey,15,6,9
Travis,210,County Chairman,,REP,James Dickey,64,27,37
Travis,211,County Chairman,,REP,James Dickey,46,14,32
Travis,212,County Chairman,,REP,James Dickey,249,118,131
Travis,213,County Chairman,,REP,James Dickey,0,0,0
Travis,214,County Chairman,,REP,James Dickey,121,49,72
Travis,215,County Chairman,,REP,James Dickey,61,25,36
Travis,216,County Chairman,,REP,James Dickey,44,18,26
Travis,217,County Chairman,,REP,James Dickey,48,16,32
Travis,218,County Chairman,,REP,James Dickey,125,57,68
Travis,219,County Chairman,,REP,James Dickey,107,40,67
Travis,220,County Chairman,,REP,James Dickey,82,36,46
Travis,221,County Chairman,,REP,James Dickey,48,23,25
Travis,222,County Chairman,,REP,James Dickey,64,16,48
Travis,223,County Chairman,,REP,James Dickey,14,7,7
Travis,224,County Chairman,,REP,James Dickey,5,0,5
Travis,225,County Chairman,,REP,James Dickey,108,32,76
Travis,226,County Chairman,,REP,James Dickey,44,19,25
Travis,227,County Chairman,,REP,James Dickey,10,4,6
Travis,228,County Chairman,,REP,James Dickey,83,31,52
Travis,229,County Chairman,,REP,James Dickey,77,19,58
Travis,231,County Chairman,,REP,James Dickey,164,69,95
Travis,232,County Chairman,,REP,James Dickey,328,160,168
Travis,233,County Chairman,,REP,James Dickey,183,71,112
Travis,234,County Chairman,,REP,James Dickey,145,67,78
Travis,235,County Chairman,,REP,James Dickey,36,14,22
Travis,236,County Chairman,,REP,James Dickey,59,21,38
Travis,237,County Chairman,,REP,James Dickey,81,32,49
Travis,238,County Chairman,,REP,James Dickey,83,26,57
Travis,239,County Chairman,,REP,James Dickey,77,27,50
Travis,240,County Chairman,,REP,James Dickey,31,10,21
Travis,241,County Chairman,,REP,James Dickey,34,15,19
Travis,242,County Chairman,,REP,James Dickey,80,36,44
Travis,243,County Chairman,,REP,James Dickey,72,35,37
Travis,244,County Chairman,,REP,James Dickey,195,107,88
Travis,245,County Chairman,,REP,James Dickey,82,24,58
Travis,246,County Chairman,,REP,James Dickey,66,22,44
Travis,247,County Chairman,,REP,James Dickey,70,23,47
Travis,248,County Chairman,,REP,James Dickey,54,26,28
Travis,249,County Chairman,,REP,James Dickey,102,48,54
Travis,250,County Chairman,,REP,James Dickey,105,37,68
Travis,251,County Chairman,,REP,James Dickey,103,39,64
Travis,252,County Chairman,,REP,James Dickey,60,24,36
Travis,253,County Chairman,,REP,James Dickey,149,61,88
Travis,254,County Chairman,,REP,James Dickey,106,39,67
Travis,256,County Chairman,,REP,James Dickey,110,50,60
Travis,258,County Chairman,,REP,James Dickey,100,41,59
Travis,259,County Chairman,,REP,James Dickey,109,39,70
Travis,260,County Chairman,,REP,James Dickey,22,9,13
Travis,262,County Chairman,,REP,James Dickey,147,63,84
Travis,263,County Chairman,,REP,James Dickey,92,28,64
Travis,266,County Chairman,,REP,James Dickey,33,17,16
Travis,267,County Chairman,,REP,James Dickey,58,32,26
Travis,268,County Chairman,,REP,James Dickey,24,8,16
Travis,273,County Chairman,,REP,James Dickey,71,33,38
Travis,274,County Chairman,,REP,James Dickey,35,19,16
Travis,275,County Chairman,,REP,James Dickey,35,15,20
Travis,277,County Chairman,,REP,James Dickey,115,55,60
Travis,301,County Chairman,,REP,James Dickey,44,18,26
Travis,302,County Chairman,,REP,James Dickey,171,100,71
Travis,303,County Chairman,,REP,James Dickey,154,67,87
Travis,304,County Chairman,,REP,James Dickey,258,96,162
Travis,305,County Chairman,,REP,James Dickey,0,0,0
Travis,306,County Chairman,,REP,James Dickey,260,150,110
Travis,307,County Chairman,,REP,James Dickey,58,26,32
Travis,308,County Chairman,,REP,James Dickey,479,209,270
Travis,309,County Chairman,,REP,James Dickey,97,52,45
Travis,310,County Chairman,,REP,James Dickey,185,81,104
Travis,311,County Chairman,,REP,James Dickey,73,34,39
Travis,312,County Chairman,,REP,James Dickey,135,77,58
Travis,313,County Chairman,,REP,James Dickey,3,1,2
Travis,314,County Chairman,,REP,James Dickey,311,164,147
Travis,315,County Chairman,,REP,James Dickey,223,103,120
Travis,316,County Chairman,,REP,James Dickey,189,74,115
Travis,317,County Chairman,,REP,James Dickey,131,54,77
Travis,318,County Chairman,,REP,James Dickey,38,4,34
Travis,319,County Chairman,,REP,James Dickey,191,92,99
Travis,320,County Chairman,,REP,James Dickey,178,105,73
Travis,321,County Chairman,,REP,James Dickey,32,11,21
Travis,323,County Chairman,,REP,James Dickey,41,19,22
Travis,324,County Chairman,,REP,James Dickey,373,192,181
Travis,325,County Chairman,,REP,James Dickey,0,0,0
Travis,326,County Chairman,,REP,James Dickey,122,61,61
Travis,327,County Chairman,,REP,James Dickey,162,66,96
Travis,328,County Chairman,,REP,James Dickey,134,55,79
Travis,329,County Chairman,,REP,James Dickey,91,40,51
Travis,330,County Chairman,,REP,James Dickey,177,75,102
Travis,331,County Chairman,,REP,James Dickey,152,64,88
Travis,332,County Chairman,,REP,James Dickey,39,18,21
Travis,333,County Chairman,,REP,James Dickey,144,38,106
Travis,334,County Chairman,,REP,James Dickey,194,74,120
Travis,335,County Chairman,,REP,James Dickey,121,49,72
Travis,336,County Chairman,,REP,James Dickey,108,44,64
Travis,337,County Chairman,,REP,James Dickey,185,48,137
Travis,338,County Chairman,,REP,James Dickey,203,80,123
Travis,339,County Chairman,,REP,James Dickey,76,43,33
Travis,340,County Chairman,,REP,James Dickey,56,25,31
Travis,341,County Chairman,,REP,James Dickey,2,1,1
Travis,342,County Chairman,,REP,James Dickey,105,42,63
Travis,343,County Chairman,,REP,James Dickey,75,20,55
Travis,344,County Chairman,,REP,James Dickey,56,15,41
Travis,345,County Chairman,,REP,James Dickey,0,0,0
Travis,346,County Chairman,,REP,James Dickey,353,215,138
Travis,347,County Chairman,,REP,James Dickey,113,64,49
Travis,349,County Chairman,,REP,James Dickey,177,73,104
Travis,350,County Chairman,,REP,James Dickey,132,55,77
Travis,351,County Chairman,,REP,James Dickey,49,27,22
Travis,352,County Chairman,,REP,James Dickey,84,42,42
Travis,354,County Chairman,,REP,James Dickey,186,104,82
Travis,356,County Chairman,,REP,James Dickey,38,14,24
Travis,357,County Chairman,,REP,James Dickey,39,14,25
Travis,358,County Chairman,,REP,James Dickey,101,42,59
Travis,359,County Chairman,,REP,James Dickey,303,142,161
Travis,360,County Chairman,,REP,James Dickey,173,89,84
Travis,361,County Chairman,,REP,James Dickey,75,35,40
Travis,362,County Chairman,,REP,James Dickey,135,61,74
Travis,363,County Chairman,,REP,James Dickey,74,36,38
Travis,364,County Chairman,,REP,James Dickey,158,84,74
Travis,365,County Chairman,,REP,James Dickey,103,54,49
Travis,366,County Chairman,,REP,James Dickey,167,69,98
Travis,367,County Chairman,,REP,James Dickey,293,128,165
Travis,368,County Chairman,,REP,James Dickey,19,15,4
Travis,369,County Chairman,,REP,James Dickey,205,57,148
Travis,370,County Chairman,,REP,James Dickey,101,1,100
Travis,371,County Chairman,,REP,James Dickey,188,57,131
Travis,372,County Chairman,,REP,James Dickey,87,15,72
Travis,373,County Chairman,,REP,James Dickey,371,139,232
Travis,374,County Chairman,,REP,James Dickey,297,94,203
Travis,375,County Chairman,,REP,James Dickey,48,14,34
Travis,401,County Chairman,,REP,James Dickey,61,24,37
Travis,402,County Chairman,,REP,James Dickey,68,16,52
Travis,403,County Chairman,,REP,James Dickey,53,15,38
Travis,404,County Chairman,,REP,James Dickey,38,7,31
Travis,405,County Chairman,,REP,James Dickey,11,1,10
Travis,406,County Chairman,,REP,James Dickey,197,119,78
Travis,407,County Chairman,,REP,James Dickey,25,13,12
Travis,408,County Chairman,,REP,James Dickey,101,41,60
Travis,409,County Chairman,,REP,James Dickey,25,7,18
Travis,410,County Chairman,,REP,James Dickey,58,28,30
Travis,411,County Chairman,,REP,James Dickey,48,18,30
Travis,412,County Chairman,,REP,James Dickey,1,0,1
Travis,413,County Chairman,,REP,James Dickey,8,4,4
Travis,414,County Chairman,,REP,James Dickey,94,23,71
Travis,415,County Chairman,,REP,James Dickey,38,6,32
Travis,416,County Chairman,,REP,James Dickey,3,2,1
Travis,417,County Chairman,,REP,James Dickey,39,12,27
Travis,418,County Chairman,,REP,James Dickey,0,0,0
Travis,419,County Chairman,,REP,James Dickey,21,4,17
Travis,420,County Chairman,,REP,James Dickey,33,17,16
Travis,421,County Chairman,,REP,James Dickey,38,11,27
Travis,422,County Chairman,,REP,James Dickey,24,12,12
Travis,423,County Chairman,,REP,James Dickey,26,8,18
Travis,424,County Chairman,,REP,James Dickey,33,11,22
Travis,425,County Chairman,,REP,James Dickey,15,6,9
Travis,426,County Chairman,,REP,James Dickey,30,9,21
Travis,427,County Chairman,,REP,James Dickey,12,4,8
Travis,428,County Chairman,,REP,James Dickey,43,19,24
Travis,429,County Chairman,,REP,James Dickey,64,29,35
Travis,430,County Chairman,,REP,James Dickey,17,7,10
Travis,431,County Chairman,,REP,James Dickey,69,28,41
Travis,432,County Chairman,,REP,James Dickey,0,0,0
Travis,433,County Chairman,,REP,James Dickey,31,17,14
Travis,434,County Chairman,,REP,James Dickey,0,0,0
Travis,435,County Chairman,,REP,James Dickey,164,86,78
Travis,436,County Chairman,,REP,James Dickey,0,0,0
Travis,437,County Chairman,,REP,James Dickey,26,8,18
Travis,438,County Chairman,,REP,James Dickey,8,3,5
Travis,439,County Chairman,,REP,James Dickey,15,2,13
Travis,440,County Chairman,,REP,James Dickey,13,4,9
Travis,441,County Chairman,,REP,James Dickey,65,27,38
Travis,442,County Chairman,,REP,James Dickey,12,6,6
Travis,443,County Chairman,,REP,James Dickey,52,22,30
Travis,444,County Chairman,,REP,James Dickey,0,0,0
Travis,446,County Chairman,,REP,James Dickey,18,4,14
Travis,447,County Chairman,,REP,James Dickey,71,28,43
Travis,448,County Chairman,,REP,James Dickey,42,20,22
Travis,450,County Chairman,,REP,James Dickey,51,20,31
Travis,451,County Chairman,,REP,James Dickey,53,21,32
Travis,452,County Chairman,,REP,James Dickey,25,13,12
Travis,454,County Chairman,,REP,James Dickey,62,39,23
Travis,458,County Chairman,,REP,James Dickey,90,32,58
Travis,460,County Chairman,,REP,James Dickey,54,33,21
Travis,461,County Chairman,,REP,James Dickey,54,22,32
Travis,463,County Chairman,,REP,James Dickey,56,17,39
Travis,101,County Chairman,,REP,Robert Morrow,106,29,77
Travis,102,County Chairman,,REP,Robert Morrow,33,9,24
Travis,103,County Chairman,,REP,Robert Morrow,73,32,41
Travis,104,County Chairman,,REP,Robert Morrow,44,12,32
Travis,105,County Chairman,,REP,Robert Morrow,236,91,145
Travis,106,County Chairman,,REP,Robert Morrow,212,67,145
Travis,107,County Chairman,,REP,Robert Morrow,30,3,27
Travis,108,County Chairman,,REP,Robert Morrow,44,11,33
Travis,109,County Chairman,,REP,Robert Morrow,97,31,66
Travis,110,County Chairman,,REP,Robert Morrow,253,97,156
Travis,111,County Chairman,,REP,Robert Morrow,155,52,103
Travis,112,County Chairman,,REP,Robert Morrow,27,7,20
Travis,113,County Chairman,,REP,Robert Morrow,180,60,120
Travis,114,County Chairman,,REP,Robert Morrow,9,3,6
Travis,115,County Chairman,,REP,Robert Morrow,0,0,0
Travis,116,County Chairman,,REP,Robert Morrow,0,0,0
Travis,117,County Chairman,,REP,Robert Morrow,29,16,13
Travis,118,County Chairman,,REP,Robert Morrow,8,4,4
Travis,119,County Chairman,,REP,Robert Morrow,0,0,0
Travis,120,County Chairman,,REP,Robert Morrow,6,4,2
Travis,121,County Chairman,,REP,Robert Morrow,7,2,5
Travis,122,County Chairman,,REP,Robert Morrow,20,10,10
Travis,123,County Chairman,,REP,Robert Morrow,260,73,187
Travis,124,County Chairman,,REP,Robert Morrow,29,7,22
Travis,125,County Chairman,,REP,Robert Morrow,0,0,0
Travis,126,County Chairman,,REP,Robert Morrow,36,11,25
Travis,127,County Chairman,,REP,Robert Morrow,0,0,0
Travis,128,County Chairman,,REP,Robert Morrow,0,0,0
Travis,129,County Chairman,,REP,Robert Morrow,14,5,9
Travis,130,County Chairman,,REP,Robert Morrow,31,7,24
Travis,131,County Chairman,,REP,Robert Morrow,0,0,0
Travis,132,County Chairman,,REP,Robert Morrow,37,12,25
Travis,133,County Chairman,,REP,Robert Morrow,40,13,27
Travis,134,County Chairman,,REP,Robert Morrow,0,0,0
Travis,135,County Chairman,,REP,Robert Morrow,92,34,58
Travis,136,County Chairman,,REP,Robert Morrow,212,68,144
Travis,137,County Chairman,,REP,Robert Morrow,521,167,354
Travis,138,County Chairman,,REP,Robert Morrow,0,0,0
Travis,139,County Chairman,,REP,Robert Morrow,70,27,43
Travis,140,County Chairman,,REP,Robert Morrow,55,24,31
Travis,141,County Chairman,,REP,Robert Morrow,12,3,9
Travis,142,County Chairman,,REP,Robert Morrow,6,3,3
Travis,145,County Chairman,,REP,Robert Morrow,112,33,79
Travis,146,County Chairman,,REP,Robert Morrow,163,56,107
Travis,148,County Chairman,,REP,Robert Morrow,141,56,85
Travis,149,County Chairman,,REP,Robert Morrow,20,6,14
Travis,150,County Chairman,,REP,Robert Morrow,165,59,106
Travis,151,County Chairman,,REP,Robert Morrow,46,12,34
Travis,152,County Chairman,,REP,Robert Morrow,33,11,22
Travis,153,County Chairman,,REP,Robert Morrow,118,32,86
Travis,154,County Chairman,,REP,Robert Morrow,88,23,65
Travis,156,County Chairman,,REP,Robert Morrow,110,37,73
Travis,160,County Chairman,,REP,Robert Morrow,91,39,52
Travis,161,County Chairman,,REP,Robert Morrow,74,20,54
Travis,163,County Chairman,,REP,Robert Morrow,32,13,19
Travis,164,County Chairman,,REP,Robert Morrow,37,11,26
Travis,200,County Chairman,,REP,Robert Morrow,55,12,43
Travis,202,County Chairman,,REP,Robert Morrow,48,15,33
Travis,203,County Chairman,,REP,Robert Morrow,26,6,20
Travis,205,County Chairman,,REP,Robert Morrow,77,19,58
Travis,206,County Chairman,,REP,Robert Morrow,31,10,21
Travis,207,County Chairman,,REP,Robert Morrow,211,70,141
Travis,208,County Chairman,,REP,Robert Morrow,153,72,81
Travis,209,County Chairman,,REP,Robert Morrow,29,6,23
Travis,210,County Chairman,,REP,Robert Morrow,75,37,38
Travis,211,County Chairman,,REP,Robert Morrow,73,18,55
Travis,212,County Chairman,,REP,Robert Morrow,278,122,156
Travis,213,County Chairman,,REP,Robert Morrow,0,0,0
Travis,214,County Chairman,,REP,Robert Morrow,141,40,101
Travis,215,County Chairman,,REP,Robert Morrow,86,23,63
Travis,216,County Chairman,,REP,Robert Morrow,49,17,32
Travis,217,County Chairman,,REP,Robert Morrow,75,25,50
Travis,218,County Chairman,,REP,Robert Morrow,112,40,72
Travis,219,County Chairman,,REP,Robert Morrow,146,52,94
Travis,220,County Chairman,,REP,Robert Morrow,100,35,65
Travis,221,County Chairman,,REP,Robert Morrow,64,18,46
Travis,222,County Chairman,,REP,Robert Morrow,112,45,67
Travis,223,County Chairman,,REP,Robert Morrow,20,10,10
Travis,224,County Chairman,,REP,Robert Morrow,2,0,2
Travis,225,County Chairman,,REP,Robert Morrow,139,58,81
Travis,226,County Chairman,,REP,Robert Morrow,64,20,44
Travis,227,County Chairman,,REP,Robert Morrow,27,9,18
Travis,228,County Chairman,,REP,Robert Morrow,81,42,39
Travis,229,County Chairman,,REP,Robert Morrow,76,22,54
Travis,231,County Chairman,,REP,Robert Morrow,170,65,105
Travis,232,County Chairman,,REP,Robert Morrow,463,217,246
Travis,233,County Chairman,,REP,Robert Morrow,240,93,147
Travis,234,County Chairman,,REP,Robert Morrow,179,61,118
Travis,235,County Chairman,,REP,Robert Morrow,41,14,27
Travis,236,County Chairman,,REP,Robert Morrow,66,18,48
Travis,237,County Chairman,,REP,Robert Morrow,128,42,86
Travis,238,County Chairman,,REP,Robert Morrow,137,45,92
Travis,239,County Chairman,,REP,Robert Morrow,84,28,56
Travis,240,County Chairman,,REP,Robert Morrow,54,18,36
Travis,241,County Chairman,,REP,Robert Morrow,51,12,39
Travis,242,County Chairman,,REP,Robert Morrow,111,40,71
Travis,243,County Chairman,,REP,Robert Morrow,64,32,32
Travis,244,County Chairman,,REP,Robert Morrow,243,123,120
Travis,245,County Chairman,,REP,Robert Morrow,75,22,53
Travis,246,County Chairman,,REP,Robert Morrow,107,35,72
Travis,247,County Chairman,,REP,Robert Morrow,50,16,34
Travis,248,County Chairman,,REP,Robert Morrow,86,29,57
Travis,249,County Chairman,,REP,Robert Morrow,151,49,102
Travis,250,County Chairman,,REP,Robert Morrow,117,39,78
Travis,251,County Chairman,,REP,Robert Morrow,118,40,78
Travis,252,County Chairman,,REP,Robert Morrow,98,39,59
Travis,253,County Chairman,,REP,Robert Morrow,207,92,115
Travis,254,County Chairman,,REP,Robert Morrow,158,58,100
Travis,256,County Chairman,,REP,Robert Morrow,119,60,59
Travis,258,County Chairman,,REP,Robert Morrow,129,42,87
Travis,259,County Chairman,,REP,Robert Morrow,154,72,82
Travis,260,County Chairman,,REP,Robert Morrow,25,6,19
Travis,262,County Chairman,,REP,Robert Morrow,225,120,105
Travis,263,County Chairman,,REP,Robert Morrow,118,27,91
Travis,266,County Chairman,,REP,Robert Morrow,39,18,21
Travis,267,County Chairman,,REP,Robert Morrow,68,29,39
Travis,268,County Chairman,,REP,Robert Morrow,36,6,30
Travis,273,County Chairman,,REP,Robert Morrow,80,35,45
Travis,274,County Chairman,,REP,Robert Morrow,29,13,16
Travis,275,County Chairman,,REP,Robert Morrow,39,10,29
Travis,277,County Chairman,,REP,Robert Morrow,172,57,115
Travis,301,County Chairman,,REP,Robert Morrow,64,16,48
Travis,302,County Chairman,,REP,Robert Morrow,242,121,121
Travis,303,County Chairman,,REP,Robert Morrow,250,103,147
Travis,304,County Chairman,,REP,Robert Morrow,270,92,178
Travis,305,County Chairman,,REP,Robert Morrow,3,3,0
Travis,306,County Chairman,,REP,Robert Morrow,267,153,114
Travis,307,County Chairman,,REP,Robert Morrow,63,23,40
Travis,308,County Chairman,,REP,Robert Morrow,511,196,315
Travis,309,County Chairman,,REP,Robert Morrow,131,67,64
Travis,310,County Chairman,,REP,Robert Morrow,295,119,176
Travis,311,County Chairman,,REP,Robert Morrow,102,43,59
Travis,312,County Chairman,,REP,Robert Morrow,154,67,87
Travis,313,County Chairman,,REP,Robert Morrow,3,2,1
Travis,314,County Chairman,,REP,Robert Morrow,386,182,204
Travis,315,County Chairman,,REP,Robert Morrow,266,112,154
Travis,316,County Chairman,,REP,Robert Morrow,236,99,137
Travis,317,County Chairman,,REP,Robert Morrow,173,62,111
Travis,318,County Chairman,,REP,Robert Morrow,51,17,34
Travis,319,County Chairman,,REP,Robert Morrow,192,100,92
Travis,320,County Chairman,,REP,Robert Morrow,194,102,92
Travis,321,County Chairman,,REP,Robert Morrow,51,29,22
Travis,323,County Chairman,,REP,Robert Morrow,55,22,33
Travis,324,County Chairman,,REP,Robert Morrow,411,197,214
Travis,325,County Chairman,,REP,Robert Morrow,3,3,0
Travis,326,County Chairman,,REP,Robert Morrow,137,51,86
Travis,327,County Chairman,,REP,Robert Morrow,176,69,107
Travis,328,County Chairman,,REP,Robert Morrow,176,83,93
Travis,329,County Chairman,,REP,Robert Morrow,123,59,64
Travis,330,County Chairman,,REP,Robert Morrow,219,92,127
Travis,331,County Chairman,,REP,Robert Morrow,146,57,89
Travis,332,County Chairman,,REP,Robert Morrow,58,21,37
Travis,333,County Chairman,,REP,Robert Morrow,219,48,171
Travis,334,County Chairman,,REP,Robert Morrow,229,77,152
Travis,335,County Chairman,,REP,Robert Morrow,146,65,81
Travis,336,County Chairman,,REP,Robert Morrow,143,44,99
Travis,337,County Chairman,,REP,Robert Morrow,236,61,175
Travis,338,County Chairman,,REP,Robert Morrow,337,113,224
Travis,339,County Chairman,,REP,Robert Morrow,81,42,39
Travis,340,County Chairman,,REP,Robert Morrow,68,23,45
Travis,341,County Chairman,,REP,Robert Morrow,4,0,4
Travis,342,County Chairman,,REP,Robert Morrow,132,57,75
Travis,343,County Chairman,,REP,Robert Morrow,91,26,65
Travis,344,County Chairman,,REP,Robert Morrow,68,26,42
Travis,345,County Chairman,,REP,Robert Morrow,0,0,0
Travis,346,County Chairman,,REP,Robert Morrow,411,241,170
Travis,347,County Chairman,,REP,Robert Morrow,155,77,78
Travis,349,County Chairman,,REP,Robert Morrow,248,111,137
Travis,350,County Chairman,,REP,Robert Morrow,151,66,85
Travis,351,County Chairman,,REP,Robert Morrow,64,32,32
Travis,352,County Chairman,,REP,Robert Morrow,109,58,51
Travis,354,County Chairman,,REP,Robert Morrow,241,111,130
Travis,356,County Chairman,,REP,Robert Morrow,57,25,32
Travis,357,County Chairman,,REP,Robert Morrow,38,13,25
Travis,358,County Chairman,,REP,Robert Morrow,178,74,104
Travis,359,County Chairman,,REP,Robert Morrow,342,158,184
Travis,360,County Chairman,,REP,Robert Morrow,235,102,133
Travis,361,County Chairman,,REP,Robert Morrow,103,40,63
Travis,362,County Chairman,,REP,Robert Morrow,148,72,76
Travis,363,County Chairman,,REP,Robert Morrow,128,62,66
Travis,364,County Chairman,,REP,Robert Morrow,187,97,90
Travis,365,County Chairman,,REP,Robert Morrow,124,45,79
Travis,366,County Chairman,,REP,Robert Morrow,283,116,167
Travis,367,County Chairman,,REP,Robert Morrow,368,163,205
Travis,368,County Chairman,,REP,Robert Morrow,30,17,13
Travis,369,County Chairman,,REP,Robert Morrow,236,55,181
Travis,370,County Chairman,,REP,Robert Morrow,126,14,112
Travis,371,County Chairman,,REP,Robert Morrow,234,50,184
Travis,372,County Chairman,,REP,Robert Morrow,151,23,128
Travis,373,County Chairman,,REP,Robert Morrow,537,180,357
Travis,374,County Chairman,,REP,Robert Morrow,460,131,329
Travis,375,County Chairman,,REP,Robert Morrow,73,20,53
Travis,401,County Chairman,,REP,Robert Morrow,92,31,61
Travis,402,County Chairman,,REP,Robert Morrow,89,28,61
Travis,403,County Chairman,,REP,Robert Morrow,76,16,60
Travis,404,County Chairman,,REP,Robert Morrow,72,19,53
Travis,405,County Chairman,,REP,Robert Morrow,18,6,12
Travis,406,County Chairman,,REP,Robert Morrow,290,155,135
Travis,407,County Chairman,,REP,Robert Morrow,34,15,19
Travis,408,County Chairman,,REP,Robert Morrow,129,54,75
Travis,409,County Chairman,,REP,Robert Morrow,23,9,14
Travis,410,County Chairman,,REP,Robert Morrow,79,31,48
Travis,411,County Chairman,,REP,Robert Morrow,55,17,38
Travis,412,County Chairman,,REP,Robert Morrow,1,1,0
Travis,413,County Chairman,,REP,Robert Morrow,34,12,22
Travis,414,County Chairman,,REP,Robert Morrow,117,38,79
Travis,415,County Chairman,,REP,Robert Morrow,38,11,27
Travis,416,County Chairman,,REP,Robert Morrow,5,0,5
Travis,417,County Chairman,,REP,Robert Morrow,61,35,26
Travis,418,County Chairman,,REP,Robert Morrow,1,0,1
Travis,419,County Chairman,,REP,Robert Morrow,21,7,14
Travis,420,County Chairman,,REP,Robert Morrow,41,19,22
Travis,421,County Chairman,,REP,Robert Morrow,52,18,34
Travis,422,County Chairman,,REP,Robert Morrow,30,11,19
Travis,423,County Chairman,,REP,Robert Morrow,40,14,26
Travis,424,County Chairman,,REP,Robert Morrow,30,15,15
Travis,425,County Chairman,,REP,Robert Morrow,20,8,12
Travis,426,County Chairman,,REP,Robert Morrow,28,9,19
Travis,427,County Chairman,,REP,Robert Morrow,18,6,12
Travis,428,County Chairman,,REP,Robert Morrow,44,20,24
Travis,429,County Chairman,,REP,Robert Morrow,90,30,60
Travis,430,County Chairman,,REP,Robert Morrow,14,4,10
Travis,431,County Chairman,,REP,Robert Morrow,62,28,34
Travis,432,County Chairman,,REP,Robert Morrow,0,0,0
Travis,433,County Chairman,,REP,Robert Morrow,39,14,25
Travis,434,County Chairman,,REP,Robert Morrow,0,0,0
Travis,435,County Chairman,,REP,Robert Morrow,230,96,134
Travis,436,County Chairman,,REP,Robert Morrow,1,0,1
Travis,437,County Chairman,,REP,Robert Morrow,24,6,18
Travis,438,County Chairman,,REP,Robert Morrow,23,5,18
Travis,439,County Chairman,,REP,Robert Morrow,32,8,24
Travis,440,County Chairman,,REP,Robert Morrow,24,7,17
Travis,441,County Chairman,,REP,Robert Morrow,77,30,47
Travis,442,County Chairman,,REP,Robert Morrow,21,2,19
Travis,443,County Chairman,,REP,Robert Morrow,52,18,34
Travis,444,County Chairman,,REP,Robert Morrow,0,0,0
Travis,446,County Chairman,,REP,Robert Morrow,31,6,25
Travis,447,County Chairman,,REP,Robert Morrow,85,28,57
Travis,448,County Chairman,,REP,Robert Morrow,66,24,42
Travis,450,County Chairman,,REP,Robert Morrow,68,24,44
Travis,451,County Chairman,,REP,Robert Morrow,71,20,51
Travis,452,County Chairman,,REP,Robert Morrow,33,13,20
Travis,454,County Chairman,,REP,Robert Morrow,88,49,39
Travis,458,County Chairman,,REP,Robert Morrow,145,73,72
Travis,460,County Chairman,,REP,Robert Morrow,82,45,37
Travis,461,County Chairman,,REP,Robert Morrow,56,22,34
Travis,463,County Chairman,,REP,Robert Morrow,93,33,60
Travis,102,"District 10, Member, State Board Of Education",,REP,Tom Maynard,50,16,34
Travis,103,"District 10, Member, State Board Of Education",,REP,Tom Maynard,124,48,76
Travis,104,"District 10, Member, State Board Of Education",,REP,Tom Maynard,95,36,59
Travis,105,"District 10, Member, State Board Of Education",,REP,Tom Maynard,410,160,250
Travis,106,"District 10, Member, State Board Of Education",,REP,Tom Maynard,395,138,257
Travis,107,"District 10, Member, State Board Of Education",,REP,Tom Maynard,67,7,60
Travis,108,"District 10, Member, State Board Of Education",,REP,Tom Maynard,86,16,70
Travis,109,"District 10, Member, State Board Of Education",,REP,Tom Maynard,157,50,107
Travis,110,"District 10, Member, State Board Of Education",,REP,Tom Maynard,484,186,298
Travis,111,"District 10, Member, State Board Of Education",,REP,Tom Maynard,260,96,164
Travis,112,"District 10, Member, State Board Of Education",,REP,Tom Maynard,51,11,40
Travis,113,"District 10, Member, State Board Of Education",,REP,Tom Maynard,353,135,218
Travis,120,"District 10, Member, State Board Of Education",,REP,Tom Maynard,14,5,9
Travis,123,"District 10, Member, State Board Of Education",,REP,Tom Maynard,474,123,351
Travis,125,"District 10, Member, State Board Of Education",,REP,Tom Maynard,0,0,0
Travis,128,"District 10, Member, State Board Of Education",,REP,Tom Maynard,0,0,0
Travis,131,"District 10, Member, State Board Of Education",,REP,Tom Maynard,0,0,0
Travis,134,"District 10, Member, State Board Of Education",,REP,Tom Maynard,0,0,0
Travis,136,"District 10, Member, State Board Of Education",,REP,Tom Maynard,389,142,247
Travis,137,"District 10, Member, State Board Of Education",,REP,Tom Maynard,965,308,657
Travis,139,"District 10, Member, State Board Of Education",,REP,Tom Maynard,140,52,88
Travis,140,"District 10, Member, State Board Of Education",,REP,Tom Maynard,80,35,45
Travis,141,"District 10, Member, State Board Of Education",,REP,Tom Maynard,19,4,15
Travis,145,"District 10, Member, State Board Of Education",,REP,Tom Maynard,205,65,140
Travis,146,"District 10, Member, State Board Of Education",,REP,Tom Maynard,314,120,194
Travis,148,"District 10, Member, State Board Of Education",,REP,Tom Maynard,253,100,153
Travis,149,"District 10, Member, State Board Of Education",,REP,Tom Maynard,35,6,29
Travis,150,"District 10, Member, State Board Of Education",,REP,Tom Maynard,325,123,202
Travis,153,"District 10, Member, State Board Of Education",,REP,Tom Maynard,249,78,171
Travis,154,"District 10, Member, State Board Of Education",,REP,Tom Maynard,184,48,136
Travis,156,"District 10, Member, State Board Of Education",,REP,Tom Maynard,187,65,122
Travis,160,"District 10, Member, State Board Of Education",,REP,Tom Maynard,153,69,84
Travis,161,"District 10, Member, State Board Of Education",,REP,Tom Maynard,131,40,91
Travis,163,"District 10, Member, State Board Of Education",,REP,Tom Maynard,42,13,29
Travis,164,"District 10, Member, State Board Of Education",,REP,Tom Maynard,60,20,40
Travis,203,"District 10, Member, State Board Of Education",,REP,Tom Maynard,54,17,37
Travis,205,"District 10, Member, State Board Of Education",,REP,Tom Maynard,146,37,109
Travis,207,"District 10, Member, State Board Of Education",,REP,Tom Maynard,380,136,244
Travis,209,"District 10, Member, State Board Of Education",,REP,Tom Maynard,51,16,35
Travis,211,"District 10, Member, State Board Of Education",,REP,Tom Maynard,120,35,85
Travis,215,"District 10, Member, State Board Of Education",,REP,Tom Maynard,153,50,103
Travis,216,"District 10, Member, State Board Of Education",,REP,Tom Maynard,99,38,61
Travis,217,"District 10, Member, State Board Of Education",,REP,Tom Maynard,137,44,93
Travis,218,"District 10, Member, State Board Of Education",,REP,Tom Maynard,255,103,152
Travis,219,"District 10, Member, State Board Of Education",,REP,Tom Maynard,262,91,171
Travis,220,"District 10, Member, State Board Of Education",,REP,Tom Maynard,210,85,125
Travis,222,"District 10, Member, State Board Of Education",,REP,Tom Maynard,187,64,123
Travis,223,"District 10, Member, State Board Of Education",,REP,Tom Maynard,36,19,17
Travis,224,"District 10, Member, State Board Of Education",,REP,Tom Maynard,8,1,7
Travis,225,"District 10, Member, State Board Of Education",,REP,Tom Maynard,268,91,177
Travis,226,"District 10, Member, State Board Of Education",,REP,Tom Maynard,116,39,77
Travis,227,"District 10, Member, State Board Of Education",,REP,Tom Maynard,36,12,24
Travis,228,"District 10, Member, State Board Of Education",,REP,Tom Maynard,182,80,102
Travis,229,"District 10, Member, State Board Of Education",,REP,Tom Maynard,164,45,119
Travis,231,"District 10, Member, State Board Of Education",,REP,Tom Maynard,352,135,217
Travis,232,"District 10, Member, State Board Of Education",,REP,Tom Maynard,950,461,489
Travis,233,"District 10, Member, State Board Of Education",,REP,Tom Maynard,474,183,291
Travis,234,"District 10, Member, State Board Of Education",,REP,Tom Maynard,365,144,221
Travis,237,"District 10, Member, State Board Of Education",,REP,Tom Maynard,257,90,167
Travis,238,"District 10, Member, State Board Of Education",,REP,Tom Maynard,256,81,175
Travis,239,"District 10, Member, State Board Of Education",,REP,Tom Maynard,184,67,117
Travis,240,"District 10, Member, State Board Of Education",,REP,Tom Maynard,97,32,65
Travis,241,"District 10, Member, State Board Of Education",,REP,Tom Maynard,97,27,70
Travis,242,"District 10, Member, State Board Of Education",,REP,Tom Maynard,207,80,127
Travis,243,"District 10, Member, State Board Of Education",,REP,Tom Maynard,141,68,73
Travis,244,"District 10, Member, State Board Of Education",,REP,Tom Maynard,496,246,250
Travis,245,"District 10, Member, State Board Of Education",,REP,Tom Maynard,173,46,127
Travis,246,"District 10, Member, State Board Of Education",,REP,Tom Maynard,206,73,133
Travis,247,"District 10, Member, State Board Of Education",,REP,Tom Maynard,132,44,88
Travis,248,"District 10, Member, State Board Of Education",,REP,Tom Maynard,148,58,90
Travis,249,"District 10, Member, State Board Of Education",,REP,Tom Maynard,278,97,181
Travis,252,"District 10, Member, State Board Of Education",,REP,Tom Maynard,161,67,94
Travis,253,"District 10, Member, State Board Of Education",,REP,Tom Maynard,414,191,223
Travis,254,"District 10, Member, State Board Of Education",,REP,Tom Maynard,282,106,176
Travis,258,"District 10, Member, State Board Of Education",,REP,Tom Maynard,267,92,175
Travis,259,"District 10, Member, State Board Of Education",,REP,Tom Maynard,276,119,157
Travis,260,"District 10, Member, State Board Of Education",,REP,Tom Maynard,52,17,35
Travis,262,"District 10, Member, State Board Of Education",,REP,Tom Maynard,413,201,212
Travis,263,"District 10, Member, State Board Of Education",,REP,Tom Maynard,228,54,174
Travis,267,"District 10, Member, State Board Of Education",,REP,Tom Maynard,141,63,78
Travis,268,"District 10, Member, State Board Of Education",,REP,Tom Maynard,66,15,51
Travis,305,"District 10, Member, State Board Of Education",,REP,Tom Maynard,2,2,0
Travis,306,"District 10, Member, State Board Of Education",,REP,Tom Maynard,576,338,238
Travis,308,"District 10, Member, State Board Of Education",,REP,Tom Maynard,1011,410,601
Travis,312,"District 10, Member, State Board Of Education",,REP,Tom Maynard,293,146,147
Travis,316,"District 10, Member, State Board Of Education",,REP,Tom Maynard,464,191,273
Travis,319,"District 10, Member, State Board Of Education",,REP,Tom Maynard,419,207,212
Travis,320,"District 10, Member, State Board Of Education",,REP,Tom Maynard,395,215,180
Travis,321,"District 10, Member, State Board Of Education",,REP,Tom Maynard,85,42,43
Travis,323,"District 10, Member, State Board Of Education",,REP,Tom Maynard,105,43,62
Travis,324,"District 10, Member, State Board Of Education",,REP,Tom Maynard,857,417,440
Travis,326,"District 10, Member, State Board Of Education",,REP,Tom Maynard,307,120,187
Travis,327,"District 10, Member, State Board Of Education",,REP,Tom Maynard,398,162,236
Travis,328,"District 10, Member, State Board Of Education",,REP,Tom Maynard,340,150,190
Travis,331,"District 10, Member, State Board Of Education",,REP,Tom Maynard,342,139,203
Travis,333,"District 10, Member, State Board Of Education",,REP,Tom Maynard,406,96,310
Travis,334,"District 10, Member, State Board Of Education",,REP,Tom Maynard,478,172,306
Travis,335,"District 10, Member, State Board Of Education",,REP,Tom Maynard,292,119,173
Travis,336,"District 10, Member, State Board Of Education",,REP,Tom Maynard,296,103,193
Travis,337,"District 10, Member, State Board Of Education",,REP,Tom Maynard,493,129,364
Travis,343,"District 10, Member, State Board Of Education",,REP,Tom Maynard,185,52,133
Travis,345,"District 10, Member, State Board Of Education",,REP,Tom Maynard,0,0,0
Travis,346,"District 10, Member, State Board Of Education",,REP,Tom Maynard,848,491,357
Travis,359,"District 10, Member, State Board Of Education",,REP,Tom Maynard,693,310,383
Travis,368,"District 10, Member, State Board Of Education",,REP,Tom Maynard,62,39,23
Travis,369,"District 10, Member, State Board Of Education",,REP,Tom Maynard,475,111,364
Travis,370,"District 10, Member, State Board Of Education",,REP,Tom Maynard,234,16,218
Travis,371,"District 10, Member, State Board Of Education",,REP,Tom Maynard,440,111,329
Travis,372,"District 10, Member, State Board Of Education",,REP,Tom Maynard,250,40,210
Travis,373,"District 10, Member, State Board Of Education",,REP,Tom Maynard,943,331,612
Travis,374,"District 10, Member, State Board Of Education",,REP,Tom Maynard,868,262,606
Travis,375,"District 10, Member, State Board Of Education",,REP,Tom Maynard,132,36,96
Travis,103,U.S. House,10,REP,Michael T. McCaul,152,55,97
Travis,104,U.S. House,10,REP,Michael T. McCaul,104,41,63
Travis,105,U.S. House,10,REP,Michael T. McCaul,443,173,270
Travis,106,U.S. House,10,REP,Michael T. McCaul,438,146,292
Travis,108,U.S. House,10,REP,Michael T. McCaul,85,17,68
Travis,114,U.S. House,10,REP,Michael T. McCaul,19,7,12
Travis,118,U.S. House,10,REP,Michael T. McCaul,19,8,11
Travis,123,U.S. House,10,REP,Michael T. McCaul,571,151,420
Travis,125,U.S. House,10,REP,Michael T. McCaul,0,0,0
Travis,127,U.S. House,10,REP,Michael T. McCaul,0,0,0
Travis,131,U.S. House,10,REP,Michael T. McCaul,0,0,0
Travis,136,U.S. House,10,REP,Michael T. McCaul,440,166,274
Travis,138,U.S. House,10,REP,Michael T. McCaul,0,0,0
Travis,140,U.S. House,10,REP,Michael T. McCaul,101,37,64
Travis,141,U.S. House,10,REP,Michael T. McCaul,18,4,14
Travis,142,U.S. House,10,REP,Michael T. McCaul,22,11,11
Travis,146,U.S. House,10,REP,Michael T. McCaul,379,148,231
Travis,149,U.S. House,10,REP,Michael T. McCaul,41,7,34
Travis,150,U.S. House,10,REP,Michael T. McCaul,400,153,247
Travis,153,U.S. House,10,REP,Michael T. McCaul,284,87,197
Travis,154,U.S. House,10,REP,Michael T. McCaul,194,50,144
Travis,156,U.S. House,10,REP,Michael T. McCaul,225,76,149
Travis,200,U.S. House,10,REP,Michael T. McCaul,156,44,112
Travis,203,U.S. House,10,REP,Michael T. McCaul,68,18,50
Travis,211,U.S. House,10,REP,Michael T. McCaul,127,33,94
Travis,212,U.S. House,10,REP,Michael T. McCaul,880,376,504
Travis,217,U.S. House,10,REP,Michael T. McCaul,150,50,100
Travis,218,U.S. House,10,REP,Michael T. McCaul,308,115,193
Travis,222,U.S. House,10,REP,Michael T. McCaul,217,69,148
Travis,227,U.S. House,10,REP,Michael T. McCaul,42,16,26
Travis,228,U.S. House,10,REP,Michael T. McCaul,237,107,130
Travis,235,U.S. House,10,REP,Michael T. McCaul,116,38,78
Travis,236,U.S. House,10,REP,Michael T. McCaul,195,66,129
Travis,237,U.S. House,10,REP,Michael T. McCaul,371,129,242
Travis,239,U.S. House,10,REP,Michael T. McCaul,247,86,161
Travis,240,U.S. House,10,REP,Michael T. McCaul,136,43,93
Travis,241,U.S. House,10,REP,Michael T. McCaul,114,35,79
Travis,242,U.S. House,10,REP,Michael T. McCaul,265,100,165
Travis,243,U.S. House,10,REP,Michael T. McCaul,192,85,107
Travis,245,U.S. House,10,REP,Michael T. McCaul,224,52,172
Travis,246,U.S. House,10,REP,Michael T. McCaul,263,90,173
Travis,248,U.S. House,10,REP,Michael T. McCaul,173,60,113
Travis,249,U.S. House,10,REP,Michael T. McCaul,374,123,251
Travis,252,U.S. House,10,REP,Michael T. McCaul,201,78,123
Travis,253,U.S. House,10,REP,Michael T. McCaul,582,246,336
Travis,258,U.S. House,10,REP,Michael T. McCaul,281,90,191
Travis,260,U.S. House,10,REP,Michael T. McCaul,60,20,40
Travis,262,U.S. House,10,REP,Michael T. McCaul,550,249,301
Travis,266,U.S. House,10,REP,Michael T. McCaul,103,52,51
Travis,268,U.S. House,10,REP,Michael T. McCaul,80,20,60
Travis,273,U.S. House,10,REP,Michael T. McCaul,252,113,139
Travis,321,U.S. House,10,REP,Michael T. McCaul,110,54,56
Travis,323,U.S. House,10,REP,Michael T. McCaul,130,57,73
Travis,326,U.S. House,10,REP,Michael T. McCaul,409,151,258
Travis,327,U.S. House,10,REP,Michael T. McCaul,526,204,322
Travis,331,U.S. House,10,REP,Michael T. McCaul,453,171,282
Travis,333,U.S. House,10,REP,Michael T. McCaul,510,117,393
Travis,334,U.S. House,10,REP,Michael T. McCaul,606,216,390
Travis,335,U.S. House,10,REP,Michael T. McCaul,354,146,208
Travis,336,U.S. House,10,REP,Michael T. McCaul,386,121,265
Travis,337,U.S. House,10,REP,Michael T. McCaul,653,181,472
Travis,343,U.S. House,10,REP,Michael T. McCaul,205,58,147
Travis,374,U.S. House,10,REP,Michael T. McCaul,1064,310,754
Travis,375,U.S. House,10,REP,Michael T. McCaul,179,42,137
Travis,102,U.S. House,17,REP,Bill Flores,28,11,17
Travis,107,U.S. House,17,REP,Bill Flores,26,5,21
Travis,109,U.S. House,17,REP,Bill Flores,95,37,58
Travis,110,U.S. House,17,REP,Bill Flores,277,117,160
Travis,111,U.S. House,17,REP,Bill Flores,184,75,109
Travis,112,U.S. House,17,REP,Bill Flores,27,6,21
Travis,113,U.S. House,17,REP,Bill Flores,191,73,118
Travis,137,U.S. House,17,REP,Bill Flores,567,203,364
Travis,145,U.S. House,17,REP,Bill Flores,117,31,86
Travis,148,U.S. House,17,REP,Bill Flores,148,57,91
Travis,160,U.S. House,17,REP,Bill Flores,92,44,48
Travis,161,U.S. House,17,REP,Bill Flores,74,28,46
Travis,163,U.S. House,17,REP,Bill Flores,18,5,13
Travis,205,U.S. House,17,REP,Bill Flores,80,18,62
Travis,207,U.S. House,17,REP,Bill Flores,226,87,139
Travis,215,U.S. House,17,REP,Bill Flores,95,33,62
Travis,216,U.S. House,17,REP,Bill Flores,56,23,33
Travis,219,U.S. House,17,REP,Bill Flores,150,48,102
Travis,225,U.S. House,17,REP,Bill Flores,184,63,121
Travis,226,U.S. House,17,REP,Bill Flores,72,28,44
Travis,229,U.S. House,17,REP,Bill Flores,122,33,89
Travis,254,U.S. House,17,REP,Bill Flores,177,59,118
Travis,259,U.S. House,17,REP,Bill Flores,160,74,86
Travis,263,U.S. House,17,REP,Bill Flores,143,46,97
Travis,267,U.S. House,17,REP,Bill Flores,101,51,50
Travis,305,U.S. House,17,REP,Bill Flores,4,4,0
Travis,328,U.S. House,17,REP,Bill Flores,217,101,116
Travis,345,U.S. House,17,REP,Bill Flores,0,0,0
Travis,102,U.S. House,17,REP,Kaleb Sims,10,2,8
Travis,107,U.S. House,17,REP,Kaleb Sims,9,0,9
Travis,109,U.S. House,17,REP,Kaleb Sims,25,7,18
Travis,110,U.S. House,17,REP,Kaleb Sims,62,14,48
Travis,111,U.S. House,17,REP,Kaleb Sims,42,12,30
Travis,112,U.S. House,17,REP,Kaleb Sims,9,4,5
Travis,113,U.S. House,17,REP,Kaleb Sims,44,11,33
Travis,137,U.S. House,17,REP,Kaleb Sims,155,22,133
Travis,145,U.S. House,17,REP,Kaleb Sims,34,10,24
Travis,148,U.S. House,17,REP,Kaleb Sims,46,18,28
Travis,160,U.S. House,17,REP,Kaleb Sims,24,7,17
Travis,161,U.S. House,17,REP,Kaleb Sims,14,1,13
Travis,163,U.S. House,17,REP,Kaleb Sims,5,0,5
Travis,205,U.S. House,17,REP,Kaleb Sims,26,6,20
Travis,207,U.S. House,17,REP,Kaleb Sims,62,13,49
Travis,215,U.S. House,17,REP,Kaleb Sims,35,7,28
Travis,216,U.S. House,17,REP,Kaleb Sims,20,8,12
Travis,219,U.S. House,17,REP,Kaleb Sims,49,20,29
Travis,225,U.S. House,17,REP,Kaleb Sims,42,9,33
Travis,226,U.S. House,17,REP,Kaleb Sims,20,5,15
Travis,229,U.S. House,17,REP,Kaleb Sims,19,3,16
Travis,254,U.S. House,17,REP,Kaleb Sims,43,21,22
Travis,259,U.S. House,17,REP,Kaleb Sims,41,12,29
Travis,263,U.S. House,17,REP,Kaleb Sims,35,7,28
Travis,267,U.S. House,17,REP,Kaleb Sims,20,7,13
Travis,305,U.S. House,17,REP,Kaleb Sims,0,0,0
Travis,328,U.S. House,17,REP,Kaleb Sims,44,12,32
Travis,345,U.S. House,17,REP,Kaleb Sims,0,0,0
Travis,102,U.S. House,17,REP,Ralph Patterson,26,9,17
Travis,107,U.S. House,17,REP,Ralph Patterson,49,3,46
Travis,109,U.S. House,17,REP,Ralph Patterson,61,17,44
Travis,110,U.S. House,17,REP,Ralph Patterson,214,80,134
Travis,111,U.S. House,17,REP,Ralph Patterson,100,33,67
Travis,112,U.S. House,17,REP,Ralph Patterson,25,4,21
Travis,113,U.S. House,17,REP,Ralph Patterson,163,61,102
Travis,137,U.S. House,17,REP,Ralph Patterson,438,147,291
Travis,145,U.S. House,17,REP,Ralph Patterson,95,36,59
Travis,148,U.S. House,17,REP,Ralph Patterson,113,43,70
Travis,160,U.S. House,17,REP,Ralph Patterson,69,31,38
Travis,161,U.S. House,17,REP,Ralph Patterson,65,21,44
Travis,163,U.S. House,17,REP,Ralph Patterson,31,13,18
Travis,205,U.S. House,17,REP,Ralph Patterson,74,21,53
Travis,207,U.S. House,17,REP,Ralph Patterson,190,65,125
Travis,215,U.S. House,17,REP,Ralph Patterson,59,20,39
Travis,216,U.S. House,17,REP,Ralph Patterson,42,16,26
Travis,219,U.S. House,17,REP,Ralph Patterson,119,46,73
Travis,225,U.S. House,17,REP,Ralph Patterson,96,37,59
Travis,226,U.S. House,17,REP,Ralph Patterson,41,13,28
Travis,229,U.S. House,17,REP,Ralph Patterson,80,23,57
Travis,254,U.S. House,17,REP,Ralph Patterson,132,57,75
Travis,259,U.S. House,17,REP,Ralph Patterson,134,58,76
Travis,263,U.S. House,17,REP,Ralph Patterson,106,22,84
Travis,267,U.S. House,17,REP,Ralph Patterson,60,25,35
Travis,305,U.S. House,17,REP,Ralph Patterson,0,0,0
Travis,328,U.S. House,17,REP,Ralph Patterson,166,74,92
Travis,345,U.S. House,17,REP,Ralph Patterson,0,0,0
Travis,250,U.S. House,21,REP,John Murphy,30,12,18
Travis,277,U.S. House,21,REP,John Murphy,120,28,92
Travis,301,U.S. House,21,REP,John Murphy,9,3,6
Travis,309,U.S. House,21,REP,John Murphy,34,10,24
Travis,310,U.S. House,21,REP,John Murphy,62,14,48
Travis,311,U.S. House,21,REP,John Murphy,62,20,42
Travis,314,U.S. House,21,REP,John Murphy,47,19,28
Travis,315,U.S. House,21,REP,John Murphy,42,14,28
Travis,329,U.S. House,21,REP,John Murphy,41,8,33
Travis,330,U.S. House,21,REP,John Murphy,29,17,12
Travis,332,U.S. House,21,REP,John Murphy,14,7,7
Travis,339,U.S. House,21,REP,John Murphy,27,8,19
Travis,340,U.S. House,21,REP,John Murphy,29,8,21
Travis,341,U.S. House,21,REP,John Murphy,1,0,1
Travis,342,U.S. House,21,REP,John Murphy,36,9,27
Travis,344,U.S. House,21,REP,John Murphy,12,1,11
Travis,349,U.S. House,21,REP,John Murphy,47,18,29
Travis,350,U.S. House,21,REP,John Murphy,38,18,20
Travis,351,U.S. House,21,REP,John Murphy,17,9,8
Travis,352,U.S. House,21,REP,John Murphy,19,12,7
Travis,354,U.S. House,21,REP,John Murphy,54,22,32
Travis,356,U.S. House,21,REP,John Murphy,16,3,13
Travis,357,U.S. House,21,REP,John Murphy,9,3,6
Travis,363,U.S. House,21,REP,John Murphy,26,7,19
Travis,365,U.S. House,21,REP,John Murphy,24,9,15
Travis,368,U.S. House,21,REP,John Murphy,4,3,1
Travis,406,U.S. House,21,REP,John Murphy,31,15,16
Travis,408,U.S. House,21,REP,John Murphy,25,11,14
Travis,409,U.S. House,21,REP,John Murphy,10,2,8
Travis,412,U.S. House,21,REP,John Murphy,0,0,0
Travis,416,U.S. House,21,REP,John Murphy,0,0,0
Travis,418,U.S. House,21,REP,John Murphy,1,1,0
Travis,419,U.S. House,21,REP,John Murphy,3,2,1
Travis,420,U.S. House,21,REP,John Murphy,16,5,11
Travis,421,U.S. House,21,REP,John Murphy,24,6,18
Travis,422,U.S. House,21,REP,John Murphy,13,9,4
Travis,424,U.S. House,21,REP,John Murphy,11,4,7
Travis,428,U.S. House,21,REP,John Murphy,14,6,8
Travis,430,U.S. House,21,REP,John Murphy,4,3,1
Travis,431,U.S. House,21,REP,John Murphy,31,10,21
Travis,433,U.S. House,21,REP,John Murphy,9,2,7
Travis,435,U.S. House,21,REP,John Murphy,39,18,21
Travis,437,U.S. House,21,REP,John Murphy,9,4,5
Travis,446,U.S. House,21,REP,John Murphy,5,1,4
Travis,454,U.S. House,21,REP,John Murphy,16,11,5
Travis,458,U.S. House,21,REP,John Murphy,26,8,18
Travis,460,U.S. House,21,REP,John Murphy,22,7,15
Travis,461,U.S. House,21,REP,John Murphy,20,6,14
Travis,250,U.S. House,21,REP,Lamar Smith,250,106,144
Travis,277,U.S. House,21,REP,Lamar Smith,98,51,47
Travis,301,U.S. House,21,REP,Lamar Smith,75,27,48
Travis,309,U.S. House,21,REP,Lamar Smith,157,88,69
Travis,310,U.S. House,21,REP,Lamar Smith,349,173,176
Travis,311,U.S. House,21,REP,Lamar Smith,104,48,56
Travis,314,U.S. House,21,REP,Lamar Smith,728,375,353
Travis,315,U.S. House,21,REP,Lamar Smith,404,201,203
Travis,329,U.S. House,21,REP,Lamar Smith,185,99,86
Travis,330,U.S. House,21,REP,Lamar Smith,412,169,243
Travis,332,U.S. House,21,REP,Lamar Smith,83,31,52
Travis,339,U.S. House,21,REP,Lamar Smith,103,56,47
Travis,340,U.S. House,21,REP,Lamar Smith,106,49,57
Travis,341,U.S. House,21,REP,Lamar Smith,10,4,6
Travis,342,U.S. House,21,REP,Lamar Smith,204,96,108
Travis,344,U.S. House,21,REP,Lamar Smith,106,38,68
Travis,349,U.S. House,21,REP,Lamar Smith,361,169,192
Travis,350,U.S. House,21,REP,Lamar Smith,179,82,97
Travis,351,U.S. House,21,REP,Lamar Smith,76,42,34
Travis,352,U.S. House,21,REP,Lamar Smith,142,63,79
Travis,354,U.S. House,21,REP,Lamar Smith,444,228,216
Travis,356,U.S. House,21,REP,Lamar Smith,73,37,36
Travis,357,U.S. House,21,REP,Lamar Smith,90,35,55
Travis,363,U.S. House,21,REP,Lamar Smith,158,86,72
Travis,365,U.S. House,21,REP,Lamar Smith,167,73,94
Travis,368,U.S. House,21,REP,Lamar Smith,62,35,27
Travis,406,U.S. House,21,REP,Lamar Smith,439,260,179
Travis,408,U.S. House,21,REP,Lamar Smith,134,62,72
Travis,409,U.S. House,21,REP,Lamar Smith,36,13,23
Travis,412,U.S. House,21,REP,Lamar Smith,1,1,0
Travis,416,U.S. House,21,REP,Lamar Smith,5,1,4
Travis,418,U.S. House,21,REP,Lamar Smith,1,1,0
Travis,419,U.S. House,21,REP,Lamar Smith,36,11,25
Travis,420,U.S. House,21,REP,Lamar Smith,45,26,19
Travis,421,U.S. House,21,REP,Lamar Smith,64,23,41
Travis,422,U.S. House,21,REP,Lamar Smith,41,17,24
Travis,424,U.S. House,21,REP,Lamar Smith,48,22,26
Travis,428,U.S. House,21,REP,Lamar Smith,81,33,48
Travis,430,U.S. House,21,REP,Lamar Smith,12,5,7
Travis,431,U.S. House,21,REP,Lamar Smith,75,38,37
Travis,433,U.S. House,21,REP,Lamar Smith,43,24,19
Travis,435,U.S. House,21,REP,Lamar Smith,281,133,148
Travis,437,U.S. House,21,REP,Lamar Smith,43,18,25
Travis,446,U.S. House,21,REP,Lamar Smith,32,9,23
Travis,454,U.S. House,21,REP,Lamar Smith,114,74,40
Travis,458,U.S. House,21,REP,Lamar Smith,172,91,81
Travis,460,U.S. House,21,REP,Lamar Smith,113,65,48
Travis,461,U.S. House,21,REP,Lamar Smith,92,37,55
Travis,250,U.S. House,21,REP,Matt McCall,91,33,58
Travis,277,U.S. House,21,REP,Matt McCall,122,58,64
Travis,301,U.S. House,21,REP,Matt McCall,41,20,21
Travis,309,U.S. House,21,REP,Matt McCall,80,41,39
Travis,310,U.S. House,21,REP,Matt McCall,150,67,83
Travis,311,U.S. House,21,REP,Matt McCall,64,35,29
Travis,314,U.S. House,21,REP,Matt McCall,272,119,153
Travis,315,U.S. House,21,REP,Matt McCall,159,73,86
Travis,329,U.S. House,21,REP,Matt McCall,83,29,54
Travis,330,U.S. House,21,REP,Matt McCall,187,72,115
Travis,332,U.S. House,21,REP,Matt McCall,35,13,22
Travis,339,U.S. House,21,REP,Matt McCall,67,41,26
Travis,340,U.S. House,21,REP,Matt McCall,55,17,38
Travis,341,U.S. House,21,REP,Matt McCall,2,1,1
Travis,342,U.S. House,21,REP,Matt McCall,56,21,35
Travis,344,U.S. House,21,REP,Matt McCall,42,18,24
Travis,349,U.S. House,21,REP,Matt McCall,160,64,96
Travis,350,U.S. House,21,REP,Matt McCall,110,42,68
Travis,351,U.S. House,21,REP,Matt McCall,43,20,23
Travis,352,U.S. House,21,REP,Matt McCall,65,34,31
Travis,354,U.S. House,21,REP,Matt McCall,168,77,91
Travis,356,U.S. House,21,REP,Matt McCall,35,18,17
Travis,357,U.S. House,21,REP,Matt McCall,28,10,18
Travis,363,U.S. House,21,REP,Matt McCall,81,40,41
Travis,365,U.S. House,21,REP,Matt McCall,105,48,57
Travis,368,U.S. House,21,REP,Matt McCall,10,6,4
Travis,406,U.S. House,21,REP,Matt McCall,146,76,70
Travis,408,U.S. House,21,REP,Matt McCall,89,40,49
Travis,409,U.S. House,21,REP,Matt McCall,14,5,9
Travis,412,U.S. House,21,REP,Matt McCall,2,0,2
Travis,416,U.S. House,21,REP,Matt McCall,5,1,4
Travis,418,U.S. House,21,REP,Matt McCall,0,0,0
Travis,419,U.S. House,21,REP,Matt McCall,19,2,17
Travis,420,U.S. House,21,REP,Matt McCall,27,12,15
Travis,421,U.S. House,21,REP,Matt McCall,45,10,35
Travis,422,U.S. House,21,REP,Matt McCall,21,9,12
Travis,424,U.S. House,21,REP,Matt McCall,20,7,13
Travis,428,U.S. House,21,REP,Matt McCall,30,14,16
Travis,430,U.S. House,21,REP,Matt McCall,12,2,10
Travis,431,U.S. House,21,REP,Matt McCall,40,16,24
Travis,433,U.S. House,21,REP,Matt McCall,23,9,14
Travis,435,U.S. House,21,REP,Matt McCall,100,41,59
Travis,437,U.S. House,21,REP,Matt McCall,14,4,10
Travis,446,U.S. House,21,REP,Matt McCall,17,3,14
Travis,454,U.S. House,21,REP,Matt McCall,58,30,28
Travis,458,U.S. House,21,REP,Matt McCall,72,25,47
Travis,460,U.S. House,21,REP,Matt McCall,40,28,12
Travis,461,U.S. House,21,REP,Matt McCall,38,15,23
Travis,250,U.S. House,21,REP,Todd Phelps,37,9,28
Travis,277,U.S. House,21,REP,Todd Phelps,48,22,26
Travis,301,U.S. House,21,REP,Todd Phelps,29,6,23
Travis,309,U.S. House,21,REP,Todd Phelps,39,18,21
Travis,310,U.S. House,21,REP,Todd Phelps,85,24,61
Travis,311,U.S. House,21,REP,Todd Phelps,30,13,17
Travis,314,U.S. House,21,REP,Todd Phelps,111,43,68
Travis,315,U.S. House,21,REP,Todd Phelps,90,32,58
Travis,329,U.S. House,21,REP,Todd Phelps,44,22,22
Travis,330,U.S. House,21,REP,Todd Phelps,63,24,39
Travis,332,U.S. House,21,REP,Todd Phelps,20,6,14
Travis,339,U.S. House,21,REP,Todd Phelps,22,9,13
Travis,340,U.S. House,21,REP,Todd Phelps,25,7,18
Travis,341,U.S. House,21,REP,Todd Phelps,2,0,2
Travis,342,U.S. House,21,REP,Todd Phelps,48,21,27
Travis,344,U.S. House,21,REP,Todd Phelps,23,8,15
Travis,349,U.S. House,21,REP,Todd Phelps,78,28,50
Travis,350,U.S. House,21,REP,Todd Phelps,62,22,40
Travis,351,U.S. House,21,REP,Todd Phelps,29,12,17
Travis,352,U.S. House,21,REP,Todd Phelps,50,22,28
Travis,354,U.S. House,21,REP,Todd Phelps,86,45,41
Travis,356,U.S. House,21,REP,Todd Phelps,20,4,16
Travis,357,U.S. House,21,REP,Todd Phelps,14,5,9
Travis,363,U.S. House,21,REP,Todd Phelps,40,10,30
Travis,365,U.S. House,21,REP,Todd Phelps,47,16,31
Travis,368,U.S. House,21,REP,Todd Phelps,15,7,8
Travis,406,U.S. House,21,REP,Todd Phelps,68,29,39
Travis,408,U.S. House,21,REP,Todd Phelps,53,17,36
Travis,409,U.S. House,21,REP,Todd Phelps,14,6,8
Travis,412,U.S. House,21,REP,Todd Phelps,0,0,0
Travis,416,U.S. House,21,REP,Todd Phelps,0,0,0
Travis,418,U.S. House,21,REP,Todd Phelps,1,0,1
Travis,419,U.S. House,21,REP,Todd Phelps,8,2,6
Travis,420,U.S. House,21,REP,Todd Phelps,17,6,11
Travis,421,U.S. House,21,REP,Todd Phelps,19,5,14
Travis,422,U.S. House,21,REP,Todd Phelps,14,3,11
Travis,424,U.S. House,21,REP,Todd Phelps,18,5,13
Travis,428,U.S. House,21,REP,Todd Phelps,16,7,9
Travis,430,U.S. House,21,REP,Todd Phelps,10,3,7
Travis,431,U.S. House,21,REP,Todd Phelps,36,9,27
Travis,433,U.S. House,21,REP,Todd Phelps,19,7,12
Travis,435,U.S. House,21,REP,Todd Phelps,93,28,65
Travis,437,U.S. House,21,REP,Todd Phelps,18,4,14
Travis,446,U.S. House,21,REP,Todd Phelps,4,1,3
Travis,454,U.S. House,21,REP,Todd Phelps,24,12,12
Travis,458,U.S. House,21,REP,Todd Phelps,46,16,30
Travis,460,U.S. House,21,REP,Todd Phelps,18,6,12
Travis,461,U.S. House,21,REP,Todd Phelps,23,13,10
Travis,306,State Senator,24,REP,Brent Mayes,56,38,18
Travis,308,State Senator,24,REP,Brent Mayes,131,55,76
Travis,312,State Senator,24,REP,Brent Mayes,48,23,25
Travis,314,State Senator,24,REP,Brent Mayes,107,50,57
Travis,316,State Senator,24,REP,Brent Mayes,46,20,26
Travis,319,State Senator,24,REP,Brent Mayes,31,15,16
Travis,320,State Senator,24,REP,Brent Mayes,58,36,22
Travis,324,State Senator,24,REP,Brent Mayes,109,60,49
Travis,346,State Senator,24,REP,Brent Mayes,91,64,27
Travis,359,State Senator,24,REP,Brent Mayes,82,50,32
Travis,361,State Senator,24,REP,Brent Mayes,25,8,17
Travis,365,State Senator,24,REP,Brent Mayes,43,20,23
Travis,368,State Senator,24,REP,Brent Mayes,4,1,3
Travis,306,State Senator,24,REP,Dawn Buckingham,382,217,165
Travis,308,State Senator,24,REP,Dawn Buckingham,498,198,300
Travis,312,State Senator,24,REP,Dawn Buckingham,143,69,74
Travis,314,State Senator,24,REP,Dawn Buckingham,381,200,181
Travis,316,State Senator,24,REP,Dawn Buckingham,171,76,95
Travis,319,State Senator,24,REP,Dawn Buckingham,333,168,165
Travis,320,State Senator,24,REP,Dawn Buckingham,260,158,102
Travis,324,State Senator,24,REP,Dawn Buckingham,402,218,184
Travis,346,State Senator,24,REP,Dawn Buckingham,606,342,264
Travis,359,State Senator,24,REP,Dawn Buckingham,294,142,152
Travis,361,State Senator,24,REP,Dawn Buckingham,87,48,39
Travis,365,State Senator,24,REP,Dawn Buckingham,110,50,60
Travis,368,State Senator,24,REP,Dawn Buckingham,36,24,12
Travis,306,State Senator,24,REP,Jon Cobb,103,59,44
Travis,308,State Senator,24,REP,Jon Cobb,215,79,136
Travis,312,State Senator,24,REP,Jon Cobb,39,20,19
Travis,314,State Senator,24,REP,Jon Cobb,134,76,58
Travis,316,State Senator,24,REP,Jon Cobb,132,55,77
Travis,319,State Senator,24,REP,Jon Cobb,69,33,36
Travis,320,State Senator,24,REP,Jon Cobb,42,23,19
Travis,324,State Senator,24,REP,Jon Cobb,190,86,104
Travis,346,State Senator,24,REP,Jon Cobb,139,76,63
Travis,359,State Senator,24,REP,Jon Cobb,121,56,65
Travis,361,State Senator,24,REP,Jon Cobb,29,7,22
Travis,365,State Senator,24,REP,Jon Cobb,54,24,30
Travis,368,State Senator,24,REP,Jon Cobb,23,14,9
Travis,306,State Senator,24,REP,Reed Williams,48,28,20
Travis,308,State Senator,24,REP,Reed Williams,94,57,37
Travis,312,State Senator,24,REP,Reed Williams,31,11,20
Travis,314,State Senator,24,REP,Reed Williams,78,43,35
Travis,316,State Senator,24,REP,Reed Williams,39,13,26
Travis,319,State Senator,24,REP,Reed Williams,24,11,13
Travis,320,State Senator,24,REP,Reed Williams,27,9,18
Travis,324,State Senator,24,REP,Reed Williams,55,28,27
Travis,346,State Senator,24,REP,Reed Williams,57,32,25
Travis,359,State Senator,24,REP,Reed Williams,62,24,38
Travis,361,State Senator,24,REP,Reed Williams,15,4,11
Travis,365,State Senator,24,REP,Reed Williams,32,16,16
Travis,368,State Senator,24,REP,Reed Williams,4,2,2
Travis,306,State Senator,24,REP,Ryan Downton,93,50,43
Travis,308,State Senator,24,REP,Ryan Downton,142,54,88
Travis,312,State Senator,24,REP,Ryan Downton,51,21,30
Travis,314,State Senator,24,REP,Ryan Downton,91,40,51
Travis,316,State Senator,24,REP,Ryan Downton,56,27,29
Travis,319,State Senator,24,REP,Ryan Downton,42,22,20
Travis,320,State Senator,24,REP,Ryan Downton,49,21,28
Travis,324,State Senator,24,REP,Ryan Downton,125,57,68
Travis,346,State Senator,24,REP,Ryan Downton,108,60,48
Travis,359,State Senator,24,REP,Ryan Downton,106,47,59
Travis,361,State Senator,24,REP,Ryan Downton,20,9,11
Travis,365,State Senator,24,REP,Ryan Downton,22,9,13
Travis,368,State Senator,24,REP,Ryan Downton,6,2,4
Travis,306,State Senator,24,REP,Susan King,100,51,49
Travis,308,State Senator,24,REP,Susan King,197,79,118
Travis,312,State Senator,24,REP,Susan King,62,30,32
Travis,314,State Senator,24,REP,Susan King,176,80,96
Travis,316,State Senator,24,REP,Susan King,104,32,72
Travis,319,State Senator,24,REP,Susan King,54,28,26
Travis,320,State Senator,24,REP,Susan King,83,45,38
Travis,324,State Senator,24,REP,Susan King,185,75,110
Travis,346,State Senator,24,REP,Susan King,127,74,53
Travis,359,State Senator,24,REP,Susan King,147,56,91
Travis,361,State Senator,24,REP,Susan King,45,21,24
Travis,365,State Senator,24,REP,Susan King,41,15,26
Travis,368,State Senator,24,REP,Susan King,7,5,2
Travis,122,U.S. House,25,REP,Roger Williams,37,14,23
Travis,124,U.S. House,25,REP,Roger Williams,88,32,56
Travis,126,U.S. House,25,REP,Roger Williams,86,27,59
Travis,129,U.S. House,25,REP,Roger Williams,27,11,16
Travis,130,U.S. House,25,REP,Roger Williams,63,12,51
Travis,132,U.S. House,25,REP,Roger Williams,63,18,45
Travis,133,U.S. House,25,REP,Roger Williams,84,23,61
Travis,135,U.S. House,25,REP,Roger Williams,228,80,148
Travis,151,U.S. House,25,REP,Roger Williams,88,27,61
Travis,152,U.S. House,25,REP,Roger Williams,73,26,47
Travis,202,U.S. House,25,REP,Roger Williams,121,39,82
Travis,206,U.S. House,25,REP,Roger Williams,69,28,41
Travis,208,U.S. House,25,REP,Roger Williams,347,163,184
Travis,210,U.S. House,25,REP,Roger Williams,232,110,122
Travis,213,U.S. House,25,REP,Roger Williams,0,0,0
Travis,214,U.S. House,25,REP,Roger Williams,424,135,289
Travis,220,U.S. House,25,REP,Roger Williams,262,99,163
Travis,221,U.S. House,25,REP,Roger Williams,155,51,104
Travis,231,U.S. House,25,REP,Roger Williams,454,171,283
Travis,232,U.S. House,25,REP,Roger Williams,1197,568,629
Travis,233,U.S. House,25,REP,Roger Williams,571,214,357
Travis,234,U.S. House,25,REP,Roger Williams,451,173,278
Travis,238,U.S. House,25,REP,Roger Williams,305,95,210
Travis,244,U.S. House,25,REP,Roger Williams,591,282,309
Travis,247,U.S. House,25,REP,Roger Williams,160,46,114
Travis,251,U.S. House,25,REP,Roger Williams,343,108,235
Travis,256,U.S. House,25,REP,Roger Williams,387,181,206
Travis,274,U.S. House,25,REP,Roger Williams,107,43,64
Travis,275,U.S. House,25,REP,Roger Williams,102,31,71
Travis,302,U.S. House,25,REP,Roger Williams,540,266,274
Travis,303,U.S. House,25,REP,Roger Williams,522,197,325
Travis,304,U.S. House,25,REP,Roger Williams,704,267,437
Travis,306,U.S. House,25,REP,Roger Williams,682,371,311
Travis,307,U.S. House,25,REP,Roger Williams,216,85,131
Travis,308,U.S. House,25,REP,Roger Williams,1171,484,687
Travis,312,U.S. House,25,REP,Roger Williams,338,148,190
Travis,313,U.S. House,25,REP,Roger Williams,11,3,8
Travis,316,U.S. House,25,REP,Roger Williams,546,223,323
Travis,317,U.S. House,25,REP,Roger Williams,463,170,293
Travis,318,U.S. House,25,REP,Roger Williams,130,33,97
Travis,319,U.S. House,25,REP,Roger Williams,477,232,245
Travis,320,U.S. House,25,REP,Roger Williams,452,244,208
Travis,324,U.S. House,25,REP,Roger Williams,1049,494,555
Travis,325,U.S. House,25,REP,Roger Williams,6,4,2
Travis,338,U.S. House,25,REP,Roger Williams,771,264,507
Travis,346,U.S. House,25,REP,Roger Williams,949,531,418
Travis,347,U.S. House,25,REP,Roger Williams,458,225,233
Travis,358,U.S. House,25,REP,Roger Williams,321,123,198
Travis,359,U.S. House,25,REP,Roger Williams,752,341,411
Travis,360,U.S. House,25,REP,Roger Williams,499,225,274
Travis,361,U.S. House,25,REP,Roger Williams,195,85,110
Travis,362,U.S. House,25,REP,Roger Williams,359,157,202
Travis,364,U.S. House,25,REP,Roger Williams,533,247,286
Travis,366,U.S. House,25,REP,Roger Williams,666,271,395
Travis,367,U.S. House,25,REP,Roger Williams,961,382,579
Travis,369,U.S. House,25,REP,Roger Williams,550,140,410
Travis,370,U.S. House,25,REP,Roger Williams,240,18,222
Travis,371,U.S. House,25,REP,Roger Williams,476,126,350
Travis,372,U.S. House,25,REP,Roger Williams,284,47,237
Travis,373,U.S. House,25,REP,Roger Williams,991,352,639
Travis,432,U.S. House,25,REP,Roger Williams,0,0,0
Travis,434,U.S. House,25,REP,Roger Williams,0,0,0
Travis,101,U.S. House,35,REP,Susan Narvaiz,200,67,133
Travis,115,U.S. House,35,REP,Susan Narvaiz,0,0,0
Travis,116,U.S. House,35,REP,Susan Narvaiz,0,0,0
Travis,117,U.S. House,35,REP,Susan Narvaiz,49,20,29
Travis,119,U.S. House,35,REP,Susan Narvaiz,0,0,0
Travis,120,U.S. House,35,REP,Susan Narvaiz,13,4,9
Travis,121,U.S. House,35,REP,Susan Narvaiz,14,4,10
Travis,128,U.S. House,35,REP,Susan Narvaiz,0,0,0
Travis,134,U.S. House,35,REP,Susan Narvaiz,0,0,0
Travis,139,U.S. House,35,REP,Susan Narvaiz,141,50,91
Travis,164,U.S. House,35,REP,Susan Narvaiz,66,19,47
Travis,209,U.S. House,35,REP,Susan Narvaiz,48,16,32
Travis,223,U.S. House,35,REP,Susan Narvaiz,32,16,16
Travis,224,U.S. House,35,REP,Susan Narvaiz,6,1,5
Travis,401,U.S. House,35,REP,Susan Narvaiz,146,55,91
Travis,402,U.S. House,35,REP,Susan Narvaiz,150,45,105
Travis,403,U.S. House,35,REP,Susan Narvaiz,116,31,85
Travis,404,U.S. House,35,REP,Susan Narvaiz,130,37,93
Travis,405,U.S. House,35,REP,Susan Narvaiz,29,8,21
Travis,407,U.S. House,35,REP,Susan Narvaiz,66,27,39
Travis,410,U.S. House,35,REP,Susan Narvaiz,139,53,86
Travis,411,U.S. House,35,REP,Susan Narvaiz,112,42,70
Travis,413,U.S. House,35,REP,Susan Narvaiz,43,14,29
Travis,414,U.S. House,35,REP,Susan Narvaiz,240,67,173
Travis,415,U.S. House,35,REP,Susan Narvaiz,87,24,63
Travis,417,U.S. House,35,REP,Susan Narvaiz,106,46,60
Travis,423,U.S. House,35,REP,Susan Narvaiz,67,22,45
Travis,425,U.S. House,35,REP,Susan Narvaiz,43,16,27
Travis,426,U.S. House,35,REP,Susan Narvaiz,55,17,38
Travis,427,U.S. House,35,REP,Susan Narvaiz,44,13,31
Travis,429,U.S. House,35,REP,Susan Narvaiz,191,63,128
Travis,436,U.S. House,35,REP,Susan Narvaiz,2,0,2
Travis,438,U.S. House,35,REP,Susan Narvaiz,39,9,30
Travis,439,U.S. House,35,REP,Susan Narvaiz,56,11,45
Travis,440,U.S. House,35,REP,Susan Narvaiz,40,10,30
Travis,441,U.S. House,35,REP,Susan Narvaiz,166,59,107
Travis,442,U.S. House,35,REP,Susan Narvaiz,44,13,31
Travis,443,U.S. House,35,REP,Susan Narvaiz,103,42,61
Travis,444,U.S. House,35,REP,Susan Narvaiz,0,0,0
Travis,447,U.S. House,35,REP,Susan Narvaiz,155,56,99
Travis,448,U.S. House,35,REP,Susan Narvaiz,111,45,66
Travis,450,U.S. House,35,REP,Susan Narvaiz,133,46,87
Travis,451,U.S. House,35,REP,Susan Narvaiz,134,46,88
Travis,452,U.S. House,35,REP,Susan Narvaiz,51,20,31
Travis,463,U.S. House,35,REP,Susan Narvaiz,175,66,109
Travis,105,State Representative,46,REP,Gabriel Nila,417,167,250
Travis,113,State Representative,46,REP,Gabriel Nila,338,125,213
Travis,116,State Representative,46,REP,Gabriel Nila,0,0,0
Travis,117,State Representative,46,REP,Gabriel Nila,44,19,25
Travis,118,State Representative,46,REP,Gabriel Nila,15,7,8
Travis,120,State Representative,46,REP,Gabriel Nila,13,5,8
Travis,121,State Representative,46,REP,Gabriel Nila,13,3,10
Travis,122,State Representative,46,REP,Gabriel Nila,33,14,19
Travis,124,State Representative,46,REP,Gabriel Nila,63,23,40
Travis,125,State Representative,46,REP,Gabriel Nila,0,0,0
Travis,126,State Representative,46,REP,Gabriel Nila,61,21,40
Travis,127,State Representative,46,REP,Gabriel Nila,0,0,0
Travis,129,State Representative,46,REP,Gabriel Nila,25,13,12
Travis,130,State Representative,46,REP,Gabriel Nila,58,9,49
Travis,131,State Representative,46,REP,Gabriel Nila,0,0,0
Travis,132,State Representative,46,REP,Gabriel Nila,60,19,41
Travis,133,State Representative,46,REP,Gabriel Nila,77,21,56
Travis,134,State Representative,46,REP,Gabriel Nila,0,0,0
Travis,135,State Representative,46,REP,Gabriel Nila,196,70,126
Travis,136,State Representative,46,REP,Gabriel Nila,385,142,243
Travis,139,State Representative,46,REP,Gabriel Nila,137,50,87
Travis,141,State Representative,46,REP,Gabriel Nila,18,4,14
Travis,142,State Representative,46,REP,Gabriel Nila,13,7,6
Travis,145,State Representative,46,REP,Gabriel Nila,199,64,135
Travis,146,State Representative,46,REP,Gabriel Nila,306,116,190
Travis,148,State Representative,46,REP,Gabriel Nila,245,94,151
Travis,151,State Representative,46,REP,Gabriel Nila,85,26,59
Travis,152,State Representative,46,REP,Gabriel Nila,60,22,38
Travis,156,State Representative,46,REP,Gabriel Nila,192,62,130
Travis,160,State Representative,46,REP,Gabriel Nila,156,68,88
Travis,203,State Representative,46,REP,Gabriel Nila,53,16,37
Travis,217,State Representative,46,REP,Gabriel Nila,135,43,92
Travis,223,State Representative,46,REP,Gabriel Nila,34,17,17
Travis,224,State Representative,46,REP,Gabriel Nila,6,0,6
Travis,436,State Representative,46,REP,Gabriel Nila,0,0,0
Travis,444,State Representative,46,REP,Gabriel Nila,0,0,0
Travis,232,State Representative,47,REP,Jay Wiley,522,256,266
Travis,233,State Representative,47,REP,Jay Wiley,284,107,177
Travis,234,State Representative,47,REP,Jay Wiley,391,153,238
Travis,244,State Representative,47,REP,Jay Wiley,286,135,151
Travis,245,State Representative,47,REP,Jay Wiley,129,40,89
Travis,302,State Representative,47,REP,Jay Wiley,228,133,95
Travis,303,State Representative,47,REP,Jay Wiley,238,110,128
Travis,304,State Representative,47,REP,Jay Wiley,266,112,154
Travis,306,State Representative,47,REP,Jay Wiley,334,206,128
Travis,308,State Representative,47,REP,Jay Wiley,412,169,243
Travis,310,State Representative,47,REP,Jay Wiley,225,98,127
Travis,312,State Representative,47,REP,Jay Wiley,149,75,74
Travis,314,State Representative,47,REP,Jay Wiley,306,146,160
Travis,315,State Representative,47,REP,Jay Wiley,253,129,124
Travis,316,State Representative,47,REP,Jay Wiley,192,93,99
Travis,318,State Representative,47,REP,Jay Wiley,60,17,43
Travis,319,State Representative,47,REP,Jay Wiley,227,124,103
Travis,320,State Representative,47,REP,Jay Wiley,247,141,106
Travis,324,State Representative,47,REP,Jay Wiley,397,208,189
Travis,330,State Representative,47,REP,Jay Wiley,228,100,128
Travis,333,State Representative,47,REP,Jay Wiley,228,66,162
Travis,334,State Representative,47,REP,Jay Wiley,347,133,214
Travis,336,State Representative,47,REP,Jay Wiley,173,54,119
Travis,338,State Representative,47,REP,Jay Wiley,285,100,185
Travis,346,State Representative,47,REP,Jay Wiley,459,294,165
Travis,349,State Representative,47,REP,Jay Wiley,203,95,108
Travis,359,State Representative,47,REP,Jay Wiley,362,177,185
Travis,360,State Representative,47,REP,Jay Wiley,220,105,115
Travis,361,State Representative,47,REP,Jay Wiley,64,24,40
Travis,365,State Representative,47,REP,Jay Wiley,129,55,74
Travis,367,State Representative,47,REP,Jay Wiley,426,197,229
Travis,368,State Representative,47,REP,Jay Wiley,13,8,5
Travis,369,State Representative,47,REP,Jay Wiley,236,55,181
Travis,370,State Representative,47,REP,Jay Wiley,102,9,93
Travis,371,State Representative,47,REP,Jay Wiley,239,50,189
Travis,372,State Representative,47,REP,Jay Wiley,137,29,108
Travis,373,State Representative,47,REP,Jay Wiley,687,202,485
Travis,374,State Representative,47,REP,Jay Wiley,447,142,305
Travis,375,State Representative,47,REP,Jay Wiley,73,22,51
Travis,406,State Representative,47,REP,Jay Wiley,243,122,121
Travis,417,State Representative,47,REP,Jay Wiley,41,18,23
Travis,232,State Representative,47,REP,Paul Workman,751,362,389
Travis,233,State Representative,47,REP,Paul Workman,352,132,220
Travis,234,State Representative,47,REP,Paul Workman,193,78,115
Travis,244,State Representative,47,REP,Paul Workman,381,195,186
Travis,245,State Representative,47,REP,Paul Workman,104,26,78
Travis,302,State Representative,47,REP,Paul Workman,377,170,207
Travis,303,State Representative,47,REP,Paul Workman,384,139,245
Travis,304,State Representative,47,REP,Paul Workman,537,190,347
Travis,306,State Representative,47,REP,Paul Workman,492,268,224
Travis,308,State Representative,47,REP,Paul Workman,1009,416,593
Travis,310,State Representative,47,REP,Paul Workman,396,165,231
Travis,312,State Representative,47,REP,Paul Workman,260,109,151
Travis,314,State Representative,47,REP,Paul Workman,764,375,389
Travis,315,State Representative,47,REP,Paul Workman,428,177,251
Travis,316,State Representative,47,REP,Paul Workman,393,144,249
Travis,318,State Representative,47,REP,Paul Workman,81,19,62
Travis,319,State Representative,47,REP,Paul Workman,351,168,183
Travis,320,State Representative,47,REP,Paul Workman,318,178,140
Travis,324,State Representative,47,REP,Paul Workman,728,343,385
Travis,330,State Representative,47,REP,Paul Workman,419,172,247
Travis,333,State Representative,47,REP,Paul Workman,335,62,273
Travis,334,State Representative,47,REP,Paul Workman,318,100,218
Travis,336,State Representative,47,REP,Paul Workman,242,75,167
Travis,338,State Representative,47,REP,Paul Workman,560,219,341
Travis,346,State Representative,47,REP,Paul Workman,722,392,330
Travis,349,State Representative,47,REP,Paul Workman,410,175,235
Travis,359,State Representative,47,REP,Paul Workman,517,228,289
Travis,360,State Representative,47,REP,Paul Workman,361,167,194
Travis,361,State Representative,47,REP,Paul Workman,180,84,96
Travis,365,State Representative,47,REP,Paul Workman,204,90,114
Travis,367,State Representative,47,REP,Paul Workman,601,236,365
Travis,368,State Representative,47,REP,Paul Workman,76,45,31
Travis,369,State Representative,47,REP,Paul Workman,326,90,236
Travis,370,State Representative,47,REP,Paul Workman,176,11,165
Travis,371,State Representative,47,REP,Paul Workman,318,90,228
Travis,372,State Representative,47,REP,Paul Workman,198,30,168
Travis,373,State Representative,47,REP,Paul Workman,571,236,335
Travis,374,State Representative,47,REP,Paul Workman,624,183,441
Travis,375,State Representative,47,REP,Paul Workman,120,33,87
Travis,406,State Representative,47,REP,Paul Workman,456,265,191
Travis,417,State Representative,47,REP,Paul Workman,79,31,48
Travis,101,"District 5, Member, State Board Of Education",,REP,Ken Mercer,184,57,127
Travis,114,"District 5, Member, State Board Of Education",,REP,Ken Mercer,16,6,10
Travis,115,"District 5, Member, State Board Of Education",,REP,Ken Mercer,0,0,0
Travis,116,"District 5, Member, State Board Of Education",,REP,Ken Mercer,0,0,0
Travis,117,"District 5, Member, State Board Of Education",,REP,Ken Mercer,44,20,24
Travis,118,"District 5, Member, State Board Of Education",,REP,Ken Mercer,15,7,8
Travis,119,"District 5, Member, State Board Of Education",,REP,Ken Mercer,0,0,0
Travis,121,"District 5, Member, State Board Of Education",,REP,Ken Mercer,15,3,12
Travis,122,"District 5, Member, State Board Of Education",,REP,Ken Mercer,34,15,19
Travis,124,"District 5, Member, State Board Of Education",,REP,Ken Mercer,62,23,39
Travis,126,"District 5, Member, State Board Of Education",,REP,Ken Mercer,56,16,40
Travis,127,"District 5, Member, State Board Of Education",,REP,Ken Mercer,0,0,0
Travis,129,"District 5, Member, State Board Of Education",,REP,Ken Mercer,23,11,12
Travis,130,"District 5, Member, State Board Of Education",,REP,Ken Mercer,59,9,50
Travis,132,"District 5, Member, State Board Of Education",,REP,Ken Mercer,58,19,39
Travis,133,"District 5, Member, State Board Of Education",,REP,Ken Mercer,78,23,55
Travis,135,"District 5, Member, State Board Of Education",,REP,Ken Mercer,192,69,123
Travis,138,"District 5, Member, State Board Of Education",,REP,Ken Mercer,0,0,0
Travis,142,"District 5, Member, State Board Of Education",,REP,Ken Mercer,14,9,5
Travis,151,"District 5, Member, State Board Of Education",,REP,Ken Mercer,81,24,57
Travis,152,"District 5, Member, State Board Of Education",,REP,Ken Mercer,58,20,38
Travis,200,"District 5, Member, State Board Of Education",,REP,Ken Mercer,112,34,78
Travis,202,"District 5, Member, State Board Of Education",,REP,Ken Mercer,101,31,70
Travis,206,"District 5, Member, State Board Of Education",,REP,Ken Mercer,51,17,34
Travis,208,"District 5, Member, State Board Of Education",,REP,Ken Mercer,266,118,148
Travis,210,"District 5, Member, State Board Of Education",,REP,Ken Mercer,168,85,83
Travis,212,"District 5, Member, State Board Of Education",,REP,Ken Mercer,591,263,328
Travis,213,"District 5, Member, State Board Of Education",,REP,Ken Mercer,0,0,0
Travis,214,"District 5, Member, State Board Of Education",,REP,Ken Mercer,313,102,211
Travis,221,"District 5, Member, State Board Of Education",,REP,Ken Mercer,130,46,84
Travis,235,"District 5, Member, State Board Of Education",,REP,Ken Mercer,82,27,55
Travis,236,"District 5, Member, State Board Of Education",,REP,Ken Mercer,144,47,97
Travis,250,"District 5, Member, State Board Of Education",,REP,Ken Mercer,240,85,155
Travis,251,"District 5, Member, State Board Of Education",,REP,Ken Mercer,249,83,166
Travis,256,"District 5, Member, State Board Of Education",,REP,Ken Mercer,285,141,144
Travis,266,"District 5, Member, State Board Of Education",,REP,Ken Mercer,75,36,39
Travis,273,"District 5, Member, State Board Of Education",,REP,Ken Mercer,173,75,98
Travis,274,"District 5, Member, State Board Of Education",,REP,Ken Mercer,80,39,41
Travis,275,"District 5, Member, State Board Of Education",,REP,Ken Mercer,78,23,55
Travis,277,"District 5, Member, State Board Of Education",,REP,Ken Mercer,318,129,189
Travis,301,"District 5, Member, State Board Of Education",,REP,Ken Mercer,105,37,68
Travis,302,"District 5, Member, State Board Of Education",,REP,Ken Mercer,463,246,217
Travis,303,"District 5, Member, State Board Of Education",,REP,Ken Mercer,450,187,263
Travis,304,"District 5, Member, State Board Of Education",,REP,Ken Mercer,607,230,377
Travis,307,"District 5, Member, State Board Of Education",,REP,Ken Mercer,151,56,95
Travis,309,"District 5, Member, State Board Of Education",,REP,Ken Mercer,233,120,113
Travis,310,"District 5, Member, State Board Of Education",,REP,Ken Mercer,508,222,286
Travis,311,"District 5, Member, State Board Of Education",,REP,Ken Mercer,199,89,110
Travis,313,"District 5, Member, State Board Of Education",,REP,Ken Mercer,7,3,4
Travis,314,"District 5, Member, State Board Of Education",,REP,Ken Mercer,773,385,388
Travis,315,"District 5, Member, State Board Of Education",,REP,Ken Mercer,521,238,283
Travis,317,"District 5, Member, State Board Of Education",,REP,Ken Mercer,353,131,222
Travis,318,"District 5, Member, State Board Of Education",,REP,Ken Mercer,99,27,72
Travis,325,"District 5, Member, State Board Of Education",,REP,Ken Mercer,3,3,0
Travis,329,"District 5, Member, State Board Of Education",,REP,Ken Mercer,243,109,134
Travis,330,"District 5, Member, State Board Of Education",,REP,Ken Mercer,460,200,260
Travis,332,"District 5, Member, State Board Of Education",,REP,Ken Mercer,104,39,65
Travis,338,"District 5, Member, State Board Of Education",,REP,Ken Mercer,599,223,376
Travis,339,"District 5, Member, State Board Of Education",,REP,Ken Mercer,159,87,72
Travis,340,"District 5, Member, State Board Of Education",,REP,Ken Mercer,124,45,79
Travis,341,"District 5, Member, State Board Of Education",,REP,Ken Mercer,9,3,6
Travis,342,"District 5, Member, State Board Of Education",,REP,Ken Mercer,254,108,146
Travis,344,"District 5, Member, State Board Of Education",,REP,Ken Mercer,130,45,85
Travis,347,"District 5, Member, State Board Of Education",,REP,Ken Mercer,330,161,169
Travis,349,"District 5, Member, State Board Of Education",,REP,Ken Mercer,456,197,259
Travis,350,"District 5, Member, State Board Of Education",,REP,Ken Mercer,291,125,166
Travis,351,"District 5, Member, State Board Of Education",,REP,Ken Mercer,126,67,59
Travis,352,"District 5, Member, State Board Of Education",,REP,Ken Mercer,198,104,94
Travis,354,"District 5, Member, State Board Of Education",,REP,Ken Mercer,478,236,242
Travis,356,"District 5, Member, State Board Of Education",,REP,Ken Mercer,109,43,66
Travis,357,"District 5, Member, State Board Of Education",,REP,Ken Mercer,94,34,60
Travis,358,"District 5, Member, State Board Of Education",,REP,Ken Mercer,290,114,176
Travis,360,"District 5, Member, State Board Of Education",,REP,Ken Mercer,435,193,242
Travis,361,"District 5, Member, State Board Of Education",,REP,Ken Mercer,186,83,103
Travis,362,"District 5, Member, State Board Of Education",,REP,Ken Mercer,314,144,170
Travis,363,"District 5, Member, State Board Of Education",,REP,Ken Mercer,216,103,113
Travis,364,"District 5, Member, State Board Of Education",,REP,Ken Mercer,405,203,202
Travis,365,"District 5, Member, State Board Of Education",,REP,Ken Mercer,231,101,130
Travis,366,"District 5, Member, State Board Of Education",,REP,Ken Mercer,534,229,305
Travis,367,"District 5, Member, State Board Of Education",,REP,Ken Mercer,759,328,431
Travis,401,"District 5, Member, State Board Of Education",,REP,Ken Mercer,147,55,92
Travis,402,"District 5, Member, State Board Of Education",,REP,Ken Mercer,165,45,120
Travis,403,"District 5, Member, State Board Of Education",,REP,Ken Mercer,118,28,90
Travis,404,"District 5, Member, State Board Of Education",,REP,Ken Mercer,123,32,91
Travis,405,"District 5, Member, State Board Of Education",,REP,Ken Mercer,29,8,21
Travis,406,"District 5, Member, State Board Of Education",,REP,Ken Mercer,522,293,229
Travis,407,"District 5, Member, State Board Of Education",,REP,Ken Mercer,64,29,35
Travis,408,"District 5, Member, State Board Of Education",,REP,Ken Mercer,251,110,141
Travis,409,"District 5, Member, State Board Of Education",,REP,Ken Mercer,51,17,34
Travis,410,"District 5, Member, State Board Of Education",,REP,Ken Mercer,135,55,80
Travis,411,"District 5, Member, State Board Of Education",,REP,Ken Mercer,101,40,61
Travis,412,"District 5, Member, State Board Of Education",,REP,Ken Mercer,2,1,1
Travis,413,"District 5, Member, State Board Of Education",,REP,Ken Mercer,41,16,25
Travis,414,"District 5, Member, State Board Of Education",,REP,Ken Mercer,215,65,150
Travis,415,"District 5, Member, State Board Of Education",,REP,Ken Mercer,92,22,70
Travis,416,"District 5, Member, State Board Of Education",,REP,Ken Mercer,8,2,6
Travis,417,"District 5, Member, State Board Of Education",,REP,Ken Mercer,104,47,57
Travis,418,"District 5, Member, State Board Of Education",,REP,Ken Mercer,1,0,1
Travis,419,"District 5, Member, State Board Of Education",,REP,Ken Mercer,42,12,30
Travis,420,"District 5, Member, State Board Of Education",,REP,Ken Mercer,79,39,40
Travis,421,"District 5, Member, State Board Of Education",,REP,Ken Mercer,92,29,63
Travis,422,"District 5, Member, State Board Of Education",,REP,Ken Mercer,58,25,33
Travis,423,"District 5, Member, State Board Of Education",,REP,Ken Mercer,71,24,47
Travis,424,"District 5, Member, State Board Of Education",,REP,Ken Mercer,62,23,39
Travis,425,"District 5, Member, State Board Of Education",,REP,Ken Mercer,40,13,27
Travis,426,"District 5, Member, State Board Of Education",,REP,Ken Mercer,51,18,33
Travis,427,"District 5, Member, State Board Of Education",,REP,Ken Mercer,37,13,24
Travis,428,"District 5, Member, State Board Of Education",,REP,Ken Mercer,102,44,58
Travis,429,"District 5, Member, State Board Of Education",,REP,Ken Mercer,164,61,103
Travis,430,"District 5, Member, State Board Of Education",,REP,Ken Mercer,34,12,22
Travis,431,"District 5, Member, State Board Of Education",,REP,Ken Mercer,131,57,74
Travis,432,"District 5, Member, State Board Of Education",,REP,Ken Mercer,0,0,0
Travis,433,"District 5, Member, State Board Of Education",,REP,Ken Mercer,78,36,42
Travis,434,"District 5, Member, State Board Of Education",,REP,Ken Mercer,0,0,0
Travis,435,"District 5, Member, State Board Of Education",,REP,Ken Mercer,406,184,222
Travis,436,"District 5, Member, State Board Of Education",,REP,Ken Mercer,0,0,0
Travis,437,"District 5, Member, State Board Of Education",,REP,Ken Mercer,49,12,37
Travis,438,"District 5, Member, State Board Of Education",,REP,Ken Mercer,36,10,26
Travis,439,"District 5, Member, State Board Of Education",,REP,Ken Mercer,46,10,36
Travis,440,"District 5, Member, State Board Of Education",,REP,Ken Mercer,39,11,28
Travis,441,"District 5, Member, State Board Of Education",,REP,Ken Mercer,147,56,91
Travis,442,"District 5, Member, State Board Of Education",,REP,Ken Mercer,35,9,26
Travis,443,"District 5, Member, State Board Of Education",,REP,Ken Mercer,103,40,63
Travis,444,"District 5, Member, State Board Of Education",,REP,Ken Mercer,0,0,0
Travis,446,"District 5, Member, State Board Of Education",,REP,Ken Mercer,47,11,36
Travis,447,"District 5, Member, State Board Of Education",,REP,Ken Mercer,156,61,95
Travis,448,"District 5, Member, State Board Of Education",,REP,Ken Mercer,106,42,64
Travis,450,"District 5, Member, State Board Of Education",,REP,Ken Mercer,121,42,79
Travis,451,"District 5, Member, State Board Of Education",,REP,Ken Mercer,132,45,87
Travis,452,"District 5, Member, State Board Of Education",,REP,Ken Mercer,60,26,34
Travis,454,"District 5, Member, State Board Of Education",,REP,Ken Mercer,151,89,62
Travis,458,"District 5, Member, State Board Of Education",,REP,Ken Mercer,251,112,139
Travis,460,"District 5, Member, State Board Of Education",,REP,Ken Mercer,135,78,57
Travis,461,"District 5, Member, State Board Of Education",,REP,Ken Mercer,119,50,69
Travis,463,"District 5, Member, State Board Of Education",,REP,Ken Mercer,148,54,94
Travis,102,State Representative,50,REP,Ceasar Ruiz,48,14,34
Travis,103,State Representative,50,REP,Ceasar Ruiz,124,46,78
Travis,104,State Representative,50,REP,Ceasar Ruiz,86,31,55
Travis,106,State Representative,50,REP,Ceasar Ruiz,380,133,247
Travis,107,State Representative,50,REP,Ceasar Ruiz,64,6,58
Travis,108,State Representative,50,REP,Ceasar Ruiz,88,17,71
Travis,109,State Representative,50,REP,Ceasar Ruiz,153,48,105
Travis,110,State Representative,50,REP,Ceasar Ruiz,466,182,284
Travis,111,State Representative,50,REP,Ceasar Ruiz,255,94,161
Travis,112,State Representative,50,REP,Ceasar Ruiz,48,10,38
Travis,123,State Representative,50,REP,Ceasar Ruiz,459,123,336
Travis,128,State Representative,50,REP,Ceasar Ruiz,0,0,0
Travis,137,State Representative,50,REP,Ceasar Ruiz,946,306,640
Travis,140,State Representative,50,REP,Ceasar Ruiz,81,33,48
Travis,150,State Representative,50,REP,Ceasar Ruiz,306,116,190
Travis,153,State Representative,50,REP,Ceasar Ruiz,247,73,174
Travis,154,State Representative,50,REP,Ceasar Ruiz,174,47,127
Travis,161,State Representative,50,REP,Ceasar Ruiz,128,40,88
Travis,163,State Representative,50,REP,Ceasar Ruiz,45,14,31
Travis,164,State Representative,50,REP,Ceasar Ruiz,57,18,39
Travis,205,State Representative,50,REP,Ceasar Ruiz,145,35,110
Travis,207,State Representative,50,REP,Ceasar Ruiz,372,130,242
Travis,211,State Representative,50,REP,Ceasar Ruiz,115,33,82
Travis,215,State Representative,50,REP,Ceasar Ruiz,149,46,103
Travis,216,State Representative,50,REP,Ceasar Ruiz,96,36,60
Travis,219,State Representative,50,REP,Ceasar Ruiz,250,91,159
Travis,225,State Representative,50,REP,Ceasar Ruiz,257,85,172
Travis,226,State Representative,50,REP,Ceasar Ruiz,113,38,75
Travis,227,State Representative,50,REP,Ceasar Ruiz,34,13,21
Travis,229,State Representative,50,REP,Ceasar Ruiz,157,43,114
Travis,254,State Representative,50,REP,Ceasar Ruiz,276,102,174
Travis,259,State Representative,50,REP,Ceasar Ruiz,269,117,152
Travis,263,State Representative,50,REP,Ceasar Ruiz,222,56,166
Travis,321,State Representative,50,REP,Ceasar Ruiz,88,45,43
Travis,326,State Representative,50,REP,Ceasar Ruiz,307,122,185
Travis,327,State Representative,50,REP,Ceasar Ruiz,394,156,238
Travis,328,State Representative,50,REP,Ceasar Ruiz,332,143,189
Travis,331,State Representative,50,REP,Ceasar Ruiz,338,135,203
Travis,335,State Representative,50,REP,Ceasar Ruiz,283,113,170
Travis,101,"District Attorney, 53rd Judicial District",,REP,Maura Phelan,188,59,129
Travis,102,"District Attorney, 53rd Judicial District",,REP,Maura Phelan,43,14,29
Travis,103,"District Attorney, 53rd Judicial District",,REP,Maura Phelan,117,46,71
Travis,104,"District Attorney, 53rd Judicial District",,REP,Maura Phelan,86,34,52
Travis,105,"District Attorney, 53rd Judicial District",,REP,Maura Phelan,399,158,241
Travis,106,"District Attorney, 53rd Judicial District",,REP,Maura Phelan,378,127,251
Travis,107,"District Attorney, 53rd Judicial District",,REP,Maura Phelan,66,6,60
Travis,108,"District Attorney, 53rd Judicial District",,REP,Maura Phelan,82,17,65
Travis,109,"District Attorney, 53rd Judicial District",,REP,Maura Phelan,150,47,103
Travis,110,"District Attorney, 53rd Judicial District",,REP,Maura Phelan,454,180,274
Travis,111,"District Attorney, 53rd Judicial District",,REP,Maura Phelan,251,91,160
Travis,112,"District Attorney, 53rd Judicial District",,REP,Maura Phelan,49,10,39
Travis,113,"District Attorney, 53rd Judicial District",,REP,Maura Phelan,327,125,202
Travis,114,"District Attorney, 53rd Judicial District",,REP,Maura Phelan,15,5,10
Travis,115,"District Attorney, 53rd Judicial District",,REP,Maura Phelan,0,0,0
Travis,116,"District Attorney, 53rd Judicial District",,REP,Maura Phelan,0,0,0
Travis,117,"District Attorney, 53rd Judicial District",,REP,Maura Phelan,42,20,22
Travis,118,"District Attorney, 53rd Judicial District",,REP,Maura Phelan,16,8,8
Travis,119,"District Attorney, 53rd Judicial District",,REP,Maura Phelan,0,0,0
Travis,120,"District Attorney, 53rd Judicial District",,REP,Maura Phelan,14,5,9
Travis,121,"District Attorney, 53rd Judicial District",,REP,Maura Phelan,13,3,10
Travis,122,"District Attorney, 53rd Judicial District",,REP,Maura Phelan,31,14,17
Travis,123,"District Attorney, 53rd Judicial District",,REP,Maura Phelan,459,121,338
Travis,124,"District Attorney, 53rd Judicial District",,REP,Maura Phelan,57,21,36
Travis,125,"District Attorney, 53rd Judicial District",,REP,Maura Phelan,0,0,0
Travis,126,"District Attorney, 53rd Judicial District",,REP,Maura Phelan,62,20,42
Travis,127,"District Attorney, 53rd Judicial District",,REP,Maura Phelan,0,0,0
Travis,128,"District Attorney, 53rd Judicial District",,REP,Maura Phelan,0,0,0
Travis,129,"District Attorney, 53rd Judicial District",,REP,Maura Phelan,23,10,13
Travis,130,"District Attorney, 53rd Judicial District",,REP,Maura Phelan,57,10,47
Travis,131,"District Attorney, 53rd Judicial District",,REP,Maura Phelan,0,0,0
Travis,132,"District Attorney, 53rd Judicial District",,REP,Maura Phelan,64,20,44
Travis,133,"District Attorney, 53rd Judicial District",,REP,Maura Phelan,74,19,55
Travis,134,"District Attorney, 53rd Judicial District",,REP,Maura Phelan,0,0,0
Travis,135,"District Attorney, 53rd Judicial District",,REP,Maura Phelan,191,67,124
Travis,136,"District Attorney, 53rd Judicial District",,REP,Maura Phelan,373,135,238
Travis,137,"District Attorney, 53rd Judicial District",,REP,Maura Phelan,928,296,632
Travis,138,"District Attorney, 53rd Judicial District",,REP,Maura Phelan,0,0,0
Travis,139,"District Attorney, 53rd Judicial District",,REP,Maura Phelan,138,51,87
Travis,140,"District Attorney, 53rd Judicial District",,REP,Maura Phelan,79,33,46
Travis,141,"District Attorney, 53rd Judicial District",,REP,Maura Phelan,19,4,15
Travis,142,"District Attorney, 53rd Judicial District",,REP,Maura Phelan,12,7,5
Travis,145,"District Attorney, 53rd Judicial District",,REP,Maura Phelan,195,63,132
Travis,146,"District Attorney, 53rd Judicial District",,REP,Maura Phelan,299,114,185
Travis,148,"District Attorney, 53rd Judicial District",,REP,Maura Phelan,241,100,141
Travis,149,"District Attorney, 53rd Judicial District",,REP,Maura Phelan,31,7,24
Travis,150,"District Attorney, 53rd Judicial District",,REP,Maura Phelan,313,120,193
Travis,151,"District Attorney, 53rd Judicial District",,REP,Maura Phelan,80,24,56
Travis,152,"District Attorney, 53rd Judicial District",,REP,Maura Phelan,56,20,36
Travis,153,"District Attorney, 53rd Judicial District",,REP,Maura Phelan,243,73,170
Travis,154,"District Attorney, 53rd Judicial District",,REP,Maura Phelan,169,45,124
Travis,156,"District Attorney, 53rd Judicial District",,REP,Maura Phelan,186,62,124
Travis,160,"District Attorney, 53rd Judicial District",,REP,Maura Phelan,150,71,79
Travis,161,"District Attorney, 53rd Judicial District",,REP,Maura Phelan,124,39,85
Travis,163,"District Attorney, 53rd Judicial District",,REP,Maura Phelan,46,16,30
Travis,164,"District Attorney, 53rd Judicial District",,REP,Maura Phelan,59,20,39
Travis,200,"District Attorney, 53rd Judicial District",,REP,Maura Phelan,107,32,75
Travis,202,"District Attorney, 53rd Judicial District",,REP,Maura Phelan,96,30,66
Travis,203,"District Attorney, 53rd Judicial District",,REP,Maura Phelan,48,12,36
Travis,205,"District Attorney, 53rd Judicial District",,REP,Maura Phelan,137,32,105
Travis,206,"District Attorney, 53rd Judicial District",,REP,Maura Phelan,55,20,35
Travis,207,"District Attorney, 53rd Judicial District",,REP,Maura Phelan,374,129,245
Travis,208,"District Attorney, 53rd Judicial District",,REP,Maura Phelan,279,122,157
Travis,209,"District Attorney, 53rd Judicial District",,REP,Maura Phelan,40,12,28
Travis,210,"District Attorney, 53rd Judicial District",,REP,Maura Phelan,153,76,77
Travis,211,"District Attorney, 53rd Judicial District",,REP,Maura Phelan,112,32,80
Travis,212,"District Attorney, 53rd Judicial District",,REP,Maura Phelan,583,261,322
Travis,213,"District Attorney, 53rd Judicial District",,REP,Maura Phelan,0,0,0
Travis,214,"District Attorney, 53rd Judicial District",,REP,Maura Phelan,322,104,218
Travis,215,"District Attorney, 53rd Judicial District",,REP,Maura Phelan,150,48,102
Travis,216,"District Attorney, 53rd Judicial District",,REP,Maura Phelan,89,34,55
Travis,217,"District Attorney, 53rd Judicial District",,REP,Maura Phelan,129,42,87
Travis,218,"District Attorney, 53rd Judicial District",,REP,Maura Phelan,250,100,150
Travis,219,"District Attorney, 53rd Judicial District",,REP,Maura Phelan,236,87,149
Travis,220,"District Attorney, 53rd Judicial District",,REP,Maura Phelan,207,79,128
Travis,221,"District Attorney, 53rd Judicial District",,REP,Maura Phelan,126,43,83
Travis,222,"District Attorney, 53rd Judicial District",,REP,Maura Phelan,178,60,118
Travis,223,"District Attorney, 53rd Judicial District",,REP,Maura Phelan,34,17,17
Travis,224,"District Attorney, 53rd Judicial District",,REP,Maura Phelan,7,0,7
Travis,225,"District Attorney, 53rd Judicial District",,REP,Maura Phelan,258,88,170
Travis,226,"District Attorney, 53rd Judicial District",,REP,Maura Phelan,110,37,73
Travis,227,"District Attorney, 53rd Judicial District",,REP,Maura Phelan,33,11,22
Travis,228,"District Attorney, 53rd Judicial District",,REP,Maura Phelan,184,81,103
Travis,229,"District Attorney, 53rd Judicial District",,REP,Maura Phelan,153,42,111
Travis,231,"District Attorney, 53rd Judicial District",,REP,Maura Phelan,350,130,220
Travis,232,"District Attorney, 53rd Judicial District",,REP,Maura Phelan,937,452,485
Travis,233,"District Attorney, 53rd Judicial District",,REP,Maura Phelan,479,181,298
Travis,234,"District Attorney, 53rd Judicial District",,REP,Maura Phelan,367,142,225
Travis,235,"District Attorney, 53rd Judicial District",,REP,Maura Phelan,84,31,53
Travis,236,"District Attorney, 53rd Judicial District",,REP,Maura Phelan,144,47,97
Travis,237,"District Attorney, 53rd Judicial District",,REP,Maura Phelan,260,91,169
Travis,238,"District Attorney, 53rd Judicial District",,REP,Maura Phelan,248,76,172
Travis,239,"District Attorney, 53rd Judicial District",,REP,Maura Phelan,184,66,118
Travis,240,"District Attorney, 53rd Judicial District",,REP,Maura Phelan,94,29,65
Travis,241,"District Attorney, 53rd Judicial District",,REP,Maura Phelan,89,29,60
Travis,242,"District Attorney, 53rd Judicial District",,REP,Maura Phelan,211,83,128
Travis,243,"District Attorney, 53rd Judicial District",,REP,Maura Phelan,133,61,72
Travis,244,"District Attorney, 53rd Judicial District",,REP,Maura Phelan,480,232,248
Travis,245,"District Attorney, 53rd Judicial District",,REP,Maura Phelan,177,49,128
Travis,246,"District Attorney, 53rd Judicial District",,REP,Maura Phelan,200,68,132
Travis,247,"District Attorney, 53rd Judicial District",,REP,Maura Phelan,136,41,95
Travis,248,"District Attorney, 53rd Judicial District",,REP,Maura Phelan,145,52,93
Travis,249,"District Attorney, 53rd Judicial District",,REP,Maura Phelan,264,96,168
Travis,250,"District Attorney, 53rd Judicial District",,REP,Maura Phelan,240,83,157
Travis,251,"District Attorney, 53rd Judicial District",,REP,Maura Phelan,238,81,157
Travis,252,"District Attorney, 53rd Judicial District",,REP,Maura Phelan,160,64,96
Travis,253,"District Attorney, 53rd Judicial District",,REP,Maura Phelan,404,181,223
Travis,254,"District Attorney, 53rd Judicial District",,REP,Maura Phelan,270,101,169
Travis,256,"District Attorney, 53rd Judicial District",,REP,Maura Phelan,277,130,147
Travis,258,"District Attorney, 53rd Judicial District",,REP,Maura Phelan,234,78,156
Travis,259,"District Attorney, 53rd Judicial District",,REP,Maura Phelan,275,117,158
Travis,260,"District Attorney, 53rd Judicial District",,REP,Maura Phelan,52,17,35
Travis,262,"District Attorney, 53rd Judicial District",,REP,Maura Phelan,405,197,208
Travis,263,"District Attorney, 53rd Judicial District",,REP,Maura Phelan,217,49,168
Travis,266,"District Attorney, 53rd Judicial District",,REP,Maura Phelan,74,36,38
Travis,267,"District Attorney, 53rd Judicial District",,REP,Maura Phelan,138,60,78
Travis,268,"District Attorney, 53rd Judicial District",,REP,Maura Phelan,62,13,49
Travis,273,"District Attorney, 53rd Judicial District",,REP,Maura Phelan,174,72,102
Travis,274,"District Attorney, 53rd Judicial District",,REP,Maura Phelan,74,36,38
Travis,275,"District Attorney, 53rd Judicial District",,REP,Maura Phelan,80,23,57
Travis,277,"District Attorney, 53rd Judicial District",,REP,Maura Phelan,326,131,195
Travis,301,"District Attorney, 53rd Judicial District",,REP,Maura Phelan,107,37,70
Travis,302,"District Attorney, 53rd Judicial District",,REP,Maura Phelan,439,234,205
Travis,303,"District Attorney, 53rd Judicial District",,REP,Maura Phelan,439,178,261
Travis,304,"District Attorney, 53rd Judicial District",,REP,Maura Phelan,603,218,385
Travis,305,"District Attorney, 53rd Judicial District",,REP,Maura Phelan,3,3,0
Travis,306,"District Attorney, 53rd Judicial District",,REP,Maura Phelan,562,320,242
Travis,307,"District Attorney, 53rd Judicial District",,REP,Maura Phelan,140,54,86
Travis,308,"District Attorney, 53rd Judicial District",,REP,Maura Phelan,1031,421,610
Travis,309,"District Attorney, 53rd Judicial District",,REP,Maura Phelan,235,122,113
Travis,310,"District Attorney, 53rd Judicial District",,REP,Maura Phelan,494,210,284
Travis,311,"District Attorney, 53rd Judicial District",,REP,Maura Phelan,196,87,109
Travis,312,"District Attorney, 53rd Judicial District",,REP,Maura Phelan,303,149,154
Travis,313,"District Attorney, 53rd Judicial District",,REP,Maura Phelan,7,3,4
Travis,314,"District Attorney, 53rd Judicial District",,REP,Maura Phelan,758,370,388
Travis,315,"District Attorney, 53rd Judicial District",,REP,Maura Phelan,520,234,286
Travis,316,"District Attorney, 53rd Judicial District",,REP,Maura Phelan,460,185,275
Travis,317,"District Attorney, 53rd Judicial District",,REP,Maura Phelan,352,131,221
Travis,318,"District Attorney, 53rd Judicial District",,REP,Maura Phelan,100,26,74
Travis,319,"District Attorney, 53rd Judicial District",,REP,Maura Phelan,406,204,202
Travis,320,"District Attorney, 53rd Judicial District",,REP,Maura Phelan,404,226,178
Travis,321,"District Attorney, 53rd Judicial District",,REP,Maura Phelan,90,46,44
Travis,323,"District Attorney, 53rd Judicial District",,REP,Maura Phelan,102,41,61
Travis,324,"District Attorney, 53rd Judicial District",,REP,Maura Phelan,883,425,458
Travis,325,"District Attorney, 53rd Judicial District",,REP,Maura Phelan,3,3,0
Travis,326,"District Attorney, 53rd Judicial District",,REP,Maura Phelan,304,120,184
Travis,327,"District Attorney, 53rd Judicial District",,REP,Maura Phelan,385,155,230
Travis,328,"District Attorney, 53rd Judicial District",,REP,Maura Phelan,320,141,179
Travis,329,"District Attorney, 53rd Judicial District",,REP,Maura Phelan,250,108,142
Travis,330,"District Attorney, 53rd Judicial District",,REP,Maura Phelan,471,202,269
Travis,331,"District Attorney, 53rd Judicial District",,REP,Maura Phelan,334,138,196
Travis,332,"District Attorney, 53rd Judicial District",,REP,Maura Phelan,109,42,67
Travis,333,"District Attorney, 53rd Judicial District",,REP,Maura Phelan,415,96,319
Travis,334,"District Attorney, 53rd Judicial District",,REP,Maura Phelan,480,168,312
Travis,335,"District Attorney, 53rd Judicial District",,REP,Maura Phelan,277,115,162
Travis,336,"District Attorney, 53rd Judicial District",,REP,Maura Phelan,288,104,184
Travis,337,"District Attorney, 53rd Judicial District",,REP,Maura Phelan,477,127,350
Travis,338,"District Attorney, 53rd Judicial District",,REP,Maura Phelan,597,217,380
Travis,339,"District Attorney, 53rd Judicial District",,REP,Maura Phelan,157,86,71
Travis,340,"District Attorney, 53rd Judicial District",,REP,Maura Phelan,133,45,88
Travis,341,"District Attorney, 53rd Judicial District",,REP,Maura Phelan,9,3,6
Travis,342,"District Attorney, 53rd Judicial District",,REP,Maura Phelan,260,113,147
Travis,343,"District Attorney, 53rd Judicial District",,REP,Maura Phelan,177,50,127
Travis,344,"District Attorney, 53rd Judicial District",,REP,Maura Phelan,127,49,78
Travis,345,"District Attorney, 53rd Judicial District",,REP,Maura Phelan,0,0,0
Travis,346,"District Attorney, 53rd Judicial District",,REP,Maura Phelan,836,488,348
Travis,347,"District Attorney, 53rd Judicial District",,REP,Maura Phelan,335,164,171
Travis,349,"District Attorney, 53rd Judicial District",,REP,Maura Phelan,435,189,246
Travis,350,"District Attorney, 53rd Judicial District",,REP,Maura Phelan,287,121,166
Travis,351,"District Attorney, 53rd Judicial District",,REP,Maura Phelan,119,63,56
Travis,352,"District Attorney, 53rd Judicial District",,REP,Maura Phelan,183,96,87
Travis,354,"District Attorney, 53rd Judicial District",,REP,Maura Phelan,474,239,235
Travis,356,"District Attorney, 53rd Judicial District",,REP,Maura Phelan,102,40,62
Travis,357,"District Attorney, 53rd Judicial District",,REP,Maura Phelan,94,34,60
Travis,358,"District Attorney, 53rd Judicial District",,REP,Maura Phelan,282,116,166
Travis,359,"District Attorney, 53rd Judicial District",,REP,Maura Phelan,676,308,368
Travis,360,"District Attorney, 53rd Judicial District",,REP,Maura Phelan,425,185,240
Travis,361,"District Attorney, 53rd Judicial District",,REP,Maura Phelan,176,79,97
Travis,362,"District Attorney, 53rd Judicial District",,REP,Maura Phelan,290,129,161
Travis,363,"District Attorney, 53rd Judicial District",,REP,Maura Phelan,212,103,109
Travis,364,"District Attorney, 53rd Judicial District",,REP,Maura Phelan,397,192,205
Travis,365,"District Attorney, 53rd Judicial District",,REP,Maura Phelan,227,96,131
Travis,366,"District Attorney, 53rd Judicial District",,REP,Maura Phelan,542,226,316
Travis,367,"District Attorney, 53rd Judicial District",,REP,Maura Phelan,740,315,425
Travis,368,"District Attorney, 53rd Judicial District",,REP,Maura Phelan,57,37,20
Travis,369,"District Attorney, 53rd Judicial District",,REP,Maura Phelan,468,119,349
Travis,370,"District Attorney, 53rd Judicial District",,REP,Maura Phelan,226,16,210
Travis,371,"District Attorney, 53rd Judicial District",,REP,Maura Phelan,422,110,312
Travis,372,"District Attorney, 53rd Judicial District",,REP,Maura Phelan,241,38,203
Travis,373,"District Attorney, 53rd Judicial District",,REP,Maura Phelan,934,331,603
Travis,374,"District Attorney, 53rd Judicial District",,REP,Maura Phelan,835,250,585
Travis,375,"District Attorney, 53rd Judicial District",,REP,Maura Phelan,126,36,90
Travis,401,"District Attorney, 53rd Judicial District",,REP,Maura Phelan,149,56,93
Travis,402,"District Attorney, 53rd Judicial District",,REP,Maura Phelan,146,38,108
Travis,403,"District Attorney, 53rd Judicial District",,REP,Maura Phelan,120,29,91
Travis,404,"District Attorney, 53rd Judicial District",,REP,Maura Phelan,120,32,88
Travis,405,"District Attorney, 53rd Judicial District",,REP,Maura Phelan,28,8,20
Travis,406,"District Attorney, 53rd Judicial District",,REP,Maura Phelan,503,282,221
Travis,407,"District Attorney, 53rd Judicial District",,REP,Maura Phelan,64,30,34
Travis,408,"District Attorney, 53rd Judicial District",,REP,Maura Phelan,242,104,138
Travis,409,"District Attorney, 53rd Judicial District",,REP,Maura Phelan,46,15,31
Travis,410,"District Attorney, 53rd Judicial District",,REP,Maura Phelan,134,51,83
Travis,411,"District Attorney, 53rd Judicial District",,REP,Maura Phelan,105,41,64
Travis,412,"District Attorney, 53rd Judicial District",,REP,Maura Phelan,2,1,1
Travis,413,"District Attorney, 53rd Judicial District",,REP,Maura Phelan,40,15,25
Travis,414,"District Attorney, 53rd Judicial District",,REP,Maura Phelan,219,67,152
Travis,415,"District Attorney, 53rd Judicial District",,REP,Maura Phelan,84,20,64
Travis,416,"District Attorney, 53rd Judicial District",,REP,Maura Phelan,8,2,6
Travis,417,"District Attorney, 53rd Judicial District",,REP,Maura Phelan,103,47,56
Travis,418,"District Attorney, 53rd Judicial District",,REP,Maura Phelan,1,0,1
Travis,419,"District Attorney, 53rd Judicial District",,REP,Maura Phelan,40,12,28
Travis,420,"District Attorney, 53rd Judicial District",,REP,Maura Phelan,73,37,36
Travis,421,"District Attorney, 53rd Judicial District",,REP,Maura Phelan,95,31,64
Travis,422,"District Attorney, 53rd Judicial District",,REP,Maura Phelan,55,21,34
Travis,423,"District Attorney, 53rd Judicial District",,REP,Maura Phelan,64,21,43
Travis,424,"District Attorney, 53rd Judicial District",,REP,Maura Phelan,65,24,41
Travis,425,"District Attorney, 53rd Judicial District",,REP,Maura Phelan,38,15,23
Travis,426,"District Attorney, 53rd Judicial District",,REP,Maura Phelan,49,17,32
Travis,427,"District Attorney, 53rd Judicial District",,REP,Maura Phelan,36,12,24
Travis,428,"District Attorney, 53rd Judicial District",,REP,Maura Phelan,101,43,58
Travis,429,"District Attorney, 53rd Judicial District",,REP,Maura Phelan,159,59,100
Travis,430,"District Attorney, 53rd Judicial District",,REP,Maura Phelan,34,12,22
Travis,431,"District Attorney, 53rd Judicial District",,REP,Maura Phelan,121,54,67
Travis,432,"District Attorney, 53rd Judicial District",,REP,Maura Phelan,0,0,0
Travis,433,"District Attorney, 53rd Judicial District",,REP,Maura Phelan,69,30,39
Travis,434,"District Attorney, 53rd Judicial District",,REP,Maura Phelan,0,0,0
Travis,435,"District Attorney, 53rd Judicial District",,REP,Maura Phelan,398,172,226
Travis,436,"District Attorney, 53rd Judicial District",,REP,Maura Phelan,0,0,0
Travis,437,"District Attorney, 53rd Judicial District",,REP,Maura Phelan,53,15,38
Travis,438,"District Attorney, 53rd Judicial District",,REP,Maura Phelan,34,9,25
Travis,439,"District Attorney, 53rd Judicial District",,REP,Maura Phelan,42,7,35
Travis,440,"District Attorney, 53rd Judicial District",,REP,Maura Phelan,39,9,30
Travis,441,"District Attorney, 53rd Judicial District",,REP,Maura Phelan,141,53,88
Travis,442,"District Attorney, 53rd Judicial District",,REP,Maura Phelan,38,10,28
Travis,443,"District Attorney, 53rd Judicial District",,REP,Maura Phelan,100,42,58
Travis,444,"District Attorney, 53rd Judicial District",,REP,Maura Phelan,0,0,0
Travis,446,"District Attorney, 53rd Judicial District",,REP,Maura Phelan,46,10,36
Travis,447,"District Attorney, 53rd Judicial District",,REP,Maura Phelan,149,56,93
Travis,448,"District Attorney, 53rd Judicial District",,REP,Maura Phelan,102,43,59
Travis,450,"District Attorney, 53rd Judicial District",,REP,Maura Phelan,117,40,77
Travis,451,"District Attorney, 53rd Judicial District",,REP,Maura Phelan,123,42,81
Travis,452,"District Attorney, 53rd Judicial District",,REP,Maura Phelan,54,22,32
Travis,454,"District Attorney, 53rd Judicial District",,REP,Maura Phelan,145,83,62
Travis,458,"District Attorney, 53rd Judicial District",,REP,Maura Phelan,239,105,134
Travis,460,"District Attorney, 53rd Judicial District",,REP,Maura Phelan,142,78,64
Travis,461,"District Attorney, 53rd Judicial District",,REP,Maura Phelan,120,48,72
Travis,463,"District Attorney, 53rd Judicial District",,REP,Maura Phelan,146,50,96
Travis,101,"District Judge, 450th Judicial District",,REP,Don Clemmer,189,59,130
Travis,102,"District Judge, 450th Judicial District",,REP,Don Clemmer,44,14,30
Travis,103,"District Judge, 450th Judicial District",,REP,Don Clemmer,120,47,73
Travis,104,"District Judge, 450th Judicial District",,REP,Don Clemmer,82,31,51
Travis,105,"District Judge, 450th Judicial District",,REP,Don Clemmer,398,156,242
Travis,106,"District Judge, 450th Judicial District",,REP,Don Clemmer,376,126,250
Travis,107,"District Judge, 450th Judicial District",,REP,Don Clemmer,65,6,59
Travis,108,"District Judge, 450th Judicial District",,REP,Don Clemmer,84,16,68
Travis,109,"District Judge, 450th Judicial District",,REP,Don Clemmer,148,47,101
Travis,110,"District Judge, 450th Judicial District",,REP,Don Clemmer,455,179,276
Travis,111,"District Judge, 450th Judicial District",,REP,Don Clemmer,249,91,158
Travis,112,"District Judge, 450th Judicial District",,REP,Don Clemmer,49,10,39
Travis,113,"District Judge, 450th Judicial District",,REP,Don Clemmer,327,122,205
Travis,114,"District Judge, 450th Judicial District",,REP,Don Clemmer,15,5,10
Travis,115,"District Judge, 450th Judicial District",,REP,Don Clemmer,0,0,0
Travis,116,"District Judge, 450th Judicial District",,REP,Don Clemmer,0,0,0
Travis,117,"District Judge, 450th Judicial District",,REP,Don Clemmer,43,20,23
Travis,118,"District Judge, 450th Judicial District",,REP,Don Clemmer,16,8,8
Travis,119,"District Judge, 450th Judicial District",,REP,Don Clemmer,0,0,0
Travis,120,"District Judge, 450th Judicial District",,REP,Don Clemmer,14,5,9
Travis,121,"District Judge, 450th Judicial District",,REP,Don Clemmer,14,3,11
Travis,122,"District Judge, 450th Judicial District",,REP,Don Clemmer,30,13,17
Travis,123,"District Judge, 450th Judicial District",,REP,Don Clemmer,454,122,332
Travis,124,"District Judge, 450th Judicial District",,REP,Don Clemmer,59,22,37
Travis,125,"District Judge, 450th Judicial District",,REP,Don Clemmer,0,0,0
Travis,126,"District Judge, 450th Judicial District",,REP,Don Clemmer,59,19,40
Travis,127,"District Judge, 450th Judicial District",,REP,Don Clemmer,0,0,0
Travis,128,"District Judge, 450th Judicial District",,REP,Don Clemmer,0,0,0
Travis,129,"District Judge, 450th Judicial District",,REP,Don Clemmer,23,10,13
Travis,130,"District Judge, 450th Judicial District",,REP,Don Clemmer,57,10,47
Travis,131,"District Judge, 450th Judicial District",,REP,Don Clemmer,0,0,0
Travis,132,"District Judge, 450th Judicial District",,REP,Don Clemmer,64,21,43
Travis,133,"District Judge, 450th Judicial District",,REP,Don Clemmer,75,19,56
Travis,134,"District Judge, 450th Judicial District",,REP,Don Clemmer,0,0,0
Travis,135,"District Judge, 450th Judicial District",,REP,Don Clemmer,191,68,123
Travis,136,"District Judge, 450th Judicial District",,REP,Don Clemmer,371,131,240
Travis,137,"District Judge, 450th Judicial District",,REP,Don Clemmer,929,299,630
Travis,138,"District Judge, 450th Judicial District",,REP,Don Clemmer,0,0,0
Travis,139,"District Judge, 450th Judicial District",,REP,Don Clemmer,137,51,86
Travis,140,"District Judge, 450th Judicial District",,REP,Don Clemmer,80,34,46
Travis,141,"District Judge, 450th Judicial District",,REP,Don Clemmer,19,4,15
Travis,142,"District Judge, 450th Judicial District",,REP,Don Clemmer,12,7,5
Travis,145,"District Judge, 450th Judicial District",,REP,Don Clemmer,197,63,134
Travis,146,"District Judge, 450th Judicial District",,REP,Don Clemmer,298,113,185
Travis,148,"District Judge, 450th Judicial District",,REP,Don Clemmer,244,99,145
Travis,149,"District Judge, 450th Judicial District",,REP,Don Clemmer,30,7,23
Travis,150,"District Judge, 450th Judicial District",,REP,Don Clemmer,312,121,191
Travis,151,"District Judge, 450th Judicial District",,REP,Don Clemmer,76,21,55
Travis,152,"District Judge, 450th Judicial District",,REP,Don Clemmer,55,18,37
Travis,153,"District Judge, 450th Judicial District",,REP,Don Clemmer,240,72,168
Travis,154,"District Judge, 450th Judicial District",,REP,Don Clemmer,170,47,123
Travis,156,"District Judge, 450th Judicial District",,REP,Don Clemmer,182,63,119
Travis,160,"District Judge, 450th Judicial District",,REP,Don Clemmer,149,71,78
Travis,161,"District Judge, 450th Judicial District",,REP,Don Clemmer,125,38,87
Travis,163,"District Judge, 450th Judicial District",,REP,Don Clemmer,44,15,29
Travis,164,"District Judge, 450th Judicial District",,REP,Don Clemmer,60,20,40
Travis,200,"District Judge, 450th Judicial District",,REP,Don Clemmer,107,32,75
Travis,202,"District Judge, 450th Judicial District",,REP,Don Clemmer,97,30,67
Travis,203,"District Judge, 450th Judicial District",,REP,Don Clemmer,49,12,37
Travis,205,"District Judge, 450th Judicial District",,REP,Don Clemmer,136,32,104
Travis,206,"District Judge, 450th Judicial District",,REP,Don Clemmer,53,19,34
Travis,207,"District Judge, 450th Judicial District",,REP,Don Clemmer,371,129,242
Travis,208,"District Judge, 450th Judicial District",,REP,Don Clemmer,278,124,154
Travis,209,"District Judge, 450th Judicial District",,REP,Don Clemmer,41,12,29
Travis,210,"District Judge, 450th Judicial District",,REP,Don Clemmer,150,73,77
Travis,211,"District Judge, 450th Judicial District",,REP,Don Clemmer,111,31,80
Travis,212,"District Judge, 450th Judicial District",,REP,Don Clemmer,577,255,322
Travis,213,"District Judge, 450th Judicial District",,REP,Don Clemmer,0,0,0
Travis,214,"District Judge, 450th Judicial District",,REP,Don Clemmer,317,101,216
Travis,215,"District Judge, 450th Judicial District",,REP,Don Clemmer,146,45,101
Travis,216,"District Judge, 450th Judicial District",,REP,Don Clemmer,89,33,56
Travis,217,"District Judge, 450th Judicial District",,REP,Don Clemmer,126,41,85
Travis,218,"District Judge, 450th Judicial District",,REP,Don Clemmer,251,104,147
Travis,219,"District Judge, 450th Judicial District",,REP,Don Clemmer,240,86,154
Travis,220,"District Judge, 450th Judicial District",,REP,Don Clemmer,205,78,127
Travis,221,"District Judge, 450th Judicial District",,REP,Don Clemmer,128,45,83
Travis,222,"District Judge, 450th Judicial District",,REP,Don Clemmer,177,61,116
Travis,223,"District Judge, 450th Judicial District",,REP,Don Clemmer,33,18,15
Travis,224,"District Judge, 450th Judicial District",,REP,Don Clemmer,7,0,7
Travis,225,"District Judge, 450th Judicial District",,REP,Don Clemmer,252,86,166
Travis,226,"District Judge, 450th Judicial District",,REP,Don Clemmer,111,38,73
Travis,227,"District Judge, 450th Judicial District",,REP,Don Clemmer,33,11,22
Travis,228,"District Judge, 450th Judicial District",,REP,Don Clemmer,181,81,100
Travis,229,"District Judge, 450th Judicial District",,REP,Don Clemmer,155,42,113
Travis,231,"District Judge, 450th Judicial District",,REP,Don Clemmer,341,126,215
Travis,232,"District Judge, 450th Judicial District",,REP,Don Clemmer,938,458,480
Travis,233,"District Judge, 450th Judicial District",,REP,Don Clemmer,471,180,291
Travis,234,"District Judge, 450th Judicial District",,REP,Don Clemmer,360,142,218
Travis,235,"District Judge, 450th Judicial District",,REP,Don Clemmer,83,29,54
Travis,236,"District Judge, 450th Judicial District",,REP,Don Clemmer,142,45,97
Travis,237,"District Judge, 450th Judicial District",,REP,Don Clemmer,254,88,166
Travis,238,"District Judge, 450th Judicial District",,REP,Don Clemmer,243,76,167
Travis,239,"District Judge, 450th Judicial District",,REP,Don Clemmer,183,66,117
Travis,240,"District Judge, 450th Judicial District",,REP,Don Clemmer,95,31,64
Travis,241,"District Judge, 450th Judicial District",,REP,Don Clemmer,89,29,60
Travis,242,"District Judge, 450th Judicial District",,REP,Don Clemmer,210,84,126
Travis,243,"District Judge, 450th Judicial District",,REP,Don Clemmer,131,64,67
Travis,244,"District Judge, 450th Judicial District",,REP,Don Clemmer,474,231,243
Travis,245,"District Judge, 450th Judicial District",,REP,Don Clemmer,176,51,125
Travis,246,"District Judge, 450th Judicial District",,REP,Don Clemmer,205,69,136
Travis,247,"District Judge, 450th Judicial District",,REP,Don Clemmer,134,40,94
Travis,248,"District Judge, 450th Judicial District",,REP,Don Clemmer,142,52,90
Travis,249,"District Judge, 450th Judicial District",,REP,Don Clemmer,263,95,168
Travis,250,"District Judge, 450th Judicial District",,REP,Don Clemmer,236,80,156
Travis,251,"District Judge, 450th Judicial District",,REP,Don Clemmer,239,82,157
Travis,252,"District Judge, 450th Judicial District",,REP,Don Clemmer,156,64,92
Travis,253,"District Judge, 450th Judicial District",,REP,Don Clemmer,401,181,220
Travis,254,"District Judge, 450th Judicial District",,REP,Don Clemmer,269,101,168
Travis,256,"District Judge, 450th Judicial District",,REP,Don Clemmer,271,128,143
Travis,258,"District Judge, 450th Judicial District",,REP,Don Clemmer,240,81,159
Travis,259,"District Judge, 450th Judicial District",,REP,Don Clemmer,271,117,154
Travis,260,"District Judge, 450th Judicial District",,REP,Don Clemmer,51,16,35
Travis,262,"District Judge, 450th Judicial District",,REP,Don Clemmer,393,190,203
Travis,263,"District Judge, 450th Judicial District",,REP,Don Clemmer,216,49,167
Travis,266,"District Judge, 450th Judicial District",,REP,Don Clemmer,75,36,39
Travis,267,"District Judge, 450th Judicial District",,REP,Don Clemmer,137,60,77
Travis,268,"District Judge, 450th Judicial District",,REP,Don Clemmer,62,13,49
Travis,273,"District Judge, 450th Judicial District",,REP,Don Clemmer,172,72,100
Travis,274,"District Judge, 450th Judicial District",,REP,Don Clemmer,75,36,39
Travis,275,"District Judge, 450th Judicial District",,REP,Don Clemmer,79,23,56
Travis,277,"District Judge, 450th Judicial District",,REP,Don Clemmer,328,131,197
Travis,301,"District Judge, 450th Judicial District",,REP,Don Clemmer,104,36,68
Travis,302,"District Judge, 450th Judicial District",,REP,Don Clemmer,437,233,204
Travis,303,"District Judge, 450th Judicial District",,REP,Don Clemmer,436,181,255
Travis,304,"District Judge, 450th Judicial District",,REP,Don Clemmer,590,214,376
Travis,305,"District Judge, 450th Judicial District",,REP,Don Clemmer,3,3,0
Travis,306,"District Judge, 450th Judicial District",,REP,Don Clemmer,551,314,237
Travis,307,"District Judge, 450th Judicial District",,REP,Don Clemmer,139,53,86
Travis,308,"District Judge, 450th Judicial District",,REP,Don Clemmer,1030,418,612
Travis,309,"District Judge, 450th Judicial District",,REP,Don Clemmer,237,123,114
Travis,310,"District Judge, 450th Judicial District",,REP,Don Clemmer,496,212,284
Travis,311,"District Judge, 450th Judicial District",,REP,Don Clemmer,196,89,107
Travis,312,"District Judge, 450th Judicial District",,REP,Don Clemmer,295,143,152
Travis,313,"District Judge, 450th Judicial District",,REP,Don Clemmer,7,3,4
Travis,314,"District Judge, 450th Judicial District",,REP,Don Clemmer,748,369,379
Travis,315,"District Judge, 450th Judicial District",,REP,Don Clemmer,511,226,285
Travis,316,"District Judge, 450th Judicial District",,REP,Don Clemmer,462,188,274
Travis,317,"District Judge, 450th Judicial District",,REP,Don Clemmer,349,128,221
Travis,318,"District Judge, 450th Judicial District",,REP,Don Clemmer,97,25,72
Travis,319,"District Judge, 450th Judicial District",,REP,Don Clemmer,406,205,201
Travis,320,"District Judge, 450th Judicial District",,REP,Don Clemmer,404,225,179
Travis,321,"District Judge, 450th Judicial District",,REP,Don Clemmer,89,45,44
Travis,323,"District Judge, 450th Judicial District",,REP,Don Clemmer,103,42,61
Travis,324,"District Judge, 450th Judicial District",,REP,Don Clemmer,882,425,457
Travis,325,"District Judge, 450th Judicial District",,REP,Don Clemmer,4,4,0
Travis,326,"District Judge, 450th Judicial District",,REP,Don Clemmer,300,120,180
Travis,327,"District Judge, 450th Judicial District",,REP,Don Clemmer,376,152,224
Travis,328,"District Judge, 450th Judicial District",,REP,Don Clemmer,321,140,181
Travis,329,"District Judge, 450th Judicial District",,REP,Don Clemmer,249,110,139
Travis,330,"District Judge, 450th Judicial District",,REP,Don Clemmer,465,201,264
Travis,331,"District Judge, 450th Judicial District",,REP,Don Clemmer,337,139,198
Travis,332,"District Judge, 450th Judicial District",,REP,Don Clemmer,106,38,68
Travis,333,"District Judge, 450th Judicial District",,REP,Don Clemmer,413,99,314
Travis,334,"District Judge, 450th Judicial District",,REP,Don Clemmer,480,166,314
Travis,335,"District Judge, 450th Judicial District",,REP,Don Clemmer,274,113,161
Travis,336,"District Judge, 450th Judicial District",,REP,Don Clemmer,286,102,184
Travis,337,"District Judge, 450th Judicial District",,REP,Don Clemmer,478,127,351
Travis,338,"District Judge, 450th Judicial District",,REP,Don Clemmer,588,214,374
Travis,339,"District Judge, 450th Judicial District",,REP,Don Clemmer,155,86,69
Travis,340,"District Judge, 450th Judicial District",,REP,Don Clemmer,132,45,87
Travis,341,"District Judge, 450th Judicial District",,REP,Don Clemmer,8,3,5
Travis,342,"District Judge, 450th Judicial District",,REP,Don Clemmer,253,110,143
Travis,343,"District Judge, 450th Judicial District",,REP,Don Clemmer,176,51,125
Travis,344,"District Judge, 450th Judicial District",,REP,Don Clemmer,125,47,78
Travis,345,"District Judge, 450th Judicial District",,REP,Don Clemmer,0,0,0
Travis,346,"District Judge, 450th Judicial District",,REP,Don Clemmer,833,486,347
Travis,347,"District Judge, 450th Judicial District",,REP,Don Clemmer,338,168,170
Travis,349,"District Judge, 450th Judicial District",,REP,Don Clemmer,439,188,251
Travis,350,"District Judge, 450th Judicial District",,REP,Don Clemmer,284,119,165
Travis,351,"District Judge, 450th Judicial District",,REP,Don Clemmer,123,63,60
Travis,352,"District Judge, 450th Judicial District",,REP,Don Clemmer,183,98,85
Travis,354,"District Judge, 450th Judicial District",,REP,Don Clemmer,477,239,238
Travis,356,"District Judge, 450th Judicial District",,REP,Don Clemmer,103,41,62
Travis,357,"District Judge, 450th Judicial District",,REP,Don Clemmer,93,33,60
Travis,358,"District Judge, 450th Judicial District",,REP,Don Clemmer,276,110,166
Travis,359,"District Judge, 450th Judicial District",,REP,Don Clemmer,679,313,366
Travis,360,"District Judge, 450th Judicial District",,REP,Don Clemmer,418,183,235
Travis,361,"District Judge, 450th Judicial District",,REP,Don Clemmer,176,81,95
Travis,362,"District Judge, 450th Judicial District",,REP,Don Clemmer,292,131,161
Travis,363,"District Judge, 450th Judicial District",,REP,Don Clemmer,207,100,107
Travis,364,"District Judge, 450th Judicial District",,REP,Don Clemmer,392,192,200
Travis,365,"District Judge, 450th Judicial District",,REP,Don Clemmer,230,98,132
Travis,366,"District Judge, 450th Judicial District",,REP,Don Clemmer,536,225,311
Travis,367,"District Judge, 450th Judicial District",,REP,Don Clemmer,740,316,424
Travis,368,"District Judge, 450th Judicial District",,REP,Don Clemmer,57,37,20
Travis,369,"District Judge, 450th Judicial District",,REP,Don Clemmer,463,116,347
Travis,370,"District Judge, 450th Judicial District",,REP,Don Clemmer,222,15,207
Travis,371,"District Judge, 450th Judicial District",,REP,Don Clemmer,424,111,313
Travis,372,"District Judge, 450th Judicial District",,REP,Don Clemmer,243,37,206
Travis,373,"District Judge, 450th Judicial District",,REP,Don Clemmer,935,326,609
Travis,374,"District Judge, 450th Judicial District",,REP,Don Clemmer,836,251,585
Travis,375,"District Judge, 450th Judicial District",,REP,Don Clemmer,124,34,90
Travis,401,"District Judge, 450th Judicial District",,REP,Don Clemmer,152,57,95
Travis,402,"District Judge, 450th Judicial District",,REP,Don Clemmer,146,40,106
Travis,403,"District Judge, 450th Judicial District",,REP,Don Clemmer,119,28,91
Travis,404,"District Judge, 450th Judicial District",,REP,Don Clemmer,118,32,86
Travis,405,"District Judge, 450th Judicial District",,REP,Don Clemmer,28,8,20
Travis,406,"District Judge, 450th Judicial District",,REP,Don Clemmer,505,280,225
Travis,407,"District Judge, 450th Judicial District",,REP,Don Clemmer,64,30,34
Travis,408,"District Judge, 450th Judicial District",,REP,Don Clemmer,239,102,137
Travis,409,"District Judge, 450th Judicial District",,REP,Don Clemmer,46,16,30
Travis,410,"District Judge, 450th Judicial District",,REP,Don Clemmer,132,51,81
Travis,411,"District Judge, 450th Judicial District",,REP,Don Clemmer,103,40,63
Travis,412,"District Judge, 450th Judicial District",,REP,Don Clemmer,2,1,1
Travis,413,"District Judge, 450th Judicial District",,REP,Don Clemmer,40,15,25
Travis,414,"District Judge, 450th Judicial District",,REP,Don Clemmer,211,62,149
Travis,415,"District Judge, 450th Judicial District",,REP,Don Clemmer,81,20,61
Travis,416,"District Judge, 450th Judicial District",,REP,Don Clemmer,8,2,6
Travis,417,"District Judge, 450th Judicial District",,REP,Don Clemmer,102,46,56
Travis,418,"District Judge, 450th Judicial District",,REP,Don Clemmer,1,0,1
Travis,419,"District Judge, 450th Judicial District",,REP,Don Clemmer,39,12,27
Travis,420,"District Judge, 450th Judicial District",,REP,Don Clemmer,73,37,36
Travis,421,"District Judge, 450th Judicial District",,REP,Don Clemmer,94,30,64
Travis,422,"District Judge, 450th Judicial District",,REP,Don Clemmer,53,21,32
Travis,423,"District Judge, 450th Judicial District",,REP,Don Clemmer,65,22,43
Travis,424,"District Judge, 450th Judicial District",,REP,Don Clemmer,63,23,40
Travis,425,"District Judge, 450th Judicial District",,REP,Don Clemmer,36,13,23
Travis,426,"District Judge, 450th Judicial District",,REP,Don Clemmer,48,17,31
Travis,427,"District Judge, 450th Judicial District",,REP,Don Clemmer,35,12,23
Travis,428,"District Judge, 450th Judicial District",,REP,Don Clemmer,103,44,59
Travis,429,"District Judge, 450th Judicial District",,REP,Don Clemmer,159,59,100
Travis,430,"District Judge, 450th Judicial District",,REP,Don Clemmer,34,12,22
Travis,431,"District Judge, 450th Judicial District",,REP,Don Clemmer,122,54,68
Travis,432,"District Judge, 450th Judicial District",,REP,Don Clemmer,0,0,0
Travis,433,"District Judge, 450th Judicial District",,REP,Don Clemmer,73,31,42
Travis,434,"District Judge, 450th Judicial District",,REP,Don Clemmer,0,0,0
Travis,435,"District Judge, 450th Judicial District",,REP,Don Clemmer,398,171,227
Travis,436,"District Judge, 450th Judicial District",,REP,Don Clemmer,0,0,0
Travis,437,"District Judge, 450th Judicial District",,REP,Don Clemmer,52,15,37
Travis,438,"District Judge, 450th Judicial District",,REP,Don Clemmer,33,8,25
Travis,439,"District Judge, 450th Judicial District",,REP,Don Clemmer,44,7,37
Travis,440,"District Judge, 450th Judicial District",,REP,Don Clemmer,40,10,30
Travis,441,"District Judge, 450th Judicial District",,REP,Don Clemmer,140,55,85
Travis,442,"District Judge, 450th Judicial District",,REP,Don Clemmer,37,9,28
Travis,443,"District Judge, 450th Judicial District",,REP,Don Clemmer,102,42,60
Travis,444,"District Judge, 450th Judicial District",,REP,Don Clemmer,0,0,0
Travis,446,"District Judge, 450th Judicial District",,REP,Don Clemmer,46,11,35
Travis,447,"District Judge, 450th Judicial District",,REP,Don Clemmer,156,60,96
Travis,448,"District Judge, 450th Judicial District",,REP,Don Clemmer,103,43,60
Travis,450,"District Judge, 450th Judicial District",,REP,Don Clemmer,121,44,77
Travis,451,"District Judge, 450th Judicial District",,REP,Don Clemmer,126,44,82
Travis,452,"District Judge, 450th Judicial District",,REP,Don Clemmer,53,21,32
Travis,454,"District Judge, 450th Judicial District",,REP,Don Clemmer,145,84,61
Travis,458,"District Judge, 450th Judicial District",,REP,Don Clemmer,233,104,129
Travis,460,"District Judge, 450th Judicial District",,REP,Don Clemmer,139,77,62
Travis,461,"District Judge, 450th Judicial District",,REP,Don Clemmer,118,49,69
Travis,463,"District Judge, 450th Judicial District",,REP,Don Clemmer,146,49,97
Travis,101,"Place 2, Judge, Court Of Criminal Appeals",,REP,Chris Oldner,52,19,33
Travis,102,"Place 2, Judge, Court Of Criminal Appeals",,REP,Chris Oldner,20,4,16
Travis,103,"Place 2, Judge, Court Of Criminal Appeals",,REP,Chris Oldner,32,17,15
Travis,104,"Place 2, Judge, Court Of Criminal Appeals",,REP,Chris Oldner,21,8,13
Travis,105,"Place 2, Judge, Court Of Criminal Appeals",,REP,Chris Oldner,112,42,70
Travis,106,"Place 2, Judge, Court Of Criminal Appeals",,REP,Chris Oldner,116,37,79
Travis,107,"Place 2, Judge, Court Of Criminal Appeals",,REP,Chris Oldner,23,0,23
Travis,108,"Place 2, Judge, Court Of Criminal Appeals",,REP,Chris Oldner,20,4,16
Travis,109,"Place 2, Judge, Court Of Criminal Appeals",,REP,Chris Oldner,37,10,27
Travis,110,"Place 2, Judge, Court Of Criminal Appeals",,REP,Chris Oldner,137,47,90
Travis,111,"Place 2, Judge, Court Of Criminal Appeals",,REP,Chris Oldner,44,16,28
Travis,112,"Place 2, Judge, Court Of Criminal Appeals",,REP,Chris Oldner,11,1,10
Travis,113,"Place 2, Judge, Court Of Criminal Appeals",,REP,Chris Oldner,75,21,54
Travis,114,"Place 2, Judge, Court Of Criminal Appeals",,REP,Chris Oldner,6,3,3
Travis,115,"Place 2, Judge, Court Of Criminal Appeals",,REP,Chris Oldner,0,0,0
Travis,116,"Place 2, Judge, Court Of Criminal Appeals",,REP,Chris Oldner,0,0,0
Travis,117,"Place 2, Judge, Court Of Criminal Appeals",,REP,Chris Oldner,14,7,7
Travis,118,"Place 2, Judge, Court Of Criminal Appeals",,REP,Chris Oldner,6,2,4
Travis,119,"Place 2, Judge, Court Of Criminal Appeals",,REP,Chris Oldner,0,0,0
Travis,120,"Place 2, Judge, Court Of Criminal Appeals",,REP,Chris Oldner,4,1,3
Travis,121,"Place 2, Judge, Court Of Criminal Appeals",,REP,Chris Oldner,4,1,3
Travis,122,"Place 2, Judge, Court Of Criminal Appeals",,REP,Chris Oldner,5,0,5
Travis,123,"Place 2, Judge, Court Of Criminal Appeals",,REP,Chris Oldner,128,46,82
Travis,124,"Place 2, Judge, Court Of Criminal Appeals",,REP,Chris Oldner,21,9,12
Travis,125,"Place 2, Judge, Court Of Criminal Appeals",,REP,Chris Oldner,0,0,0
Travis,126,"Place 2, Judge, Court Of Criminal Appeals",,REP,Chris Oldner,15,4,11
Travis,127,"Place 2, Judge, Court Of Criminal Appeals",,REP,Chris Oldner,0,0,0
Travis,128,"Place 2, Judge, Court Of Criminal Appeals",,REP,Chris Oldner,0,0,0
Travis,129,"Place 2, Judge, Court Of Criminal Appeals",,REP,Chris Oldner,5,4,1
Travis,130,"Place 2, Judge, Court Of Criminal Appeals",,REP,Chris Oldner,13,2,11
Travis,131,"Place 2, Judge, Court Of Criminal Appeals",,REP,Chris Oldner,0,0,0
Travis,132,"Place 2, Judge, Court Of Criminal Appeals",,REP,Chris Oldner,11,1,10
Travis,133,"Place 2, Judge, Court Of Criminal Appeals",,REP,Chris Oldner,18,5,13
Travis,134,"Place 2, Judge, Court Of Criminal Appeals",,REP,Chris Oldner,0,0,0
Travis,135,"Place 2, Judge, Court Of Criminal Appeals",,REP,Chris Oldner,51,18,33
Travis,136,"Place 2, Judge, Court Of Criminal Appeals",,REP,Chris Oldner,109,44,65
Travis,137,"Place 2, Judge, Court Of Criminal Appeals",,REP,Chris Oldner,261,90,171
Travis,138,"Place 2, Judge, Court Of Criminal Appeals",,REP,Chris Oldner,0,0,0
Travis,139,"Place 2, Judge, Court Of Criminal Appeals",,REP,Chris Oldner,36,12,24
Travis,140,"Place 2, Judge, Court Of Criminal Appeals",,REP,Chris Oldner,25,10,15
Travis,141,"Place 2, Judge, Court Of Criminal Appeals",,REP,Chris Oldner,6,0,6
Travis,142,"Place 2, Judge, Court Of Criminal Appeals",,REP,Chris Oldner,5,3,2
Travis,145,"Place 2, Judge, Court Of Criminal Appeals",,REP,Chris Oldner,38,9,29
Travis,146,"Place 2, Judge, Court Of Criminal Appeals",,REP,Chris Oldner,82,34,48
Travis,148,"Place 2, Judge, Court Of Criminal Appeals",,REP,Chris Oldner,66,27,39
Travis,149,"Place 2, Judge, Court Of Criminal Appeals",,REP,Chris Oldner,8,1,7
Travis,150,"Place 2, Judge, Court Of Criminal Appeals",,REP,Chris Oldner,75,35,40
Travis,151,"Place 2, Judge, Court Of Criminal Appeals",,REP,Chris Oldner,11,4,7
Travis,152,"Place 2, Judge, Court Of Criminal Appeals",,REP,Chris Oldner,16,8,8
Travis,153,"Place 2, Judge, Court Of Criminal Appeals",,REP,Chris Oldner,73,19,54
Travis,154,"Place 2, Judge, Court Of Criminal Appeals",,REP,Chris Oldner,52,10,42
Travis,156,"Place 2, Judge, Court Of Criminal Appeals",,REP,Chris Oldner,49,19,30
Travis,160,"Place 2, Judge, Court Of Criminal Appeals",,REP,Chris Oldner,29,8,21
Travis,161,"Place 2, Judge, Court Of Criminal Appeals",,REP,Chris Oldner,40,9,31
Travis,163,"Place 2, Judge, Court Of Criminal Appeals",,REP,Chris Oldner,12,7,5
Travis,164,"Place 2, Judge, Court Of Criminal Appeals",,REP,Chris Oldner,24,8,16
Travis,200,"Place 2, Judge, Court Of Criminal Appeals",,REP,Chris Oldner,25,6,19
Travis,202,"Place 2, Judge, Court Of Criminal Appeals",,REP,Chris Oldner,25,3,22
Travis,203,"Place 2, Judge, Court Of Criminal Appeals",,REP,Chris Oldner,11,1,10
Travis,205,"Place 2, Judge, Court Of Criminal Appeals",,REP,Chris Oldner,39,7,32
Travis,206,"Place 2, Judge, Court Of Criminal Appeals",,REP,Chris Oldner,10,3,7
Travis,207,"Place 2, Judge, Court Of Criminal Appeals",,REP,Chris Oldner,96,36,60
Travis,208,"Place 2, Judge, Court Of Criminal Appeals",,REP,Chris Oldner,77,36,41
Travis,209,"Place 2, Judge, Court Of Criminal Appeals",,REP,Chris Oldner,12,3,9
Travis,210,"Place 2, Judge, Court Of Criminal Appeals",,REP,Chris Oldner,37,15,22
Travis,211,"Place 2, Judge, Court Of Criminal Appeals",,REP,Chris Oldner,24,6,18
Travis,212,"Place 2, Judge, Court Of Criminal Appeals",,REP,Chris Oldner,120,46,74
Travis,213,"Place 2, Judge, Court Of Criminal Appeals",,REP,Chris Oldner,0,0,0
Travis,214,"Place 2, Judge, Court Of Criminal Appeals",,REP,Chris Oldner,62,18,44
Travis,215,"Place 2, Judge, Court Of Criminal Appeals",,REP,Chris Oldner,31,10,21
Travis,216,"Place 2, Judge, Court Of Criminal Appeals",,REP,Chris Oldner,32,11,21
Travis,217,"Place 2, Judge, Court Of Criminal Appeals",,REP,Chris Oldner,33,10,23
Travis,218,"Place 2, Judge, Court Of Criminal Appeals",,REP,Chris Oldner,77,30,47
Travis,219,"Place 2, Judge, Court Of Criminal Appeals",,REP,Chris Oldner,73,26,47
Travis,220,"Place 2, Judge, Court Of Criminal Appeals",,REP,Chris Oldner,50,23,27
Travis,221,"Place 2, Judge, Court Of Criminal Appeals",,REP,Chris Oldner,29,7,22
Travis,222,"Place 2, Judge, Court Of Criminal Appeals",,REP,Chris Oldner,42,15,27
Travis,223,"Place 2, Judge, Court Of Criminal Appeals",,REP,Chris Oldner,9,3,6
Travis,224,"Place 2, Judge, Court Of Criminal Appeals",,REP,Chris Oldner,3,0,3
Travis,225,"Place 2, Judge, Court Of Criminal Appeals",,REP,Chris Oldner,62,17,45
Travis,226,"Place 2, Judge, Court Of Criminal Appeals",,REP,Chris Oldner,33,13,20
Travis,227,"Place 2, Judge, Court Of Criminal Appeals",,REP,Chris Oldner,8,2,6
Travis,228,"Place 2, Judge, Court Of Criminal Appeals",,REP,Chris Oldner,42,25,17
Travis,229,"Place 2, Judge, Court Of Criminal Appeals",,REP,Chris Oldner,46,11,35
Travis,231,"Place 2, Judge, Court Of Criminal Appeals",,REP,Chris Oldner,69,23,46
Travis,232,"Place 2, Judge, Court Of Criminal Appeals",,REP,Chris Oldner,252,126,126
Travis,233,"Place 2, Judge, Court Of Criminal Appeals",,REP,Chris Oldner,119,56,63
Travis,234,"Place 2, Judge, Court Of Criminal Appeals",,REP,Chris Oldner,93,44,49
Travis,235,"Place 2, Judge, Court Of Criminal Appeals",,REP,Chris Oldner,14,5,9
Travis,236,"Place 2, Judge, Court Of Criminal Appeals",,REP,Chris Oldner,40,12,28
Travis,237,"Place 2, Judge, Court Of Criminal Appeals",,REP,Chris Oldner,64,19,45
Travis,238,"Place 2, Judge, Court Of Criminal Appeals",,REP,Chris Oldner,52,20,32
Travis,239,"Place 2, Judge, Court Of Criminal Appeals",,REP,Chris Oldner,39,14,25
Travis,240,"Place 2, Judge, Court Of Criminal Appeals",,REP,Chris Oldner,19,4,15
Travis,241,"Place 2, Judge, Court Of Criminal Appeals",,REP,Chris Oldner,24,7,17
Travis,242,"Place 2, Judge, Court Of Criminal Appeals",,REP,Chris Oldner,58,20,38
Travis,243,"Place 2, Judge, Court Of Criminal Appeals",,REP,Chris Oldner,34,17,17
Travis,244,"Place 2, Judge, Court Of Criminal Appeals",,REP,Chris Oldner,143,74,69
Travis,245,"Place 2, Judge, Court Of Criminal Appeals",,REP,Chris Oldner,55,18,37
Travis,246,"Place 2, Judge, Court Of Criminal Appeals",,REP,Chris Oldner,49,19,30
Travis,247,"Place 2, Judge, Court Of Criminal Appeals",,REP,Chris Oldner,25,7,18
Travis,248,"Place 2, Judge, Court Of Criminal Appeals",,REP,Chris Oldner,33,13,20
Travis,249,"Place 2, Judge, Court Of Criminal Appeals",,REP,Chris Oldner,64,20,44
Travis,250,"Place 2, Judge, Court Of Criminal Appeals",,REP,Chris Oldner,67,21,46
Travis,251,"Place 2, Judge, Court Of Criminal Appeals",,REP,Chris Oldner,59,28,31
Travis,252,"Place 2, Judge, Court Of Criminal Appeals",,REP,Chris Oldner,43,17,26
Travis,253,"Place 2, Judge, Court Of Criminal Appeals",,REP,Chris Oldner,86,41,45
Travis,254,"Place 2, Judge, Court Of Criminal Appeals",,REP,Chris Oldner,62,25,37
Travis,256,"Place 2, Judge, Court Of Criminal Appeals",,REP,Chris Oldner,54,26,28
Travis,258,"Place 2, Judge, Court Of Criminal Appeals",,REP,Chris Oldner,69,22,47
Travis,259,"Place 2, Judge, Court Of Criminal Appeals",,REP,Chris Oldner,66,27,39
Travis,260,"Place 2, Judge, Court Of Criminal Appeals",,REP,Chris Oldner,16,7,9
Travis,262,"Place 2, Judge, Court Of Criminal Appeals",,REP,Chris Oldner,87,43,44
Travis,263,"Place 2, Judge, Court Of Criminal Appeals",,REP,Chris Oldner,64,12,52
Travis,266,"Place 2, Judge, Court Of Criminal Appeals",,REP,Chris Oldner,16,9,7
Travis,267,"Place 2, Judge, Court Of Criminal Appeals",,REP,Chris Oldner,36,17,19
Travis,268,"Place 2, Judge, Court Of Criminal Appeals",,REP,Chris Oldner,20,5,15
Travis,273,"Place 2, Judge, Court Of Criminal Appeals",,REP,Chris Oldner,33,9,24
Travis,274,"Place 2, Judge, Court Of Criminal Appeals",,REP,Chris Oldner,18,8,10
Travis,275,"Place 2, Judge, Court Of Criminal Appeals",,REP,Chris Oldner,18,6,12
Travis,277,"Place 2, Judge, Court Of Criminal Appeals",,REP,Chris Oldner,97,41,56
Travis,301,"Place 2, Judge, Court Of Criminal Appeals",,REP,Chris Oldner,27,13,14
Travis,302,"Place 2, Judge, Court Of Criminal Appeals",,REP,Chris Oldner,111,58,53
Travis,303,"Place 2, Judge, Court Of Criminal Appeals",,REP,Chris Oldner,107,40,67
Travis,304,"Place 2, Judge, Court Of Criminal Appeals",,REP,Chris Oldner,135,54,81
Travis,305,"Place 2, Judge, Court Of Criminal Appeals",,REP,Chris Oldner,0,0,0
Travis,306,"Place 2, Judge, Court Of Criminal Appeals",,REP,Chris Oldner,112,56,56
Travis,307,"Place 2, Judge, Court Of Criminal Appeals",,REP,Chris Oldner,27,10,17
Travis,308,"Place 2, Judge, Court Of Criminal Appeals",,REP,Chris Oldner,264,116,148
Travis,309,"Place 2, Judge, Court Of Criminal Appeals",,REP,Chris Oldner,77,42,35
Travis,310,"Place 2, Judge, Court Of Criminal Appeals",,REP,Chris Oldner,123,56,67
Travis,311,"Place 2, Judge, Court Of Criminal Appeals",,REP,Chris Oldner,54,23,31
Travis,312,"Place 2, Judge, Court Of Criminal Appeals",,REP,Chris Oldner,60,27,33
Travis,313,"Place 2, Judge, Court Of Criminal Appeals",,REP,Chris Oldner,1,1,0
Travis,314,"Place 2, Judge, Court Of Criminal Appeals",,REP,Chris Oldner,198,108,90
Travis,315,"Place 2, Judge, Court Of Criminal Appeals",,REP,Chris Oldner,111,56,55
Travis,316,"Place 2, Judge, Court Of Criminal Appeals",,REP,Chris Oldner,118,38,80
Travis,317,"Place 2, Judge, Court Of Criminal Appeals",,REP,Chris Oldner,89,35,54
Travis,318,"Place 2, Judge, Court Of Criminal Appeals",,REP,Chris Oldner,20,5,15
Travis,319,"Place 2, Judge, Court Of Criminal Appeals",,REP,Chris Oldner,95,42,53
Travis,320,"Place 2, Judge, Court Of Criminal Appeals",,REP,Chris Oldner,88,43,45
Travis,321,"Place 2, Judge, Court Of Criminal Appeals",,REP,Chris Oldner,20,9,11
Travis,323,"Place 2, Judge, Court Of Criminal Appeals",,REP,Chris Oldner,28,10,18
Travis,324,"Place 2, Judge, Court Of Criminal Appeals",,REP,Chris Oldner,194,92,102
Travis,325,"Place 2, Judge, Court Of Criminal Appeals",,REP,Chris Oldner,1,1,0
Travis,326,"Place 2, Judge, Court Of Criminal Appeals",,REP,Chris Oldner,65,30,35
Travis,327,"Place 2, Judge, Court Of Criminal Appeals",,REP,Chris Oldner,101,43,58
Travis,328,"Place 2, Judge, Court Of Criminal Appeals",,REP,Chris Oldner,69,31,38
Travis,329,"Place 2, Judge, Court Of Criminal Appeals",,REP,Chris Oldner,62,24,38
Travis,330,"Place 2, Judge, Court Of Criminal Appeals",,REP,Chris Oldner,94,40,54
Travis,331,"Place 2, Judge, Court Of Criminal Appeals",,REP,Chris Oldner,84,34,50
Travis,332,"Place 2, Judge, Court Of Criminal Appeals",,REP,Chris Oldner,23,7,16
Travis,333,"Place 2, Judge, Court Of Criminal Appeals",,REP,Chris Oldner,111,25,86
Travis,334,"Place 2, Judge, Court Of Criminal Appeals",,REP,Chris Oldner,131,54,77
Travis,335,"Place 2, Judge, Court Of Criminal Appeals",,REP,Chris Oldner,73,32,41
Travis,336,"Place 2, Judge, Court Of Criminal Appeals",,REP,Chris Oldner,81,37,44
Travis,337,"Place 2, Judge, Court Of Criminal Appeals",,REP,Chris Oldner,129,29,100
Travis,338,"Place 2, Judge, Court Of Criminal Appeals",,REP,Chris Oldner,128,40,88
Travis,339,"Place 2, Judge, Court Of Criminal Appeals",,REP,Chris Oldner,34,19,15
Travis,340,"Place 2, Judge, Court Of Criminal Appeals",,REP,Chris Oldner,35,14,21
Travis,341,"Place 2, Judge, Court Of Criminal Appeals",,REP,Chris Oldner,4,1,3
Travis,342,"Place 2, Judge, Court Of Criminal Appeals",,REP,Chris Oldner,44,20,24
Travis,343,"Place 2, Judge, Court Of Criminal Appeals",,REP,Chris Oldner,56,15,41
Travis,344,"Place 2, Judge, Court Of Criminal Appeals",,REP,Chris Oldner,29,5,24
Travis,345,"Place 2, Judge, Court Of Criminal Appeals",,REP,Chris Oldner,0,0,0
Travis,346,"Place 2, Judge, Court Of Criminal Appeals",,REP,Chris Oldner,177,101,76
Travis,347,"Place 2, Judge, Court Of Criminal Appeals",,REP,Chris Oldner,69,33,36
Travis,349,"Place 2, Judge, Court Of Criminal Appeals",,REP,Chris Oldner,120,53,67
Travis,350,"Place 2, Judge, Court Of Criminal Appeals",,REP,Chris Oldner,82,36,46
Travis,351,"Place 2, Judge, Court Of Criminal Appeals",,REP,Chris Oldner,39,22,17
Travis,352,"Place 2, Judge, Court Of Criminal Appeals",,REP,Chris Oldner,46,20,26
Travis,354,"Place 2, Judge, Court Of Criminal Appeals",,REP,Chris Oldner,135,64,71
Travis,356,"Place 2, Judge, Court Of Criminal Appeals",,REP,Chris Oldner,29,11,18
Travis,357,"Place 2, Judge, Court Of Criminal Appeals",,REP,Chris Oldner,25,7,18
Travis,358,"Place 2, Judge, Court Of Criminal Appeals",,REP,Chris Oldner,74,32,42
Travis,359,"Place 2, Judge, Court Of Criminal Appeals",,REP,Chris Oldner,174,75,99
Travis,360,"Place 2, Judge, Court Of Criminal Appeals",,REP,Chris Oldner,111,59,52
Travis,361,"Place 2, Judge, Court Of Criminal Appeals",,REP,Chris Oldner,38,11,27
Travis,362,"Place 2, Judge, Court Of Criminal Appeals",,REP,Chris Oldner,78,42,36
Travis,363,"Place 2, Judge, Court Of Criminal Appeals",,REP,Chris Oldner,54,27,27
Travis,364,"Place 2, Judge, Court Of Criminal Appeals",,REP,Chris Oldner,98,50,48
Travis,365,"Place 2, Judge, Court Of Criminal Appeals",,REP,Chris Oldner,56,22,34
Travis,366,"Place 2, Judge, Court Of Criminal Appeals",,REP,Chris Oldner,158,68,90
Travis,367,"Place 2, Judge, Court Of Criminal Appeals",,REP,Chris Oldner,159,90,69
Travis,368,"Place 2, Judge, Court Of Criminal Appeals",,REP,Chris Oldner,20,14,6
Travis,369,"Place 2, Judge, Court Of Criminal Appeals",,REP,Chris Oldner,133,33,100
Travis,370,"Place 2, Judge, Court Of Criminal Appeals",,REP,Chris Oldner,62,6,56
Travis,371,"Place 2, Judge, Court Of Criminal Appeals",,REP,Chris Oldner,114,33,81
Travis,372,"Place 2, Judge, Court Of Criminal Appeals",,REP,Chris Oldner,63,9,54
Travis,373,"Place 2, Judge, Court Of Criminal Appeals",,REP,Chris Oldner,241,78,163
Travis,374,"Place 2, Judge, Court Of Criminal Appeals",,REP,Chris Oldner,224,63,161
Travis,375,"Place 2, Judge, Court Of Criminal Appeals",,REP,Chris Oldner,31,6,25
Travis,401,"Place 2, Judge, Court Of Criminal Appeals",,REP,Chris Oldner,49,16,33
Travis,402,"Place 2, Judge, Court Of Criminal Appeals",,REP,Chris Oldner,49,19,30
Travis,403,"Place 2, Judge, Court Of Criminal Appeals",,REP,Chris Oldner,47,16,31
Travis,404,"Place 2, Judge, Court Of Criminal Appeals",,REP,Chris Oldner,34,3,31
Travis,405,"Place 2, Judge, Court Of Criminal Appeals",,REP,Chris Oldner,7,3,4
Travis,406,"Place 2, Judge, Court Of Criminal Appeals",,REP,Chris Oldner,121,70,51
Travis,407,"Place 2, Judge, Court Of Criminal Appeals",,REP,Chris Oldner,17,7,10
Travis,408,"Place 2, Judge, Court Of Criminal Appeals",,REP,Chris Oldner,71,35,36
Travis,409,"Place 2, Judge, Court Of Criminal Appeals",,REP,Chris Oldner,7,2,5
Travis,410,"Place 2, Judge, Court Of Criminal Appeals",,REP,Chris Oldner,43,17,26
Travis,411,"Place 2, Judge, Court Of Criminal Appeals",,REP,Chris Oldner,33,16,17
Travis,412,"Place 2, Judge, Court Of Criminal Appeals",,REP,Chris Oldner,1,1,0
Travis,413,"Place 2, Judge, Court Of Criminal Appeals",,REP,Chris Oldner,15,6,9
Travis,414,"Place 2, Judge, Court Of Criminal Appeals",,REP,Chris Oldner,57,18,39
Travis,415,"Place 2, Judge, Court Of Criminal Appeals",,REP,Chris Oldner,16,7,9
Travis,416,"Place 2, Judge, Court Of Criminal Appeals",,REP,Chris Oldner,3,1,2
Travis,417,"Place 2, Judge, Court Of Criminal Appeals",,REP,Chris Oldner,23,8,15
Travis,418,"Place 2, Judge, Court Of Criminal Appeals",,REP,Chris Oldner,1,1,0
Travis,419,"Place 2, Judge, Court Of Criminal Appeals",,REP,Chris Oldner,10,1,9
Travis,420,"Place 2, Judge, Court Of Criminal Appeals",,REP,Chris Oldner,25,14,11
Travis,421,"Place 2, Judge, Court Of Criminal Appeals",,REP,Chris Oldner,27,6,21
Travis,422,"Place 2, Judge, Court Of Criminal Appeals",,REP,Chris Oldner,17,6,11
Travis,423,"Place 2, Judge, Court Of Criminal Appeals",,REP,Chris Oldner,14,3,11
Travis,424,"Place 2, Judge, Court Of Criminal Appeals",,REP,Chris Oldner,23,13,10
Travis,425,"Place 2, Judge, Court Of Criminal Appeals",,REP,Chris Oldner,8,6,2
Travis,426,"Place 2, Judge, Court Of Criminal Appeals",,REP,Chris Oldner,11,3,8
Travis,427,"Place 2, Judge, Court Of Criminal Appeals",,REP,Chris Oldner,9,4,5
Travis,428,"Place 2, Judge, Court Of Criminal Appeals",,REP,Chris Oldner,31,9,22
Travis,429,"Place 2, Judge, Court Of Criminal Appeals",,REP,Chris Oldner,50,19,31
Travis,430,"Place 2, Judge, Court Of Criminal Appeals",,REP,Chris Oldner,9,2,7
Travis,431,"Place 2, Judge, Court Of Criminal Appeals",,REP,Chris Oldner,46,17,29
Travis,432,"Place 2, Judge, Court Of Criminal Appeals",,REP,Chris Oldner,0,0,0
Travis,433,"Place 2, Judge, Court Of Criminal Appeals",,REP,Chris Oldner,26,12,14
Travis,434,"Place 2, Judge, Court Of Criminal Appeals",,REP,Chris Oldner,0,0,0
Travis,435,"Place 2, Judge, Court Of Criminal Appeals",,REP,Chris Oldner,112,41,71
Travis,436,"Place 2, Judge, Court Of Criminal Appeals",,REP,Chris Oldner,0,0,0
Travis,437,"Place 2, Judge, Court Of Criminal Appeals",,REP,Chris Oldner,16,6,10
Travis,438,"Place 2, Judge, Court Of Criminal Appeals",,REP,Chris Oldner,7,3,4
Travis,439,"Place 2, Judge, Court Of Criminal Appeals",,REP,Chris Oldner,12,3,9
Travis,440,"Place 2, Judge, Court Of Criminal Appeals",,REP,Chris Oldner,9,0,9
Travis,441,"Place 2, Judge, Court Of Criminal Appeals",,REP,Chris Oldner,48,16,32
Travis,442,"Place 2, Judge, Court Of Criminal Appeals",,REP,Chris Oldner,8,1,7
Travis,443,"Place 2, Judge, Court Of Criminal Appeals",,REP,Chris Oldner,35,8,27
Travis,444,"Place 2, Judge, Court Of Criminal Appeals",,REP,Chris Oldner,0,0,0
Travis,446,"Place 2, Judge, Court Of Criminal Appeals",,REP,Chris Oldner,15,4,11
Travis,447,"Place 2, Judge, Court Of Criminal Appeals",,REP,Chris Oldner,60,25,35
Travis,448,"Place 2, Judge, Court Of Criminal Appeals",,REP,Chris Oldner,42,23,19
Travis,450,"Place 2, Judge, Court Of Criminal Appeals",,REP,Chris Oldner,36,15,21
Travis,451,"Place 2, Judge, Court Of Criminal Appeals",,REP,Chris Oldner,37,12,25
Travis,452,"Place 2, Judge, Court Of Criminal Appeals",,REP,Chris Oldner,13,6,7
Travis,454,"Place 2, Judge, Court Of Criminal Appeals",,REP,Chris Oldner,30,18,12
Travis,458,"Place 2, Judge, Court Of Criminal Appeals",,REP,Chris Oldner,52,23,29
Travis,460,"Place 2, Judge, Court Of Criminal Appeals",,REP,Chris Oldner,27,17,10
Travis,461,"Place 2, Judge, Court Of Criminal Appeals",,REP,Chris Oldner,31,11,20
Travis,463,"Place 2, Judge, Court Of Criminal Appeals",,REP,Chris Oldner,53,21,32
Travis,101,"Place 2, Judge, Court Of Criminal Appeals",,REP,Mary Lou Keel,80,29,51
Travis,102,"Place 2, Judge, Court Of Criminal Appeals",,REP,Mary Lou Keel,18,7,11
Travis,103,"Place 2, Judge, Court Of Criminal Appeals",,REP,Mary Lou Keel,55,21,34
Travis,104,"Place 2, Judge, Court Of Criminal Appeals",,REP,Mary Lou Keel,37,14,23
Travis,105,"Place 2, Judge, Court Of Criminal Appeals",,REP,Mary Lou Keel,175,66,109
Travis,106,"Place 2, Judge, Court Of Criminal Appeals",,REP,Mary Lou Keel,142,58,84
Travis,107,"Place 2, Judge, Court Of Criminal Appeals",,REP,Mary Lou Keel,29,6,23
Travis,108,"Place 2, Judge, Court Of Criminal Appeals",,REP,Mary Lou Keel,39,8,31
Travis,109,"Place 2, Judge, Court Of Criminal Appeals",,REP,Mary Lou Keel,70,23,47
Travis,110,"Place 2, Judge, Court Of Criminal Appeals",,REP,Mary Lou Keel,195,70,125
Travis,111,"Place 2, Judge, Court Of Criminal Appeals",,REP,Mary Lou Keel,136,50,86
Travis,112,"Place 2, Judge, Court Of Criminal Appeals",,REP,Mary Lou Keel,27,8,19
Travis,113,"Place 2, Judge, Court Of Criminal Appeals",,REP,Mary Lou Keel,133,52,81
Travis,114,"Place 2, Judge, Court Of Criminal Appeals",,REP,Mary Lou Keel,7,2,5
Travis,115,"Place 2, Judge, Court Of Criminal Appeals",,REP,Mary Lou Keel,0,0,0
Travis,116,"Place 2, Judge, Court Of Criminal Appeals",,REP,Mary Lou Keel,0,0,0
Travis,117,"Place 2, Judge, Court Of Criminal Appeals",,REP,Mary Lou Keel,15,7,8
Travis,118,"Place 2, Judge, Court Of Criminal Appeals",,REP,Mary Lou Keel,4,2,2
Travis,119,"Place 2, Judge, Court Of Criminal Appeals",,REP,Mary Lou Keel,0,0,0
Travis,120,"Place 2, Judge, Court Of Criminal Appeals",,REP,Mary Lou Keel,3,1,2
Travis,121,"Place 2, Judge, Court Of Criminal Appeals",,REP,Mary Lou Keel,5,2,3
Travis,122,"Place 2, Judge, Court Of Criminal Appeals",,REP,Mary Lou Keel,11,6,5
Travis,123,"Place 2, Judge, Court Of Criminal Appeals",,REP,Mary Lou Keel,183,34,149
Travis,124,"Place 2, Judge, Court Of Criminal Appeals",,REP,Mary Lou Keel,37,12,25
Travis,125,"Place 2, Judge, Court Of Criminal Appeals",,REP,Mary Lou Keel,0,0,0
Travis,126,"Place 2, Judge, Court Of Criminal Appeals",,REP,Mary Lou Keel,25,9,16
Travis,127,"Place 2, Judge, Court Of Criminal Appeals",,REP,Mary Lou Keel,0,0,0
Travis,128,"Place 2, Judge, Court Of Criminal Appeals",,REP,Mary Lou Keel,0,0,0
Travis,129,"Place 2, Judge, Court Of Criminal Appeals",,REP,Mary Lou Keel,13,4,9
Travis,130,"Place 2, Judge, Court Of Criminal Appeals",,REP,Mary Lou Keel,26,7,19
Travis,131,"Place 2, Judge, Court Of Criminal Appeals",,REP,Mary Lou Keel,0,0,0
Travis,132,"Place 2, Judge, Court Of Criminal Appeals",,REP,Mary Lou Keel,30,9,21
Travis,133,"Place 2, Judge, Court Of Criminal Appeals",,REP,Mary Lou Keel,32,8,24
Travis,134,"Place 2, Judge, Court Of Criminal Appeals",,REP,Mary Lou Keel,0,0,0
Travis,135,"Place 2, Judge, Court Of Criminal Appeals",,REP,Mary Lou Keel,95,37,58
Travis,136,"Place 2, Judge, Court Of Criminal Appeals",,REP,Mary Lou Keel,145,42,103
Travis,137,"Place 2, Judge, Court Of Criminal Appeals",,REP,Mary Lou Keel,405,124,281
Travis,138,"Place 2, Judge, Court Of Criminal Appeals",,REP,Mary Lou Keel,0,0,0
Travis,139,"Place 2, Judge, Court Of Criminal Appeals",,REP,Mary Lou Keel,66,27,39
Travis,140,"Place 2, Judge, Court Of Criminal Appeals",,REP,Mary Lou Keel,36,12,24
Travis,141,"Place 2, Judge, Court Of Criminal Appeals",,REP,Mary Lou Keel,4,1,3
Travis,142,"Place 2, Judge, Court Of Criminal Appeals",,REP,Mary Lou Keel,5,3,2
Travis,145,"Place 2, Judge, Court Of Criminal Appeals",,REP,Mary Lou Keel,102,31,71
Travis,146,"Place 2, Judge, Court Of Criminal Appeals",,REP,Mary Lou Keel,118,45,73
Travis,148,"Place 2, Judge, Court Of Criminal Appeals",,REP,Mary Lou Keel,114,44,70
Travis,149,"Place 2, Judge, Court Of Criminal Appeals",,REP,Mary Lou Keel,16,5,11
Travis,150,"Place 2, Judge, Court Of Criminal Appeals",,REP,Mary Lou Keel,147,56,91
Travis,151,"Place 2, Judge, Court Of Criminal Appeals",,REP,Mary Lou Keel,40,12,28
Travis,152,"Place 2, Judge, Court Of Criminal Appeals",,REP,Mary Lou Keel,37,17,20
Travis,153,"Place 2, Judge, Court Of Criminal Appeals",,REP,Mary Lou Keel,107,36,71
Travis,154,"Place 2, Judge, Court Of Criminal Appeals",,REP,Mary Lou Keel,63,19,44
Travis,156,"Place 2, Judge, Court Of Criminal Appeals",,REP,Mary Lou Keel,77,29,48
Travis,160,"Place 2, Judge, Court Of Criminal Appeals",,REP,Mary Lou Keel,82,45,37
Travis,161,"Place 2, Judge, Court Of Criminal Appeals",,REP,Mary Lou Keel,61,22,39
Travis,163,"Place 2, Judge, Court Of Criminal Appeals",,REP,Mary Lou Keel,24,7,17
Travis,164,"Place 2, Judge, Court Of Criminal Appeals",,REP,Mary Lou Keel,22,6,16
Travis,200,"Place 2, Judge, Court Of Criminal Appeals",,REP,Mary Lou Keel,49,12,37
Travis,202,"Place 2, Judge, Court Of Criminal Appeals",,REP,Mary Lou Keel,43,15,28
Travis,203,"Place 2, Judge, Court Of Criminal Appeals",,REP,Mary Lou Keel,21,11,10
Travis,205,"Place 2, Judge, Court Of Criminal Appeals",,REP,Mary Lou Keel,65,12,53
Travis,206,"Place 2, Judge, Court Of Criminal Appeals",,REP,Mary Lou Keel,22,9,13
Travis,207,"Place 2, Judge, Court Of Criminal Appeals",,REP,Mary Lou Keel,168,67,101
Travis,208,"Place 2, Judge, Court Of Criminal Appeals",,REP,Mary Lou Keel,96,43,53
Travis,209,"Place 2, Judge, Court Of Criminal Appeals",,REP,Mary Lou Keel,23,6,17
Travis,210,"Place 2, Judge, Court Of Criminal Appeals",,REP,Mary Lou Keel,81,40,41
Travis,211,"Place 2, Judge, Court Of Criminal Appeals",,REP,Mary Lou Keel,53,18,35
Travis,212,"Place 2, Judge, Court Of Criminal Appeals",,REP,Mary Lou Keel,298,142,156
Travis,213,"Place 2, Judge, Court Of Criminal Appeals",,REP,Mary Lou Keel,0,0,0
Travis,214,"Place 2, Judge, Court Of Criminal Appeals",,REP,Mary Lou Keel,170,57,113
Travis,215,"Place 2, Judge, Court Of Criminal Appeals",,REP,Mary Lou Keel,76,25,51
Travis,216,"Place 2, Judge, Court Of Criminal Appeals",,REP,Mary Lou Keel,38,16,22
Travis,217,"Place 2, Judge, Court Of Criminal Appeals",,REP,Mary Lou Keel,55,16,39
Travis,218,"Place 2, Judge, Court Of Criminal Appeals",,REP,Mary Lou Keel,106,44,62
Travis,219,"Place 2, Judge, Court Of Criminal Appeals",,REP,Mary Lou Keel,100,38,62
Travis,220,"Place 2, Judge, Court Of Criminal Appeals",,REP,Mary Lou Keel,102,38,64
Travis,221,"Place 2, Judge, Court Of Criminal Appeals",,REP,Mary Lou Keel,62,16,46
Travis,222,"Place 2, Judge, Court Of Criminal Appeals",,REP,Mary Lou Keel,80,26,54
Travis,223,"Place 2, Judge, Court Of Criminal Appeals",,REP,Mary Lou Keel,13,7,6
Travis,224,"Place 2, Judge, Court Of Criminal Appeals",,REP,Mary Lou Keel,3,1,2
Travis,225,"Place 2, Judge, Court Of Criminal Appeals",,REP,Mary Lou Keel,126,43,83
Travis,226,"Place 2, Judge, Court Of Criminal Appeals",,REP,Mary Lou Keel,47,18,29
Travis,227,"Place 2, Judge, Court Of Criminal Appeals",,REP,Mary Lou Keel,18,8,10
Travis,228,"Place 2, Judge, Court Of Criminal Appeals",,REP,Mary Lou Keel,84,28,56
Travis,229,"Place 2, Judge, Court Of Criminal Appeals",,REP,Mary Lou Keel,73,17,56
Travis,231,"Place 2, Judge, Court Of Criminal Appeals",,REP,Mary Lou Keel,169,64,105
Travis,232,"Place 2, Judge, Court Of Criminal Appeals",,REP,Mary Lou Keel,354,171,183
Travis,233,"Place 2, Judge, Court Of Criminal Appeals",,REP,Mary Lou Keel,202,66,136
Travis,234,"Place 2, Judge, Court Of Criminal Appeals",,REP,Mary Lou Keel,133,53,80
Travis,235,"Place 2, Judge, Court Of Criminal Appeals",,REP,Mary Lou Keel,55,19,36
Travis,236,"Place 2, Judge, Court Of Criminal Appeals",,REP,Mary Lou Keel,74,22,52
Travis,237,"Place 2, Judge, Court Of Criminal Appeals",,REP,Mary Lou Keel,117,46,71
Travis,238,"Place 2, Judge, Court Of Criminal Appeals",,REP,Mary Lou Keel,130,43,87
Travis,239,"Place 2, Judge, Court Of Criminal Appeals",,REP,Mary Lou Keel,76,23,53
Travis,240,"Place 2, Judge, Court Of Criminal Appeals",,REP,Mary Lou Keel,51,19,32
Travis,241,"Place 2, Judge, Court Of Criminal Appeals",,REP,Mary Lou Keel,37,13,24
Travis,242,"Place 2, Judge, Court Of Criminal Appeals",,REP,Mary Lou Keel,92,36,56
Travis,243,"Place 2, Judge, Court Of Criminal Appeals",,REP,Mary Lou Keel,66,31,35
Travis,244,"Place 2, Judge, Court Of Criminal Appeals",,REP,Mary Lou Keel,217,107,110
Travis,245,"Place 2, Judge, Court Of Criminal Appeals",,REP,Mary Lou Keel,60,15,45
Travis,246,"Place 2, Judge, Court Of Criminal Appeals",,REP,Mary Lou Keel,81,26,55
Travis,247,"Place 2, Judge, Court Of Criminal Appeals",,REP,Mary Lou Keel,50,15,35
Travis,248,"Place 2, Judge, Court Of Criminal Appeals",,REP,Mary Lou Keel,59,26,33
Travis,249,"Place 2, Judge, Court Of Criminal Appeals",,REP,Mary Lou Keel,123,44,79
Travis,250,"Place 2, Judge, Court Of Criminal Appeals",,REP,Mary Lou Keel,125,42,83
Travis,251,"Place 2, Judge, Court Of Criminal Appeals",,REP,Mary Lou Keel,113,37,76
Travis,252,"Place 2, Judge, Court Of Criminal Appeals",,REP,Mary Lou Keel,80,30,50
Travis,253,"Place 2, Judge, Court Of Criminal Appeals",,REP,Mary Lou Keel,194,82,112
Travis,254,"Place 2, Judge, Court Of Criminal Appeals",,REP,Mary Lou Keel,134,45,89
Travis,256,"Place 2, Judge, Court Of Criminal Appeals",,REP,Mary Lou Keel,124,60,64
Travis,258,"Place 2, Judge, Court Of Criminal Appeals",,REP,Mary Lou Keel,110,42,68
Travis,259,"Place 2, Judge, Court Of Criminal Appeals",,REP,Mary Lou Keel,128,57,71
Travis,260,"Place 2, Judge, Court Of Criminal Appeals",,REP,Mary Lou Keel,19,8,11
Travis,262,"Place 2, Judge, Court Of Criminal Appeals",,REP,Mary Lou Keel,183,88,95
Travis,263,"Place 2, Judge, Court Of Criminal Appeals",,REP,Mary Lou Keel,93,28,65
Travis,266,"Place 2, Judge, Court Of Criminal Appeals",,REP,Mary Lou Keel,37,14,23
Travis,267,"Place 2, Judge, Court Of Criminal Appeals",,REP,Mary Lou Keel,63,36,27
Travis,268,"Place 2, Judge, Court Of Criminal Appeals",,REP,Mary Lou Keel,19,7,12
Travis,273,"Place 2, Judge, Court Of Criminal Appeals",,REP,Mary Lou Keel,79,38,41
Travis,274,"Place 2, Judge, Court Of Criminal Appeals",,REP,Mary Lou Keel,43,25,18
Travis,275,"Place 2, Judge, Court Of Criminal Appeals",,REP,Mary Lou Keel,48,20,28
Travis,277,"Place 2, Judge, Court Of Criminal Appeals",,REP,Mary Lou Keel,124,50,74
Travis,301,"Place 2, Judge, Court Of Criminal Appeals",,REP,Mary Lou Keel,49,13,36
Travis,302,"Place 2, Judge, Court Of Criminal Appeals",,REP,Mary Lou Keel,187,98,89
Travis,303,"Place 2, Judge, Court Of Criminal Appeals",,REP,Mary Lou Keel,197,88,109
Travis,304,"Place 2, Judge, Court Of Criminal Appeals",,REP,Mary Lou Keel,270,106,164
Travis,305,"Place 2, Judge, Court Of Criminal Appeals",,REP,Mary Lou Keel,1,1,0
Travis,306,"Place 2, Judge, Court Of Criminal Appeals",,REP,Mary Lou Keel,280,169,111
Travis,307,"Place 2, Judge, Court Of Criminal Appeals",,REP,Mary Lou Keel,90,38,52
Travis,308,"Place 2, Judge, Court Of Criminal Appeals",,REP,Mary Lou Keel,449,171,278
Travis,309,"Place 2, Judge, Court Of Criminal Appeals",,REP,Mary Lou Keel,94,50,44
Travis,310,"Place 2, Judge, Court Of Criminal Appeals",,REP,Mary Lou Keel,201,83,118
Travis,311,"Place 2, Judge, Court Of Criminal Appeals",,REP,Mary Lou Keel,78,39,39
Travis,312,"Place 2, Judge, Court Of Criminal Appeals",,REP,Mary Lou Keel,149,65,84
Travis,313,"Place 2, Judge, Court Of Criminal Appeals",,REP,Mary Lou Keel,1,1,0
Travis,314,"Place 2, Judge, Court Of Criminal Appeals",,REP,Mary Lou Keel,357,175,182
Travis,315,"Place 2, Judge, Court Of Criminal Appeals",,REP,Mary Lou Keel,241,101,140
Travis,316,"Place 2, Judge, Court Of Criminal Appeals",,REP,Mary Lou Keel,198,100,98
Travis,317,"Place 2, Judge, Court Of Criminal Appeals",,REP,Mary Lou Keel,175,57,118
Travis,318,"Place 2, Judge, Court Of Criminal Appeals",,REP,Mary Lou Keel,43,10,33
Travis,319,"Place 2, Judge, Court Of Criminal Appeals",,REP,Mary Lou Keel,191,100,91
Travis,320,"Place 2, Judge, Court Of Criminal Appeals",,REP,Mary Lou Keel,203,114,89
Travis,321,"Place 2, Judge, Court Of Criminal Appeals",,REP,Mary Lou Keel,45,22,23
Travis,323,"Place 2, Judge, Court Of Criminal Appeals",,REP,Mary Lou Keel,48,19,29
Travis,324,"Place 2, Judge, Court Of Criminal Appeals",,REP,Mary Lou Keel,379,175,204
Travis,325,"Place 2, Judge, Court Of Criminal Appeals",,REP,Mary Lou Keel,1,1,0
Travis,326,"Place 2, Judge, Court Of Criminal Appeals",,REP,Mary Lou Keel,129,49,80
Travis,327,"Place 2, Judge, Court Of Criminal Appeals",,REP,Mary Lou Keel,175,67,108
Travis,328,"Place 2, Judge, Court Of Criminal Appeals",,REP,Mary Lou Keel,156,59,97
Travis,329,"Place 2, Judge, Court Of Criminal Appeals",,REP,Mary Lou Keel,115,54,61
Travis,330,"Place 2, Judge, Court Of Criminal Appeals",,REP,Mary Lou Keel,223,92,131
Travis,331,"Place 2, Judge, Court Of Criminal Appeals",,REP,Mary Lou Keel,174,72,102
Travis,332,"Place 2, Judge, Court Of Criminal Appeals",,REP,Mary Lou Keel,58,26,32
Travis,333,"Place 2, Judge, Court Of Criminal Appeals",,REP,Mary Lou Keel,174,32,142
Travis,334,"Place 2, Judge, Court Of Criminal Appeals",,REP,Mary Lou Keel,179,51,128
Travis,335,"Place 2, Judge, Court Of Criminal Appeals",,REP,Mary Lou Keel,135,47,88
Travis,336,"Place 2, Judge, Court Of Criminal Appeals",,REP,Mary Lou Keel,128,45,83
Travis,337,"Place 2, Judge, Court Of Criminal Appeals",,REP,Mary Lou Keel,195,62,133
Travis,338,"Place 2, Judge, Court Of Criminal Appeals",,REP,Mary Lou Keel,295,110,185
Travis,339,"Place 2, Judge, Court Of Criminal Appeals",,REP,Mary Lou Keel,81,40,41
Travis,340,"Place 2, Judge, Court Of Criminal Appeals",,REP,Mary Lou Keel,66,30,36
Travis,341,"Place 2, Judge, Court Of Criminal Appeals",,REP,Mary Lou Keel,5,2,3
Travis,342,"Place 2, Judge, Court Of Criminal Appeals",,REP,Mary Lou Keel,146,54,92
Travis,343,"Place 2, Judge, Court Of Criminal Appeals",,REP,Mary Lou Keel,72,25,47
Travis,344,"Place 2, Judge, Court Of Criminal Appeals",,REP,Mary Lou Keel,77,27,50
Travis,345,"Place 2, Judge, Court Of Criminal Appeals",,REP,Mary Lou Keel,0,0,0
Travis,346,"Place 2, Judge, Court Of Criminal Appeals",,REP,Mary Lou Keel,393,234,159
Travis,347,"Place 2, Judge, Court Of Criminal Appeals",,REP,Mary Lou Keel,166,90,76
Travis,349,"Place 2, Judge, Court Of Criminal Appeals",,REP,Mary Lou Keel,203,95,108
Travis,350,"Place 2, Judge, Court Of Criminal Appeals",,REP,Mary Lou Keel,138,58,80
Travis,351,"Place 2, Judge, Court Of Criminal Appeals",,REP,Mary Lou Keel,49,28,21
Travis,352,"Place 2, Judge, Court Of Criminal Appeals",,REP,Mary Lou Keel,99,45,54
Travis,354,"Place 2, Judge, Court Of Criminal Appeals",,REP,Mary Lou Keel,252,138,114
Travis,356,"Place 2, Judge, Court Of Criminal Appeals",,REP,Mary Lou Keel,44,19,25
Travis,357,"Place 2, Judge, Court Of Criminal Appeals",,REP,Mary Lou Keel,48,22,26
Travis,358,"Place 2, Judge, Court Of Criminal Appeals",,REP,Mary Lou Keel,142,54,88
Travis,359,"Place 2, Judge, Court Of Criminal Appeals",,REP,Mary Lou Keel,277,127,150
Travis,360,"Place 2, Judge, Court Of Criminal Appeals",,REP,Mary Lou Keel,195,80,115
Travis,361,"Place 2, Judge, Court Of Criminal Appeals",,REP,Mary Lou Keel,85,39,46
Travis,362,"Place 2, Judge, Court Of Criminal Appeals",,REP,Mary Lou Keel,146,61,85
Travis,363,"Place 2, Judge, Court Of Criminal Appeals",,REP,Mary Lou Keel,107,45,62
Travis,364,"Place 2, Judge, Court Of Criminal Appeals",,REP,Mary Lou Keel,210,111,99
Travis,365,"Place 2, Judge, Court Of Criminal Appeals",,REP,Mary Lou Keel,97,47,50
Travis,366,"Place 2, Judge, Court Of Criminal Appeals",,REP,Mary Lou Keel,218,89,129
Travis,367,"Place 2, Judge, Court Of Criminal Appeals",,REP,Mary Lou Keel,360,135,225
Travis,368,"Place 2, Judge, Court Of Criminal Appeals",,REP,Mary Lou Keel,22,14,8
Travis,369,"Place 2, Judge, Court Of Criminal Appeals",,REP,Mary Lou Keel,181,45,136
Travis,370,"Place 2, Judge, Court Of Criminal Appeals",,REP,Mary Lou Keel,83,5,78
Travis,371,"Place 2, Judge, Court Of Criminal Appeals",,REP,Mary Lou Keel,160,40,120
Travis,372,"Place 2, Judge, Court Of Criminal Appeals",,REP,Mary Lou Keel,102,11,91
Travis,373,"Place 2, Judge, Court Of Criminal Appeals",,REP,Mary Lou Keel,370,129,241
Travis,374,"Place 2, Judge, Court Of Criminal Appeals",,REP,Mary Lou Keel,311,94,217
Travis,375,"Place 2, Judge, Court Of Criminal Appeals",,REP,Mary Lou Keel,48,17,31
Travis,401,"Place 2, Judge, Court Of Criminal Appeals",,REP,Mary Lou Keel,62,23,39
Travis,402,"Place 2, Judge, Court Of Criminal Appeals",,REP,Mary Lou Keel,59,13,46
Travis,403,"Place 2, Judge, Court Of Criminal Appeals",,REP,Mary Lou Keel,43,4,39
Travis,404,"Place 2, Judge, Court Of Criminal Appeals",,REP,Mary Lou Keel,56,18,38
Travis,405,"Place 2, Judge, Court Of Criminal Appeals",,REP,Mary Lou Keel,18,5,13
Travis,406,"Place 2, Judge, Court Of Criminal Appeals",,REP,Mary Lou Keel,232,119,113
Travis,407,"Place 2, Judge, Court Of Criminal Appeals",,REP,Mary Lou Keel,25,13,12
Travis,408,"Place 2, Judge, Court Of Criminal Appeals",,REP,Mary Lou Keel,89,34,55
Travis,409,"Place 2, Judge, Court Of Criminal Appeals",,REP,Mary Lou Keel,28,10,18
Travis,410,"Place 2, Judge, Court Of Criminal Appeals",,REP,Mary Lou Keel,66,27,39
Travis,411,"Place 2, Judge, Court Of Criminal Appeals",,REP,Mary Lou Keel,45,16,29
Travis,412,"Place 2, Judge, Court Of Criminal Appeals",,REP,Mary Lou Keel,1,0,1
Travis,413,"Place 2, Judge, Court Of Criminal Appeals",,REP,Mary Lou Keel,13,4,9
Travis,414,"Place 2, Judge, Court Of Criminal Appeals",,REP,Mary Lou Keel,99,33,66
Travis,415,"Place 2, Judge, Court Of Criminal Appeals",,REP,Mary Lou Keel,41,8,33
Travis,416,"Place 2, Judge, Court Of Criminal Appeals",,REP,Mary Lou Keel,2,0,2
Travis,417,"Place 2, Judge, Court Of Criminal Appeals",,REP,Mary Lou Keel,48,20,28
Travis,418,"Place 2, Judge, Court Of Criminal Appeals",,REP,Mary Lou Keel,0,0,0
Travis,419,"Place 2, Judge, Court Of Criminal Appeals",,REP,Mary Lou Keel,22,7,15
Travis,420,"Place 2, Judge, Court Of Criminal Appeals",,REP,Mary Lou Keel,36,18,18
Travis,421,"Place 2, Judge, Court Of Criminal Appeals",,REP,Mary Lou Keel,63,22,41
Travis,422,"Place 2, Judge, Court Of Criminal Appeals",,REP,Mary Lou Keel,29,13,16
Travis,423,"Place 2, Judge, Court Of Criminal Appeals",,REP,Mary Lou Keel,30,10,20
Travis,424,"Place 2, Judge, Court Of Criminal Appeals",,REP,Mary Lou Keel,33,10,23
Travis,425,"Place 2, Judge, Court Of Criminal Appeals",,REP,Mary Lou Keel,16,5,11
Travis,426,"Place 2, Judge, Court Of Criminal Appeals",,REP,Mary Lou Keel,23,9,14
Travis,427,"Place 2, Judge, Court Of Criminal Appeals",,REP,Mary Lou Keel,18,5,13
Travis,428,"Place 2, Judge, Court Of Criminal Appeals",,REP,Mary Lou Keel,50,25,25
Travis,429,"Place 2, Judge, Court Of Criminal Appeals",,REP,Mary Lou Keel,69,28,41
Travis,430,"Place 2, Judge, Court Of Criminal Appeals",,REP,Mary Lou Keel,13,3,10
Travis,431,"Place 2, Judge, Court Of Criminal Appeals",,REP,Mary Lou Keel,59,23,36
Travis,432,"Place 2, Judge, Court Of Criminal Appeals",,REP,Mary Lou Keel,0,0,0
Travis,433,"Place 2, Judge, Court Of Criminal Appeals",,REP,Mary Lou Keel,31,15,16
Travis,434,"Place 2, Judge, Court Of Criminal Appeals",,REP,Mary Lou Keel,0,0,0
Travis,435,"Place 2, Judge, Court Of Criminal Appeals",,REP,Mary Lou Keel,175,79,96
Travis,436,"Place 2, Judge, Court Of Criminal Appeals",,REP,Mary Lou Keel,1,0,1
Travis,437,"Place 2, Judge, Court Of Criminal Appeals",,REP,Mary Lou Keel,33,11,22
Travis,438,"Place 2, Judge, Court Of Criminal Appeals",,REP,Mary Lou Keel,19,6,13
Travis,439,"Place 2, Judge, Court Of Criminal Appeals",,REP,Mary Lou Keel,26,5,21
Travis,440,"Place 2, Judge, Court Of Criminal Appeals",,REP,Mary Lou Keel,15,7,8
Travis,441,"Place 2, Judge, Court Of Criminal Appeals",,REP,Mary Lou Keel,53,24,29
Travis,442,"Place 2, Judge, Court Of Criminal Appeals",,REP,Mary Lou Keel,22,6,16
Travis,443,"Place 2, Judge, Court Of Criminal Appeals",,REP,Mary Lou Keel,39,21,18
Travis,444,"Place 2, Judge, Court Of Criminal Appeals",,REP,Mary Lou Keel,0,0,0
Travis,446,"Place 2, Judge, Court Of Criminal Appeals",,REP,Mary Lou Keel,24,3,21
Travis,447,"Place 2, Judge, Court Of Criminal Appeals",,REP,Mary Lou Keel,51,15,36
Travis,448,"Place 2, Judge, Court Of Criminal Appeals",,REP,Mary Lou Keel,46,18,28
Travis,450,"Place 2, Judge, Court Of Criminal Appeals",,REP,Mary Lou Keel,53,22,31
Travis,451,"Place 2, Judge, Court Of Criminal Appeals",,REP,Mary Lou Keel,52,17,35
Travis,452,"Place 2, Judge, Court Of Criminal Appeals",,REP,Mary Lou Keel,24,10,14
Travis,454,"Place 2, Judge, Court Of Criminal Appeals",,REP,Mary Lou Keel,62,35,27
Travis,458,"Place 2, Judge, Court Of Criminal Appeals",,REP,Mary Lou Keel,117,50,67
Travis,460,"Place 2, Judge, Court Of Criminal Appeals",,REP,Mary Lou Keel,61,31,30
Travis,461,"Place 2, Judge, Court Of Criminal Appeals",,REP,Mary Lou Keel,54,23,31
Travis,463,"Place 2, Judge, Court Of Criminal Appeals",,REP,Mary Lou Keel,67,20,47
Travis,101,"Place 2, Judge, Court Of Criminal Appeals",,REP,Ray Wheless,66,17,49
Travis,102,"Place 2, Judge, Court Of Criminal Appeals",,REP,Ray Wheless,22,9,13
Travis,103,"Place 2, Judge, Court Of Criminal Appeals",,REP,Ray Wheless,49,16,33
Travis,104,"Place 2, Judge, Court Of Criminal Appeals",,REP,Ray Wheless,37,14,23
Travis,105,"Place 2, Judge, Court Of Criminal Appeals",,REP,Ray Wheless,140,63,77
Travis,106,"Place 2, Judge, Court Of Criminal Appeals",,REP,Ray Wheless,146,47,99
Travis,107,"Place 2, Judge, Court Of Criminal Appeals",,REP,Ray Wheless,20,2,18
Travis,108,"Place 2, Judge, Court Of Criminal Appeals",,REP,Ray Wheless,33,4,29
Travis,109,"Place 2, Judge, Court Of Criminal Appeals",,REP,Ray Wheless,56,20,36
Travis,110,"Place 2, Judge, Court Of Criminal Appeals",,REP,Ray Wheless,161,69,92
Travis,111,"Place 2, Judge, Court Of Criminal Appeals",,REP,Ray Wheless,96,38,58
Travis,112,"Place 2, Judge, Court Of Criminal Appeals",,REP,Ray Wheless,14,2,12
Travis,113,"Place 2, Judge, Court Of Criminal Appeals",,REP,Ray Wheless,154,64,90
Travis,114,"Place 2, Judge, Court Of Criminal Appeals",,REP,Ray Wheless,6,1,5
Travis,115,"Place 2, Judge, Court Of Criminal Appeals",,REP,Ray Wheless,0,0,0
Travis,116,"Place 2, Judge, Court Of Criminal Appeals",,REP,Ray Wheless,0,0,0
Travis,117,"Place 2, Judge, Court Of Criminal Appeals",,REP,Ray Wheless,16,7,9
Travis,118,"Place 2, Judge, Court Of Criminal Appeals",,REP,Ray Wheless,7,4,3
Travis,119,"Place 2, Judge, Court Of Criminal Appeals",,REP,Ray Wheless,0,0,0
Travis,120,"Place 2, Judge, Court Of Criminal Appeals",,REP,Ray Wheless,5,1,4
Travis,121,"Place 2, Judge, Court Of Criminal Appeals",,REP,Ray Wheless,7,0,7
Travis,122,"Place 2, Judge, Court Of Criminal Appeals",,REP,Ray Wheless,19,11,8
Travis,123,"Place 2, Judge, Court Of Criminal Appeals",,REP,Ray Wheless,173,48,125
Travis,124,"Place 2, Judge, Court Of Criminal Appeals",,REP,Ray Wheless,19,7,12
Travis,125,"Place 2, Judge, Court Of Criminal Appeals",,REP,Ray Wheless,0,0,0
Travis,126,"Place 2, Judge, Court Of Criminal Appeals",,REP,Ray Wheless,26,10,16
Travis,127,"Place 2, Judge, Court Of Criminal Appeals",,REP,Ray Wheless,0,0,0
Travis,128,"Place 2, Judge, Court Of Criminal Appeals",,REP,Ray Wheless,0,0,0
Travis,129,"Place 2, Judge, Court Of Criminal Appeals",,REP,Ray Wheless,7,5,2
Travis,130,"Place 2, Judge, Court Of Criminal Appeals",,REP,Ray Wheless,29,3,26
Travis,131,"Place 2, Judge, Court Of Criminal Appeals",,REP,Ray Wheless,0,0,0
Travis,132,"Place 2, Judge, Court Of Criminal Appeals",,REP,Ray Wheless,26,11,15
Travis,133,"Place 2, Judge, Court Of Criminal Appeals",,REP,Ray Wheless,30,8,22
Travis,134,"Place 2, Judge, Court Of Criminal Appeals",,REP,Ray Wheless,0,0,0
Travis,135,"Place 2, Judge, Court Of Criminal Appeals",,REP,Ray Wheless,61,19,42
Travis,136,"Place 2, Judge, Court Of Criminal Appeals",,REP,Ray Wheless,155,63,92
Travis,137,"Place 2, Judge, Court Of Criminal Appeals",,REP,Ray Wheless,343,114,229
Travis,138,"Place 2, Judge, Court Of Criminal Appeals",,REP,Ray Wheless,0,0,0
Travis,139,"Place 2, Judge, Court Of Criminal Appeals",,REP,Ray Wheless,45,14,31
Travis,140,"Place 2, Judge, Court Of Criminal Appeals",,REP,Ray Wheless,35,13,22
Travis,141,"Place 2, Judge, Court Of Criminal Appeals",,REP,Ray Wheless,10,3,7
Travis,142,"Place 2, Judge, Court Of Criminal Appeals",,REP,Ray Wheless,5,3,2
Travis,145,"Place 2, Judge, Court Of Criminal Appeals",,REP,Ray Wheless,72,28,44
Travis,146,"Place 2, Judge, Court Of Criminal Appeals",,REP,Ray Wheless,128,46,82
Travis,148,"Place 2, Judge, Court Of Criminal Appeals",,REP,Ray Wheless,95,42,53
Travis,149,"Place 2, Judge, Court Of Criminal Appeals",,REP,Ray Wheless,17,4,13
Travis,150,"Place 2, Judge, Court Of Criminal Appeals",,REP,Ray Wheless,112,40,72
Travis,151,"Place 2, Judge, Court Of Criminal Appeals",,REP,Ray Wheless,41,11,30
Travis,152,"Place 2, Judge, Court Of Criminal Appeals",,REP,Ray Wheless,20,4,16
Travis,153,"Place 2, Judge, Court Of Criminal Appeals",,REP,Ray Wheless,82,21,61
Travis,154,"Place 2, Judge, Court Of Criminal Appeals",,REP,Ray Wheless,74,21,53
Travis,156,"Place 2, Judge, Court Of Criminal Appeals",,REP,Ray Wheless,69,20,49
Travis,160,"Place 2, Judge, Court Of Criminal Appeals",,REP,Ray Wheless,50,21,29
Travis,161,"Place 2, Judge, Court Of Criminal Appeals",,REP,Ray Wheless,40,15,25
Travis,163,"Place 2, Judge, Court Of Criminal Appeals",,REP,Ray Wheless,15,7,8
Travis,164,"Place 2, Judge, Court Of Criminal Appeals",,REP,Ray Wheless,18,5,13
Travis,200,"Place 2, Judge, Court Of Criminal Appeals",,REP,Ray Wheless,47,17,30
Travis,202,"Place 2, Judge, Court Of Criminal Appeals",,REP,Ray Wheless,28,11,17
Travis,203,"Place 2, Judge, Court Of Criminal Appeals",,REP,Ray Wheless,25,6,19
Travis,205,"Place 2, Judge, Court Of Criminal Appeals",,REP,Ray Wheless,46,21,25
Travis,206,"Place 2, Judge, Court Of Criminal Appeals",,REP,Ray Wheless,18,6,12
Travis,207,"Place 2, Judge, Court Of Criminal Appeals",,REP,Ray Wheless,147,50,97
Travis,208,"Place 2, Judge, Court Of Criminal Appeals",,REP,Ray Wheless,74,36,38
Travis,209,"Place 2, Judge, Court Of Criminal Appeals",,REP,Ray Wheless,19,5,14
Travis,210,"Place 2, Judge, Court Of Criminal Appeals",,REP,Ray Wheless,54,29,25
Travis,211,"Place 2, Judge, Court Of Criminal Appeals",,REP,Ray Wheless,50,15,35
Travis,212,"Place 2, Judge, Court Of Criminal Appeals",,REP,Ray Wheless,173,81,92
Travis,213,"Place 2, Judge, Court Of Criminal Appeals",,REP,Ray Wheless,0,0,0
Travis,214,"Place 2, Judge, Court Of Criminal Appeals",,REP,Ray Wheless,96,41,55
Travis,215,"Place 2, Judge, Court Of Criminal Appeals",,REP,Ray Wheless,61,20,41
Travis,216,"Place 2, Judge, Court Of Criminal Appeals",,REP,Ray Wheless,38,15,23
Travis,217,"Place 2, Judge, Court Of Criminal Appeals",,REP,Ray Wheless,45,16,29
Travis,218,"Place 2, Judge, Court Of Criminal Appeals",,REP,Ray Wheless,74,32,42
Travis,219,"Place 2, Judge, Court Of Criminal Appeals",,REP,Ray Wheless,95,32,63
Travis,220,"Place 2, Judge, Court Of Criminal Appeals",,REP,Ray Wheless,64,25,39
Travis,221,"Place 2, Judge, Court Of Criminal Appeals",,REP,Ray Wheless,42,24,18
Travis,222,"Place 2, Judge, Court Of Criminal Appeals",,REP,Ray Wheless,74,27,47
Travis,223,"Place 2, Judge, Court Of Criminal Appeals",,REP,Ray Wheless,15,8,7
Travis,224,"Place 2, Judge, Court Of Criminal Appeals",,REP,Ray Wheless,2,0,2
Travis,225,"Place 2, Judge, Court Of Criminal Appeals",,REP,Ray Wheless,90,33,57
Travis,226,"Place 2, Judge, Court Of Criminal Appeals",,REP,Ray Wheless,40,13,27
Travis,227,"Place 2, Judge, Court Of Criminal Appeals",,REP,Ray Wheless,15,6,9
Travis,228,"Place 2, Judge, Court Of Criminal Appeals",,REP,Ray Wheless,65,31,34
Travis,229,"Place 2, Judge, Court Of Criminal Appeals",,REP,Ray Wheless,58,19,39
Travis,231,"Place 2, Judge, Court Of Criminal Appeals",,REP,Ray Wheless,128,55,73
Travis,232,"Place 2, Judge, Court Of Criminal Appeals",,REP,Ray Wheless,296,157,139
Travis,233,"Place 2, Judge, Court Of Criminal Appeals",,REP,Ray Wheless,190,80,110
Travis,234,"Place 2, Judge, Court Of Criminal Appeals",,REP,Ray Wheless,139,47,92
Travis,235,"Place 2, Judge, Court Of Criminal Appeals",,REP,Ray Wheless,27,12,15
Travis,236,"Place 2, Judge, Court Of Criminal Appeals",,REP,Ray Wheless,46,19,27
Travis,237,"Place 2, Judge, Court Of Criminal Appeals",,REP,Ray Wheless,71,26,45
Travis,238,"Place 2, Judge, Court Of Criminal Appeals",,REP,Ray Wheless,85,27,58
Travis,239,"Place 2, Judge, Court Of Criminal Appeals",,REP,Ray Wheless,81,29,52
Travis,240,"Place 2, Judge, Court Of Criminal Appeals",,REP,Ray Wheless,41,13,28
Travis,241,"Place 2, Judge, Court Of Criminal Appeals",,REP,Ray Wheless,37,12,25
Travis,242,"Place 2, Judge, Court Of Criminal Appeals",,REP,Ray Wheless,73,31,42
Travis,243,"Place 2, Judge, Court Of Criminal Appeals",,REP,Ray Wheless,60,26,34
Travis,244,"Place 2, Judge, Court Of Criminal Appeals",,REP,Ray Wheless,146,88,58
Travis,245,"Place 2, Judge, Court Of Criminal Appeals",,REP,Ray Wheless,62,20,42
Travis,246,"Place 2, Judge, Court Of Criminal Appeals",,REP,Ray Wheless,70,27,43
Travis,247,"Place 2, Judge, Court Of Criminal Appeals",,REP,Ray Wheless,54,19,35
Travis,248,"Place 2, Judge, Court Of Criminal Appeals",,REP,Ray Wheless,61,19,42
Travis,249,"Place 2, Judge, Court Of Criminal Appeals",,REP,Ray Wheless,104,44,60
Travis,250,"Place 2, Judge, Court Of Criminal Appeals",,REP,Ray Wheless,73,27,46
Travis,251,"Place 2, Judge, Court Of Criminal Appeals",,REP,Ray Wheless,83,19,64
Travis,252,"Place 2, Judge, Court Of Criminal Appeals",,REP,Ray Wheless,49,23,26
Travis,253,"Place 2, Judge, Court Of Criminal Appeals",,REP,Ray Wheless,126,52,74
Travis,254,"Place 2, Judge, Court Of Criminal Appeals",,REP,Ray Wheless,111,46,65
Travis,256,"Place 2, Judge, Court Of Criminal Appeals",,REP,Ray Wheless,91,46,45
Travis,258,"Place 2, Judge, Court Of Criminal Appeals",,REP,Ray Wheless,91,30,61
Travis,259,"Place 2, Judge, Court Of Criminal Appeals",,REP,Ray Wheless,102,44,58
Travis,260,"Place 2, Judge, Court Of Criminal Appeals",,REP,Ray Wheless,24,5,19
Travis,262,"Place 2, Judge, Court Of Criminal Appeals",,REP,Ray Wheless,149,78,71
Travis,263,"Place 2, Judge, Court Of Criminal Appeals",,REP,Ray Wheless,94,25,69
Travis,266,"Place 2, Judge, Court Of Criminal Appeals",,REP,Ray Wheless,22,10,12
Travis,267,"Place 2, Judge, Court Of Criminal Appeals",,REP,Ray Wheless,48,18,30
Travis,268,"Place 2, Judge, Court Of Criminal Appeals",,REP,Ray Wheless,32,10,22
Travis,273,"Place 2, Judge, Court Of Criminal Appeals",,REP,Ray Wheless,66,32,34
Travis,274,"Place 2, Judge, Court Of Criminal Appeals",,REP,Ray Wheless,20,10,10
Travis,275,"Place 2, Judge, Court Of Criminal Appeals",,REP,Ray Wheless,22,5,17
Travis,277,"Place 2, Judge, Court Of Criminal Appeals",,REP,Ray Wheless,92,34,58
Travis,301,"Place 2, Judge, Court Of Criminal Appeals",,REP,Ray Wheless,41,15,26
Travis,302,"Place 2, Judge, Court Of Criminal Appeals",,REP,Ray Wheless,177,100,77
Travis,303,"Place 2, Judge, Court Of Criminal Appeals",,REP,Ray Wheless,175,78,97
Travis,304,"Place 2, Judge, Court Of Criminal Appeals",,REP,Ray Wheless,206,83,123
Travis,305,"Place 2, Judge, Court Of Criminal Appeals",,REP,Ray Wheless,1,1,0
Travis,306,"Place 2, Judge, Court Of Criminal Appeals",,REP,Ray Wheless,215,127,88
Travis,307,"Place 2, Judge, Court Of Criminal Appeals",,REP,Ray Wheless,38,19,19
Travis,308,"Place 2, Judge, Court Of Criminal Appeals",,REP,Ray Wheless,373,156,217
Travis,309,"Place 2, Judge, Court Of Criminal Appeals",,REP,Ray Wheless,73,37,36
Travis,310,"Place 2, Judge, Court Of Criminal Appeals",,REP,Ray Wheless,197,84,113
Travis,311,"Place 2, Judge, Court Of Criminal Appeals",,REP,Ray Wheless,78,33,45
Travis,312,"Place 2, Judge, Court Of Criminal Appeals",,REP,Ray Wheless,124,70,54
Travis,313,"Place 2, Judge, Court Of Criminal Appeals",,REP,Ray Wheless,3,1,2
Travis,314,"Place 2, Judge, Court Of Criminal Appeals",,REP,Ray Wheless,287,145,142
Travis,315,"Place 2, Judge, Court Of Criminal Appeals",,REP,Ray Wheless,212,104,108
Travis,316,"Place 2, Judge, Court Of Criminal Appeals",,REP,Ray Wheless,155,56,99
Travis,317,"Place 2, Judge, Court Of Criminal Appeals",,REP,Ray Wheless,96,43,53
Travis,318,"Place 2, Judge, Court Of Criminal Appeals",,REP,Ray Wheless,35,11,24
Travis,319,"Place 2, Judge, Court Of Criminal Appeals",,REP,Ray Wheless,141,80,61
Travis,320,"Place 2, Judge, Court Of Criminal Appeals",,REP,Ray Wheless,140,88,52
Travis,321,"Place 2, Judge, Court Of Criminal Appeals",,REP,Ray Wheless,30,18,12
Travis,323,"Place 2, Judge, Court Of Criminal Appeals",,REP,Ray Wheless,33,17,16
Travis,324,"Place 2, Judge, Court Of Criminal Appeals",,REP,Ray Wheless,277,149,128
Travis,325,"Place 2, Judge, Court Of Criminal Appeals",,REP,Ray Wheless,4,3,1
Travis,326,"Place 2, Judge, Court Of Criminal Appeals",,REP,Ray Wheless,115,47,68
Travis,327,"Place 2, Judge, Court Of Criminal Appeals",,REP,Ray Wheless,135,58,77
Travis,328,"Place 2, Judge, Court Of Criminal Appeals",,REP,Ray Wheless,135,66,69
Travis,329,"Place 2, Judge, Court Of Criminal Appeals",,REP,Ray Wheless,74,38,36
Travis,330,"Place 2, Judge, Court Of Criminal Appeals",,REP,Ray Wheless,186,89,97
Travis,331,"Place 2, Judge, Court Of Criminal Appeals",,REP,Ray Wheless,114,45,69
Travis,332,"Place 2, Judge, Court Of Criminal Appeals",,REP,Ray Wheless,29,12,17
Travis,333,"Place 2, Judge, Court Of Criminal Appeals",,REP,Ray Wheless,140,43,97
Travis,334,"Place 2, Judge, Court Of Criminal Appeals",,REP,Ray Wheless,185,80,105
Travis,335,"Place 2, Judge, Court Of Criminal Appeals",,REP,Ray Wheless,102,48,54
Travis,336,"Place 2, Judge, Court Of Criminal Appeals",,REP,Ray Wheless,105,29,76
Travis,337,"Place 2, Judge, Court Of Criminal Appeals",,REP,Ray Wheless,168,49,119
Travis,338,"Place 2, Judge, Court Of Criminal Appeals",,REP,Ray Wheless,206,82,124
Travis,339,"Place 2, Judge, Court Of Criminal Appeals",,REP,Ray Wheless,56,34,22
Travis,340,"Place 2, Judge, Court Of Criminal Appeals",,REP,Ray Wheless,42,11,31
Travis,341,"Place 2, Judge, Court Of Criminal Appeals",,REP,Ray Wheless,2,0,2
Travis,342,"Place 2, Judge, Court Of Criminal Appeals",,REP,Ray Wheless,78,34,44
Travis,343,"Place 2, Judge, Court Of Criminal Appeals",,REP,Ray Wheless,55,15,40
Travis,344,"Place 2, Judge, Court Of Criminal Appeals",,REP,Ray Wheless,43,20,23
Travis,345,"Place 2, Judge, Court Of Criminal Appeals",,REP,Ray Wheless,0,0,0
Travis,346,"Place 2, Judge, Court Of Criminal Appeals",,REP,Ray Wheless,306,186,120
Travis,347,"Place 2, Judge, Court Of Criminal Appeals",,REP,Ray Wheless,102,52,50
Travis,349,"Place 2, Judge, Court Of Criminal Appeals",,REP,Ray Wheless,175,79,96
Travis,350,"Place 2, Judge, Court Of Criminal Appeals",,REP,Ray Wheless,95,40,55
Travis,351,"Place 2, Judge, Court Of Criminal Appeals",,REP,Ray Wheless,43,22,21
Travis,352,"Place 2, Judge, Court Of Criminal Appeals",,REP,Ray Wheless,80,47,33
Travis,354,"Place 2, Judge, Court Of Criminal Appeals",,REP,Ray Wheless,146,67,79
Travis,356,"Place 2, Judge, Court Of Criminal Appeals",,REP,Ray Wheless,39,13,26
Travis,357,"Place 2, Judge, Court Of Criminal Appeals",,REP,Ray Wheless,33,11,22
Travis,358,"Place 2, Judge, Court Of Criminal Appeals",,REP,Ray Wheless,101,45,56
Travis,359,"Place 2, Judge, Court Of Criminal Appeals",,REP,Ray Wheless,264,130,134
Travis,360,"Place 2, Judge, Court Of Criminal Appeals",,REP,Ray Wheless,161,80,81
Travis,361,"Place 2, Judge, Court Of Criminal Appeals",,REP,Ray Wheless,72,36,36
Travis,362,"Place 2, Judge, Court Of Criminal Appeals",,REP,Ray Wheless,94,46,48
Travis,363,"Place 2, Judge, Court Of Criminal Appeals",,REP,Ray Wheless,73,38,35
Travis,364,"Place 2, Judge, Court Of Criminal Appeals",,REP,Ray Wheless,124,57,67
Travis,365,"Place 2, Judge, Court Of Criminal Appeals",,REP,Ray Wheless,99,40,59
Travis,366,"Place 2, Judge, Court Of Criminal Appeals",,REP,Ray Wheless,174,77,97
Travis,367,"Place 2, Judge, Court Of Criminal Appeals",,REP,Ray Wheless,245,112,133
Travis,368,"Place 2, Judge, Court Of Criminal Appeals",,REP,Ray Wheless,21,9,12
Travis,369,"Place 2, Judge, Court Of Criminal Appeals",,REP,Ray Wheless,185,49,136
Travis,370,"Place 2, Judge, Court Of Criminal Appeals",,REP,Ray Wheless,99,6,93
Travis,371,"Place 2, Judge, Court Of Criminal Appeals",,REP,Ray Wheless,191,48,143
Travis,372,"Place 2, Judge, Court Of Criminal Appeals",,REP,Ray Wheless,108,23,85
Travis,373,"Place 2, Judge, Court Of Criminal Appeals",,REP,Ray Wheless,381,151,230
Travis,374,"Place 2, Judge, Court Of Criminal Appeals",,REP,Ray Wheless,335,104,231
Travis,375,"Place 2, Judge, Court Of Criminal Appeals",,REP,Ray Wheless,47,14,33
Travis,401,"Place 2, Judge, Court Of Criminal Appeals",,REP,Ray Wheless,48,19,29
Travis,402,"Place 2, Judge, Court Of Criminal Appeals",,REP,Ray Wheless,57,12,45
Travis,403,"Place 2, Judge, Court Of Criminal Appeals",,REP,Ray Wheless,43,13,30
Travis,404,"Place 2, Judge, Court Of Criminal Appeals",,REP,Ray Wheless,33,12,21
Travis,405,"Place 2, Judge, Court Of Criminal Appeals",,REP,Ray Wheless,6,1,5
Travis,406,"Place 2, Judge, Court Of Criminal Appeals",,REP,Ray Wheless,196,115,81
Travis,407,"Place 2, Judge, Court Of Criminal Appeals",,REP,Ray Wheless,26,14,12
Travis,408,"Place 2, Judge, Court Of Criminal Appeals",,REP,Ray Wheless,89,35,54
Travis,409,"Place 2, Judge, Court Of Criminal Appeals",,REP,Ray Wheless,21,9,12
Travis,410,"Place 2, Judge, Court Of Criminal Appeals",,REP,Ray Wheless,40,19,21
Travis,411,"Place 2, Judge, Court Of Criminal Appeals",,REP,Ray Wheless,28,7,21
Travis,412,"Place 2, Judge, Court Of Criminal Appeals",,REP,Ray Wheless,0,0,0
Travis,413,"Place 2, Judge, Court Of Criminal Appeals",,REP,Ray Wheless,14,6,8
Travis,414,"Place 2, Judge, Court Of Criminal Appeals",,REP,Ray Wheless,72,18,54
Travis,415,"Place 2, Judge, Court Of Criminal Appeals",,REP,Ray Wheless,30,6,24
Travis,416,"Place 2, Judge, Court Of Criminal Appeals",,REP,Ray Wheless,3,1,2
Travis,417,"Place 2, Judge, Court Of Criminal Appeals",,REP,Ray Wheless,33,19,14
Travis,418,"Place 2, Judge, Court Of Criminal Appeals",,REP,Ray Wheless,1,0,1
Travis,419,"Place 2, Judge, Court Of Criminal Appeals",,REP,Ray Wheless,20,5,15
Travis,420,"Place 2, Judge, Court Of Criminal Appeals",,REP,Ray Wheless,27,12,15
Travis,421,"Place 2, Judge, Court Of Criminal Appeals",,REP,Ray Wheless,24,6,18
Travis,422,"Place 2, Judge, Court Of Criminal Appeals",,REP,Ray Wheless,18,9,9
Travis,423,"Place 2, Judge, Court Of Criminal Appeals",,REP,Ray Wheless,30,10,20
Travis,424,"Place 2, Judge, Court Of Criminal Appeals",,REP,Ray Wheless,14,6,8
Travis,425,"Place 2, Judge, Court Of Criminal Appeals",,REP,Ray Wheless,13,2,11
Travis,426,"Place 2, Judge, Court Of Criminal Appeals",,REP,Ray Wheless,23,9,14
Travis,427,"Place 2, Judge, Court Of Criminal Appeals",,REP,Ray Wheless,13,5,8
Travis,428,"Place 2, Judge, Court Of Criminal Appeals",,REP,Ray Wheless,33,20,13
Travis,429,"Place 2, Judge, Court Of Criminal Appeals",,REP,Ray Wheless,46,12,34
Travis,430,"Place 2, Judge, Court Of Criminal Appeals",,REP,Ray Wheless,10,6,4
Travis,431,"Place 2, Judge, Court Of Criminal Appeals",,REP,Ray Wheless,46,21,25
Travis,432,"Place 2, Judge, Court Of Criminal Appeals",,REP,Ray Wheless,0,0,0
Travis,433,"Place 2, Judge, Court Of Criminal Appeals",,REP,Ray Wheless,20,9,11
Travis,434,"Place 2, Judge, Court Of Criminal Appeals",,REP,Ray Wheless,0,0,0
Travis,435,"Place 2, Judge, Court Of Criminal Appeals",,REP,Ray Wheless,149,75,74
Travis,436,"Place 2, Judge, Court Of Criminal Appeals",,REP,Ray Wheless,0,0,0
Travis,437,"Place 2, Judge, Court Of Criminal Appeals",,REP,Ray Wheless,14,3,11
Travis,438,"Place 2, Judge, Court Of Criminal Appeals",,REP,Ray Wheless,12,1,11
Travis,439,"Place 2, Judge, Court Of Criminal Appeals",,REP,Ray Wheless,9,2,7
Travis,440,"Place 2, Judge, Court Of Criminal Appeals",,REP,Ray Wheless,16,3,13
Travis,441,"Place 2, Judge, Court Of Criminal Appeals",,REP,Ray Wheless,52,21,31
Travis,442,"Place 2, Judge, Court Of Criminal Appeals",,REP,Ray Wheless,9,1,8
Travis,443,"Place 2, Judge, Court Of Criminal Appeals",,REP,Ray Wheless,44,19,25
Travis,444,"Place 2, Judge, Court Of Criminal Appeals",,REP,Ray Wheless,0,0,0
Travis,446,"Place 2, Judge, Court Of Criminal Appeals",,REP,Ray Wheless,13,3,10
Travis,447,"Place 2, Judge, Court Of Criminal Appeals",,REP,Ray Wheless,52,21,31
Travis,448,"Place 2, Judge, Court Of Criminal Appeals",,REP,Ray Wheless,23,3,20
Travis,450,"Place 2, Judge, Court Of Criminal Appeals",,REP,Ray Wheless,44,14,30
Travis,451,"Place 2, Judge, Court Of Criminal Appeals",,REP,Ray Wheless,42,16,26
Travis,452,"Place 2, Judge, Court Of Criminal Appeals",,REP,Ray Wheless,25,11,14
Travis,454,"Place 2, Judge, Court Of Criminal Appeals",,REP,Ray Wheless,72,41,31
Travis,458,"Place 2, Judge, Court Of Criminal Appeals",,REP,Ray Wheless,90,42,48
Travis,460,"Place 2, Judge, Court Of Criminal Appeals",,REP,Ray Wheless,66,41,25
Travis,461,"Place 2, Judge, Court Of Criminal Appeals",,REP,Ray Wheless,43,18,25
Travis,463,"Place 2, Judge, Court Of Criminal Appeals",,REP,Ray Wheless,39,14,25
Travis,101,"Place 2, Justice, 3rd Court Of Appeals District",,REP,Cindy Olson Bourland,189,58,131
Travis,102,"Place 2, Justice, 3rd Court Of Appeals District",,REP,Cindy Olson Bourland,43,14,29
Travis,103,"Place 2, Justice, 3rd Court Of Appeals District",,REP,Cindy Olson Bourland,119,47,72
Travis,104,"Place 2, Justice, 3rd Court Of Appeals District",,REP,Cindy Olson Bourland,84,33,51
Travis,105,"Place 2, Justice, 3rd Court Of Appeals District",,REP,Cindy Olson Bourland,404,158,246
Travis,106,"Place 2, Justice, 3rd Court Of Appeals District",,REP,Cindy Olson Bourland,377,131,246
Travis,107,"Place 2, Justice, 3rd Court Of Appeals District",,REP,Cindy Olson Bourland,66,6,60
Travis,108,"Place 2, Justice, 3rd Court Of Appeals District",,REP,Cindy Olson Bourland,84,16,68
Travis,109,"Place 2, Justice, 3rd Court Of Appeals District",,REP,Cindy Olson Bourland,145,45,100
Travis,110,"Place 2, Justice, 3rd Court Of Appeals District",,REP,Cindy Olson Bourland,463,182,281
Travis,111,"Place 2, Justice, 3rd Court Of Appeals District",,REP,Cindy Olson Bourland,260,93,167
Travis,112,"Place 2, Justice, 3rd Court Of Appeals District",,REP,Cindy Olson Bourland,47,9,38
Travis,113,"Place 2, Justice, 3rd Court Of Appeals District",,REP,Cindy Olson Bourland,332,125,207
Travis,114,"Place 2, Justice, 3rd Court Of Appeals District",,REP,Cindy Olson Bourland,17,5,12
Travis,115,"Place 2, Justice, 3rd Court Of Appeals District",,REP,Cindy Olson Bourland,0,0,0
Travis,116,"Place 2, Justice, 3rd Court Of Appeals District",,REP,Cindy Olson Bourland,0,0,0
Travis,117,"Place 2, Justice, 3rd Court Of Appeals District",,REP,Cindy Olson Bourland,42,20,22
Travis,118,"Place 2, Justice, 3rd Court Of Appeals District",,REP,Cindy Olson Bourland,14,7,7
Travis,119,"Place 2, Justice, 3rd Court Of Appeals District",,REP,Cindy Olson Bourland,0,0,0
Travis,120,"Place 2, Justice, 3rd Court Of Appeals District",,REP,Cindy Olson Bourland,14,5,9
Travis,121,"Place 2, Justice, 3rd Court Of Appeals District",,REP,Cindy Olson Bourland,13,3,10
Travis,122,"Place 2, Justice, 3rd Court Of Appeals District",,REP,Cindy Olson Bourland,31,14,17
Travis,123,"Place 2, Justice, 3rd Court Of Appeals District",,REP,Cindy Olson Bourland,461,115,346
Travis,124,"Place 2, Justice, 3rd Court Of Appeals District",,REP,Cindy Olson Bourland,59,21,38
Travis,125,"Place 2, Justice, 3rd Court Of Appeals District",,REP,Cindy Olson Bourland,0,0,0
Travis,126,"Place 2, Justice, 3rd Court Of Appeals District",,REP,Cindy Olson Bourland,60,19,41
Travis,127,"Place 2, Justice, 3rd Court Of Appeals District",,REP,Cindy Olson Bourland,0,0,0
Travis,128,"Place 2, Justice, 3rd Court Of Appeals District",,REP,Cindy Olson Bourland,0,0,0
Travis,129,"Place 2, Justice, 3rd Court Of Appeals District",,REP,Cindy Olson Bourland,24,11,13
Travis,130,"Place 2, Justice, 3rd Court Of Appeals District",,REP,Cindy Olson Bourland,54,11,43
Travis,131,"Place 2, Justice, 3rd Court Of Appeals District",,REP,Cindy Olson Bourland,0,0,0
Travis,132,"Place 2, Justice, 3rd Court Of Appeals District",,REP,Cindy Olson Bourland,65,21,44
Travis,133,"Place 2, Justice, 3rd Court Of Appeals District",,REP,Cindy Olson Bourland,70,17,53
Travis,134,"Place 2, Justice, 3rd Court Of Appeals District",,REP,Cindy Olson Bourland,0,0,0
Travis,135,"Place 2, Justice, 3rd Court Of Appeals District",,REP,Cindy Olson Bourland,190,67,123
Travis,136,"Place 2, Justice, 3rd Court Of Appeals District",,REP,Cindy Olson Bourland,374,133,241
Travis,137,"Place 2, Justice, 3rd Court Of Appeals District",,REP,Cindy Olson Bourland,950,305,645
Travis,138,"Place 2, Justice, 3rd Court Of Appeals District",,REP,Cindy Olson Bourland,0,0,0
Travis,139,"Place 2, Justice, 3rd Court Of Appeals District",,REP,Cindy Olson Bourland,135,49,86
Travis,140,"Place 2, Justice, 3rd Court Of Appeals District",,REP,Cindy Olson Bourland,77,32,45
Travis,141,"Place 2, Justice, 3rd Court Of Appeals District",,REP,Cindy Olson Bourland,18,4,14
Travis,142,"Place 2, Justice, 3rd Court Of Appeals District",,REP,Cindy Olson Bourland,12,7,5
Travis,145,"Place 2, Justice, 3rd Court Of Appeals District",,REP,Cindy Olson Bourland,196,63,133
Travis,146,"Place 2, Justice, 3rd Court Of Appeals District",,REP,Cindy Olson Bourland,308,120,188
Travis,148,"Place 2, Justice, 3rd Court Of Appeals District",,REP,Cindy Olson Bourland,242,95,147
Travis,149,"Place 2, Justice, 3rd Court Of Appeals District",,REP,Cindy Olson Bourland,29,7,22
Travis,150,"Place 2, Justice, 3rd Court Of Appeals District",,REP,Cindy Olson Bourland,311,118,193
Travis,151,"Place 2, Justice, 3rd Court Of Appeals District",,REP,Cindy Olson Bourland,79,24,55
Travis,152,"Place 2, Justice, 3rd Court Of Appeals District",,REP,Cindy Olson Bourland,58,19,39
Travis,153,"Place 2, Justice, 3rd Court Of Appeals District",,REP,Cindy Olson Bourland,252,76,176
Travis,154,"Place 2, Justice, 3rd Court Of Appeals District",,REP,Cindy Olson Bourland,173,46,127
Travis,156,"Place 2, Justice, 3rd Court Of Appeals District",,REP,Cindy Olson Bourland,185,61,124
Travis,160,"Place 2, Justice, 3rd Court Of Appeals District",,REP,Cindy Olson Bourland,145,66,79
Travis,161,"Place 2, Justice, 3rd Court Of Appeals District",,REP,Cindy Olson Bourland,126,38,88
Travis,163,"Place 2, Justice, 3rd Court Of Appeals District",,REP,Cindy Olson Bourland,42,13,29
Travis,164,"Place 2, Justice, 3rd Court Of Appeals District",,REP,Cindy Olson Bourland,58,19,39
Travis,200,"Place 2, Justice, 3rd Court Of Appeals District",,REP,Cindy Olson Bourland,103,30,73
Travis,202,"Place 2, Justice, 3rd Court Of Appeals District",,REP,Cindy Olson Bourland,98,33,65
Travis,203,"Place 2, Justice, 3rd Court Of Appeals District",,REP,Cindy Olson Bourland,49,12,37
Travis,205,"Place 2, Justice, 3rd Court Of Appeals District",,REP,Cindy Olson Bourland,137,31,106
Travis,206,"Place 2, Justice, 3rd Court Of Appeals District",,REP,Cindy Olson Bourland,56,21,35
Travis,207,"Place 2, Justice, 3rd Court Of Appeals District",,REP,Cindy Olson Bourland,378,129,249
Travis,208,"Place 2, Justice, 3rd Court Of Appeals District",,REP,Cindy Olson Bourland,278,125,153
Travis,209,"Place 2, Justice, 3rd Court Of Appeals District",,REP,Cindy Olson Bourland,46,12,34
Travis,210,"Place 2, Justice, 3rd Court Of Appeals District",,REP,Cindy Olson Bourland,145,69,76
Travis,211,"Place 2, Justice, 3rd Court Of Appeals District",,REP,Cindy Olson Bourland,113,32,81
Travis,212,"Place 2, Justice, 3rd Court Of Appeals District",,REP,Cindy Olson Bourland,588,260,328
Travis,213,"Place 2, Justice, 3rd Court Of Appeals District",,REP,Cindy Olson Bourland,0,0,0
Travis,214,"Place 2, Justice, 3rd Court Of Appeals District",,REP,Cindy Olson Bourland,322,105,217
Travis,215,"Place 2, Justice, 3rd Court Of Appeals District",,REP,Cindy Olson Bourland,152,49,103
Travis,216,"Place 2, Justice, 3rd Court Of Appeals District",,REP,Cindy Olson Bourland,91,32,59
Travis,217,"Place 2, Justice, 3rd Court Of Appeals District",,REP,Cindy Olson Bourland,130,43,87
Travis,218,"Place 2, Justice, 3rd Court Of Appeals District",,REP,Cindy Olson Bourland,256,106,150
Travis,219,"Place 2, Justice, 3rd Court Of Appeals District",,REP,Cindy Olson Bourland,244,86,158
Travis,220,"Place 2, Justice, 3rd Court Of Appeals District",,REP,Cindy Olson Bourland,216,83,133
Travis,221,"Place 2, Justice, 3rd Court Of Appeals District",,REP,Cindy Olson Bourland,125,44,81
Travis,222,"Place 2, Justice, 3rd Court Of Appeals District",,REP,Cindy Olson Bourland,176,59,117
Travis,223,"Place 2, Justice, 3rd Court Of Appeals District",,REP,Cindy Olson Bourland,31,17,14
Travis,224,"Place 2, Justice, 3rd Court Of Appeals District",,REP,Cindy Olson Bourland,7,1,6
Travis,225,"Place 2, Justice, 3rd Court Of Appeals District",,REP,Cindy Olson Bourland,262,86,176
Travis,226,"Place 2, Justice, 3rd Court Of Appeals District",,REP,Cindy Olson Bourland,112,37,75
Travis,227,"Place 2, Justice, 3rd Court Of Appeals District",,REP,Cindy Olson Bourland,34,12,22
Travis,228,"Place 2, Justice, 3rd Court Of Appeals District",,REP,Cindy Olson Bourland,185,79,106
Travis,229,"Place 2, Justice, 3rd Court Of Appeals District",,REP,Cindy Olson Bourland,158,45,113
Travis,231,"Place 2, Justice, 3rd Court Of Appeals District",,REP,Cindy Olson Bourland,348,130,218
Travis,232,"Place 2, Justice, 3rd Court Of Appeals District",,REP,Cindy Olson Bourland,951,461,490
Travis,233,"Place 2, Justice, 3rd Court Of Appeals District",,REP,Cindy Olson Bourland,481,178,303
Travis,234,"Place 2, Justice, 3rd Court Of Appeals District",,REP,Cindy Olson Bourland,365,139,226
Travis,235,"Place 2, Justice, 3rd Court Of Appeals District",,REP,Cindy Olson Bourland,85,31,54
Travis,236,"Place 2, Justice, 3rd Court Of Appeals District",,REP,Cindy Olson Bourland,144,47,97
Travis,237,"Place 2, Justice, 3rd Court Of Appeals District",,REP,Cindy Olson Bourland,260,90,170
Travis,238,"Place 2, Justice, 3rd Court Of Appeals District",,REP,Cindy Olson Bourland,250,77,173
Travis,239,"Place 2, Justice, 3rd Court Of Appeals District",,REP,Cindy Olson Bourland,184,66,118
Travis,240,"Place 2, Justice, 3rd Court Of Appeals District",,REP,Cindy Olson Bourland,93,29,64
Travis,241,"Place 2, Justice, 3rd Court Of Appeals District",,REP,Cindy Olson Bourland,86,27,59
Travis,242,"Place 2, Justice, 3rd Court Of Appeals District",,REP,Cindy Olson Bourland,218,86,132
Travis,243,"Place 2, Justice, 3rd Court Of Appeals District",,REP,Cindy Olson Bourland,134,61,73
Travis,244,"Place 2, Justice, 3rd Court Of Appeals District",,REP,Cindy Olson Bourland,489,238,251
Travis,245,"Place 2, Justice, 3rd Court Of Appeals District",,REP,Cindy Olson Bourland,181,52,129
Travis,246,"Place 2, Justice, 3rd Court Of Appeals District",,REP,Cindy Olson Bourland,210,71,139
Travis,247,"Place 2, Justice, 3rd Court Of Appeals District",,REP,Cindy Olson Bourland,129,39,90
Travis,248,"Place 2, Justice, 3rd Court Of Appeals District",,REP,Cindy Olson Bourland,144,53,91
Travis,249,"Place 2, Justice, 3rd Court Of Appeals District",,REP,Cindy Olson Bourland,265,96,169
Travis,250,"Place 2, Justice, 3rd Court Of Appeals District",,REP,Cindy Olson Bourland,241,83,158
Travis,251,"Place 2, Justice, 3rd Court Of Appeals District",,REP,Cindy Olson Bourland,248,83,165
Travis,252,"Place 2, Justice, 3rd Court Of Appeals District",,REP,Cindy Olson Bourland,155,64,91
Travis,253,"Place 2, Justice, 3rd Court Of Appeals District",,REP,Cindy Olson Bourland,400,177,223
Travis,254,"Place 2, Justice, 3rd Court Of Appeals District",,REP,Cindy Olson Bourland,270,99,171
Travis,256,"Place 2, Justice, 3rd Court Of Appeals District",,REP,Cindy Olson Bourland,285,137,148
Travis,258,"Place 2, Justice, 3rd Court Of Appeals District",,REP,Cindy Olson Bourland,239,81,158
Travis,259,"Place 2, Justice, 3rd Court Of Appeals District",,REP,Cindy Olson Bourland,268,113,155
Travis,260,"Place 2, Justice, 3rd Court Of Appeals District",,REP,Cindy Olson Bourland,52,18,34
Travis,262,"Place 2, Justice, 3rd Court Of Appeals District",,REP,Cindy Olson Bourland,399,190,209
Travis,263,"Place 2, Justice, 3rd Court Of Appeals District",,REP,Cindy Olson Bourland,214,50,164
Travis,266,"Place 2, Justice, 3rd Court Of Appeals District",,REP,Cindy Olson Bourland,79,38,41
Travis,267,"Place 2, Justice, 3rd Court Of Appeals District",,REP,Cindy Olson Bourland,132,55,77
Travis,268,"Place 2, Justice, 3rd Court Of Appeals District",,REP,Cindy Olson Bourland,64,15,49
Travis,273,"Place 2, Justice, 3rd Court Of Appeals District",,REP,Cindy Olson Bourland,174,69,105
Travis,274,"Place 2, Justice, 3rd Court Of Appeals District",,REP,Cindy Olson Bourland,80,38,42
Travis,275,"Place 2, Justice, 3rd Court Of Appeals District",,REP,Cindy Olson Bourland,82,23,59
Travis,277,"Place 2, Justice, 3rd Court Of Appeals District",,REP,Cindy Olson Bourland,327,131,196
Travis,301,"Place 2, Justice, 3rd Court Of Appeals District",,REP,Cindy Olson Bourland,101,36,65
Travis,302,"Place 2, Justice, 3rd Court Of Appeals District",,REP,Cindy Olson Bourland,449,237,212
Travis,303,"Place 2, Justice, 3rd Court Of Appeals District",,REP,Cindy Olson Bourland,439,175,264
Travis,304,"Place 2, Justice, 3rd Court Of Appeals District",,REP,Cindy Olson Bourland,605,223,382
Travis,305,"Place 2, Justice, 3rd Court Of Appeals District",,REP,Cindy Olson Bourland,1,1,0
Travis,306,"Place 2, Justice, 3rd Court Of Appeals District",,REP,Cindy Olson Bourland,580,330,250
Travis,307,"Place 2, Justice, 3rd Court Of Appeals District",,REP,Cindy Olson Bourland,139,53,86
Travis,308,"Place 2, Justice, 3rd Court Of Appeals District",,REP,Cindy Olson Bourland,1044,427,617
Travis,309,"Place 2, Justice, 3rd Court Of Appeals District",,REP,Cindy Olson Bourland,232,121,111
Travis,310,"Place 2, Justice, 3rd Court Of Appeals District",,REP,Cindy Olson Bourland,504,214,290
Travis,311,"Place 2, Justice, 3rd Court Of Appeals District",,REP,Cindy Olson Bourland,204,90,114
Travis,312,"Place 2, Justice, 3rd Court Of Appeals District",,REP,Cindy Olson Bourland,315,157,158
Travis,313,"Place 2, Justice, 3rd Court Of Appeals District",,REP,Cindy Olson Bourland,7,3,4
Travis,314,"Place 2, Justice, 3rd Court Of Appeals District",,REP,Cindy Olson Bourland,782,387,395
Travis,315,"Place 2, Justice, 3rd Court Of Appeals District",,REP,Cindy Olson Bourland,524,235,289
Travis,316,"Place 2, Justice, 3rd Court Of Appeals District",,REP,Cindy Olson Bourland,466,188,278
Travis,317,"Place 2, Justice, 3rd Court Of Appeals District",,REP,Cindy Olson Bourland,359,133,226
Travis,318,"Place 2, Justice, 3rd Court Of Appeals District",,REP,Cindy Olson Bourland,103,28,75
Travis,319,"Place 2, Justice, 3rd Court Of Appeals District",,REP,Cindy Olson Bourland,418,207,211
Travis,320,"Place 2, Justice, 3rd Court Of Appeals District",,REP,Cindy Olson Bourland,416,235,181
Travis,321,"Place 2, Justice, 3rd Court Of Appeals District",,REP,Cindy Olson Bourland,88,46,42
Travis,323,"Place 2, Justice, 3rd Court Of Appeals District",,REP,Cindy Olson Bourland,101,41,60
Travis,324,"Place 2, Justice, 3rd Court Of Appeals District",,REP,Cindy Olson Bourland,888,424,464
Travis,325,"Place 2, Justice, 3rd Court Of Appeals District",,REP,Cindy Olson Bourland,3,3,0
Travis,326,"Place 2, Justice, 3rd Court Of Appeals District",,REP,Cindy Olson Bourland,302,116,186
Travis,327,"Place 2, Justice, 3rd Court Of Appeals District",,REP,Cindy Olson Bourland,387,157,230
Travis,328,"Place 2, Justice, 3rd Court Of Appeals District",,REP,Cindy Olson Bourland,327,141,186
Travis,329,"Place 2, Justice, 3rd Court Of Appeals District",,REP,Cindy Olson Bourland,252,108,144
Travis,330,"Place 2, Justice, 3rd Court Of Appeals District",,REP,Cindy Olson Bourland,474,204,270
Travis,331,"Place 2, Justice, 3rd Court Of Appeals District",,REP,Cindy Olson Bourland,338,139,199
Travis,332,"Place 2, Justice, 3rd Court Of Appeals District",,REP,Cindy Olson Bourland,105,38,67
Travis,333,"Place 2, Justice, 3rd Court Of Appeals District",,REP,Cindy Olson Bourland,426,101,325
Travis,334,"Place 2, Justice, 3rd Court Of Appeals District",,REP,Cindy Olson Bourland,487,167,320
Travis,335,"Place 2, Justice, 3rd Court Of Appeals District",,REP,Cindy Olson Bourland,271,109,162
Travis,336,"Place 2, Justice, 3rd Court Of Appeals District",,REP,Cindy Olson Bourland,297,105,192
Travis,337,"Place 2, Justice, 3rd Court Of Appeals District",,REP,Cindy Olson Bourland,485,128,357
Travis,338,"Place 2, Justice, 3rd Court Of Appeals District",,REP,Cindy Olson Bourland,625,231,394
Travis,339,"Place 2, Justice, 3rd Court Of Appeals District",,REP,Cindy Olson Bourland,151,84,67
Travis,340,"Place 2, Justice, 3rd Court Of Appeals District",,REP,Cindy Olson Bourland,126,43,83
Travis,341,"Place 2, Justice, 3rd Court Of Appeals District",,REP,Cindy Olson Bourland,9,3,6
Travis,342,"Place 2, Justice, 3rd Court Of Appeals District",,REP,Cindy Olson Bourland,251,111,140
Travis,343,"Place 2, Justice, 3rd Court Of Appeals District",,REP,Cindy Olson Bourland,178,51,127
Travis,344,"Place 2, Justice, 3rd Court Of Appeals District",,REP,Cindy Olson Bourland,128,47,81
Travis,345,"Place 2, Justice, 3rd Court Of Appeals District",,REP,Cindy Olson Bourland,0,0,0
Travis,346,"Place 2, Justice, 3rd Court Of Appeals District",,REP,Cindy Olson Bourland,856,489,367
Travis,347,"Place 2, Justice, 3rd Court Of Appeals District",,REP,Cindy Olson Bourland,342,170,172
Travis,349,"Place 2, Justice, 3rd Court Of Appeals District",,REP,Cindy Olson Bourland,453,196,257
Travis,350,"Place 2, Justice, 3rd Court Of Appeals District",,REP,Cindy Olson Bourland,286,121,165
Travis,351,"Place 2, Justice, 3rd Court Of Appeals District",,REP,Cindy Olson Bourland,120,62,58
Travis,352,"Place 2, Justice, 3rd Court Of Appeals District",,REP,Cindy Olson Bourland,184,98,86
Travis,354,"Place 2, Justice, 3rd Court Of Appeals District",,REP,Cindy Olson Bourland,480,243,237
Travis,356,"Place 2, Justice, 3rd Court Of Appeals District",,REP,Cindy Olson Bourland,105,41,64
Travis,357,"Place 2, Justice, 3rd Court Of Appeals District",,REP,Cindy Olson Bourland,95,34,61
Travis,358,"Place 2, Justice, 3rd Court Of Appeals District",,REP,Cindy Olson Bourland,270,112,158
Travis,359,"Place 2, Justice, 3rd Court Of Appeals District",,REP,Cindy Olson Bourland,699,321,378
Travis,360,"Place 2, Justice, 3rd Court Of Appeals District",,REP,Cindy Olson Bourland,424,186,238
Travis,361,"Place 2, Justice, 3rd Court Of Appeals District",,REP,Cindy Olson Bourland,180,80,100
Travis,362,"Place 2, Justice, 3rd Court Of Appeals District",,REP,Cindy Olson Bourland,295,132,163
Travis,363,"Place 2, Justice, 3rd Court Of Appeals District",,REP,Cindy Olson Bourland,209,98,111
Travis,364,"Place 2, Justice, 3rd Court Of Appeals District",,REP,Cindy Olson Bourland,403,199,204
Travis,365,"Place 2, Justice, 3rd Court Of Appeals District",,REP,Cindy Olson Bourland,232,102,130
Travis,366,"Place 2, Justice, 3rd Court Of Appeals District",,REP,Cindy Olson Bourland,537,227,310
Travis,367,"Place 2, Justice, 3rd Court Of Appeals District",,REP,Cindy Olson Bourland,762,326,436
Travis,368,"Place 2, Justice, 3rd Court Of Appeals District",,REP,Cindy Olson Bourland,60,37,23
Travis,369,"Place 2, Justice, 3rd Court Of Appeals District",,REP,Cindy Olson Bourland,478,119,359
Travis,370,"Place 2, Justice, 3rd Court Of Appeals District",,REP,Cindy Olson Bourland,229,16,213
Travis,371,"Place 2, Justice, 3rd Court Of Appeals District",,REP,Cindy Olson Bourland,437,113,324
Travis,372,"Place 2, Justice, 3rd Court Of Appeals District",,REP,Cindy Olson Bourland,248,40,208
Travis,373,"Place 2, Justice, 3rd Court Of Appeals District",,REP,Cindy Olson Bourland,947,331,616
Travis,374,"Place 2, Justice, 3rd Court Of Appeals District",,REP,Cindy Olson Bourland,854,255,599
Travis,375,"Place 2, Justice, 3rd Court Of Appeals District",,REP,Cindy Olson Bourland,125,36,89
Travis,401,"Place 2, Justice, 3rd Court Of Appeals District",,REP,Cindy Olson Bourland,148,56,92
Travis,402,"Place 2, Justice, 3rd Court Of Appeals District",,REP,Cindy Olson Bourland,152,42,110
Travis,403,"Place 2, Justice, 3rd Court Of Appeals District",,REP,Cindy Olson Bourland,118,29,89
Travis,404,"Place 2, Justice, 3rd Court Of Appeals District",,REP,Cindy Olson Bourland,116,32,84
Travis,405,"Place 2, Justice, 3rd Court Of Appeals District",,REP,Cindy Olson Bourland,28,8,20
Travis,406,"Place 2, Justice, 3rd Court Of Appeals District",,REP,Cindy Olson Bourland,515,285,230
Travis,407,"Place 2, Justice, 3rd Court Of Appeals District",,REP,Cindy Olson Bourland,62,29,33
Travis,408,"Place 2, Justice, 3rd Court Of Appeals District",,REP,Cindy Olson Bourland,236,99,137
Travis,409,"Place 2, Justice, 3rd Court Of Appeals District",,REP,Cindy Olson Bourland,49,17,32
Travis,410,"Place 2, Justice, 3rd Court Of Appeals District",,REP,Cindy Olson Bourland,129,49,80
Travis,411,"Place 2, Justice, 3rd Court Of Appeals District",,REP,Cindy Olson Bourland,103,39,64
Travis,412,"Place 2, Justice, 3rd Court Of Appeals District",,REP,Cindy Olson Bourland,2,1,1
Travis,413,"Place 2, Justice, 3rd Court Of Appeals District",,REP,Cindy Olson Bourland,39,14,25
Travis,414,"Place 2, Justice, 3rd Court Of Appeals District",,REP,Cindy Olson Bourland,214,66,148
Travis,415,"Place 2, Justice, 3rd Court Of Appeals District",,REP,Cindy Olson Bourland,81,21,60
Travis,416,"Place 2, Justice, 3rd Court Of Appeals District",,REP,Cindy Olson Bourland,8,2,6
Travis,417,"Place 2, Justice, 3rd Court Of Appeals District",,REP,Cindy Olson Bourland,101,46,55
Travis,418,"Place 2, Justice, 3rd Court Of Appeals District",,REP,Cindy Olson Bourland,2,1,1
Travis,419,"Place 2, Justice, 3rd Court Of Appeals District",,REP,Cindy Olson Bourland,39,12,27
Travis,420,"Place 2, Justice, 3rd Court Of Appeals District",,REP,Cindy Olson Bourland,74,36,38
Travis,421,"Place 2, Justice, 3rd Court Of Appeals District",,REP,Cindy Olson Bourland,93,28,65
Travis,422,"Place 2, Justice, 3rd Court Of Appeals District",,REP,Cindy Olson Bourland,56,22,34
Travis,423,"Place 2, Justice, 3rd Court Of Appeals District",,REP,Cindy Olson Bourland,65,23,42
Travis,424,"Place 2, Justice, 3rd Court Of Appeals District",,REP,Cindy Olson Bourland,66,24,42
Travis,425,"Place 2, Justice, 3rd Court Of Appeals District",,REP,Cindy Olson Bourland,37,14,23
Travis,426,"Place 2, Justice, 3rd Court Of Appeals District",,REP,Cindy Olson Bourland,49,17,32
Travis,427,"Place 2, Justice, 3rd Court Of Appeals District",,REP,Cindy Olson Bourland,34,11,23
Travis,428,"Place 2, Justice, 3rd Court Of Appeals District",,REP,Cindy Olson Bourland,105,45,60
Travis,429,"Place 2, Justice, 3rd Court Of Appeals District",,REP,Cindy Olson Bourland,160,59,101
Travis,430,"Place 2, Justice, 3rd Court Of Appeals District",,REP,Cindy Olson Bourland,33,12,21
Travis,431,"Place 2, Justice, 3rd Court Of Appeals District",,REP,Cindy Olson Bourland,125,57,68
Travis,432,"Place 2, Justice, 3rd Court Of Appeals District",,REP,Cindy Olson Bourland,0,0,0
Travis,433,"Place 2, Justice, 3rd Court Of Appeals District",,REP,Cindy Olson Bourland,71,31,40
Travis,434,"Place 2, Justice, 3rd Court Of Appeals District",,REP,Cindy Olson Bourland,0,0,0
Travis,435,"Place 2, Justice, 3rd Court Of Appeals District",,REP,Cindy Olson Bourland,393,171,222
Travis,436,"Place 2, Justice, 3rd Court Of Appeals District",,REP,Cindy Olson Bourland,0,0,0
Travis,437,"Place 2, Justice, 3rd Court Of Appeals District",,REP,Cindy Olson Bourland,52,15,37
Travis,438,"Place 2, Justice, 3rd Court Of Appeals District",,REP,Cindy Olson Bourland,35,9,26
Travis,439,"Place 2, Justice, 3rd Court Of Appeals District",,REP,Cindy Olson Bourland,45,8,37
Travis,440,"Place 2, Justice, 3rd Court Of Appeals District",,REP,Cindy Olson Bourland,38,9,29
Travis,441,"Place 2, Justice, 3rd Court Of Appeals District",,REP,Cindy Olson Bourland,142,56,86
Travis,442,"Place 2, Justice, 3rd Court Of Appeals District",,REP,Cindy Olson Bourland,39,11,28
Travis,443,"Place 2, Justice, 3rd Court Of Appeals District",,REP,Cindy Olson Bourland,98,40,58
Travis,444,"Place 2, Justice, 3rd Court Of Appeals District",,REP,Cindy Olson Bourland,0,0,0
Travis,446,"Place 2, Justice, 3rd Court Of Appeals District",,REP,Cindy Olson Bourland,46,10,36
Travis,447,"Place 2, Justice, 3rd Court Of Appeals District",,REP,Cindy Olson Bourland,151,58,93
Travis,448,"Place 2, Justice, 3rd Court Of Appeals District",,REP,Cindy Olson Bourland,102,43,59
Travis,450,"Place 2, Justice, 3rd Court Of Appeals District",,REP,Cindy Olson Bourland,120,44,76
Travis,451,"Place 2, Justice, 3rd Court Of Appeals District",,REP,Cindy Olson Bourland,121,41,80
Travis,452,"Place 2, Justice, 3rd Court Of Appeals District",,REP,Cindy Olson Bourland,52,21,31
Travis,454,"Place 2, Justice, 3rd Court Of Appeals District",,REP,Cindy Olson Bourland,144,83,61
Travis,458,"Place 2, Justice, 3rd Court Of Appeals District",,REP,Cindy Olson Bourland,236,106,130
Travis,460,"Place 2, Justice, 3rd Court Of Appeals District",,REP,Cindy Olson Bourland,133,72,61
Travis,461,"Place 2, Justice, 3rd Court Of Appeals District",,REP,Cindy Olson Bourland,119,49,70
Travis,463,"Place 2, Justice, 3rd Court Of Appeals District",,REP,Cindy Olson Bourland,141,48,93
Travis,101,"Place 3, Justice, Supreme Court",,REP,Debra Lehrmann,128,48,80
Travis,102,"Place 3, Justice, Supreme Court",,REP,Debra Lehrmann,31,6,25
Travis,103,"Place 3, Justice, Supreme Court",,REP,Debra Lehrmann,78,32,46
Travis,104,"Place 3, Justice, Supreme Court",,REP,Debra Lehrmann,54,24,30
Travis,105,"Place 3, Justice, Supreme Court",,REP,Debra Lehrmann,244,98,146
Travis,106,"Place 3, Justice, Supreme Court",,REP,Debra Lehrmann,227,83,144
Travis,107,"Place 3, Justice, Supreme Court",,REP,Debra Lehrmann,47,4,43
Travis,108,"Place 3, Justice, Supreme Court",,REP,Debra Lehrmann,58,10,48
Travis,109,"Place 3, Justice, Supreme Court",,REP,Debra Lehrmann,102,34,68
Travis,110,"Place 3, Justice, Supreme Court",,REP,Debra Lehrmann,293,109,184
Travis,111,"Place 3, Justice, Supreme Court",,REP,Debra Lehrmann,188,72,116
Travis,112,"Place 3, Justice, Supreme Court",,REP,Debra Lehrmann,33,10,23
Travis,113,"Place 3, Justice, Supreme Court",,REP,Debra Lehrmann,221,83,138
Travis,114,"Place 3, Justice, Supreme Court",,REP,Debra Lehrmann,10,1,9
Travis,115,"Place 3, Justice, Supreme Court",,REP,Debra Lehrmann,0,0,0
Travis,116,"Place 3, Justice, Supreme Court",,REP,Debra Lehrmann,0,0,0
Travis,117,"Place 3, Justice, Supreme Court",,REP,Debra Lehrmann,30,16,14
Travis,118,"Place 3, Justice, Supreme Court",,REP,Debra Lehrmann,9,5,4
Travis,119,"Place 3, Justice, Supreme Court",,REP,Debra Lehrmann,0,0,0
Travis,120,"Place 3, Justice, Supreme Court",,REP,Debra Lehrmann,6,4,2
Travis,121,"Place 3, Justice, Supreme Court",,REP,Debra Lehrmann,8,1,7
Travis,122,"Place 3, Justice, Supreme Court",,REP,Debra Lehrmann,18,7,11
Travis,123,"Place 3, Justice, Supreme Court",,REP,Debra Lehrmann,277,75,202
Travis,124,"Place 3, Justice, Supreme Court",,REP,Debra Lehrmann,52,22,30
Travis,125,"Place 3, Justice, Supreme Court",,REP,Debra Lehrmann,0,0,0
Travis,126,"Place 3, Justice, Supreme Court",,REP,Debra Lehrmann,59,20,39
Travis,127,"Place 3, Justice, Supreme Court",,REP,Debra Lehrmann,0,0,0
Travis,128,"Place 3, Justice, Supreme Court",,REP,Debra Lehrmann,0,0,0
Travis,129,"Place 3, Justice, Supreme Court",,REP,Debra Lehrmann,17,7,10
Travis,130,"Place 3, Justice, Supreme Court",,REP,Debra Lehrmann,37,10,27
Travis,131,"Place 3, Justice, Supreme Court",,REP,Debra Lehrmann,0,0,0
Travis,132,"Place 3, Justice, Supreme Court",,REP,Debra Lehrmann,54,16,38
Travis,133,"Place 3, Justice, Supreme Court",,REP,Debra Lehrmann,55,14,41
Travis,134,"Place 3, Justice, Supreme Court",,REP,Debra Lehrmann,0,0,0
Travis,135,"Place 3, Justice, Supreme Court",,REP,Debra Lehrmann,154,63,91
Travis,136,"Place 3, Justice, Supreme Court",,REP,Debra Lehrmann,259,96,163
Travis,137,"Place 3, Justice, Supreme Court",,REP,Debra Lehrmann,640,211,429
Travis,138,"Place 3, Justice, Supreme Court",,REP,Debra Lehrmann,0,0,0
Travis,139,"Place 3, Justice, Supreme Court",,REP,Debra Lehrmann,95,33,62
Travis,140,"Place 3, Justice, Supreme Court",,REP,Debra Lehrmann,52,22,30
Travis,141,"Place 3, Justice, Supreme Court",,REP,Debra Lehrmann,13,3,10
Travis,142,"Place 3, Justice, Supreme Court",,REP,Debra Lehrmann,15,8,7
Travis,145,"Place 3, Justice, Supreme Court",,REP,Debra Lehrmann,151,45,106
Travis,146,"Place 3, Justice, Supreme Court",,REP,Debra Lehrmann,198,79,119
Travis,148,"Place 3, Justice, Supreme Court",,REP,Debra Lehrmann,177,72,105
Travis,149,"Place 3, Justice, Supreme Court",,REP,Debra Lehrmann,30,7,23
Travis,150,"Place 3, Justice, Supreme Court",,REP,Debra Lehrmann,213,73,140
Travis,151,"Place 3, Justice, Supreme Court",,REP,Debra Lehrmann,56,20,36
Travis,152,"Place 3, Justice, Supreme Court",,REP,Debra Lehrmann,55,22,33
Travis,153,"Place 3, Justice, Supreme Court",,REP,Debra Lehrmann,174,48,126
Travis,154,"Place 3, Justice, Supreme Court",,REP,Debra Lehrmann,114,29,85
Travis,156,"Place 3, Justice, Supreme Court",,REP,Debra Lehrmann,119,41,78
Travis,160,"Place 3, Justice, Supreme Court",,REP,Debra Lehrmann,107,48,59
Travis,161,"Place 3, Justice, Supreme Court",,REP,Debra Lehrmann,100,30,70
Travis,163,"Place 3, Justice, Supreme Court",,REP,Debra Lehrmann,26,11,15
Travis,164,"Place 3, Justice, Supreme Court",,REP,Debra Lehrmann,37,13,24
Travis,200,"Place 3, Justice, Supreme Court",,REP,Debra Lehrmann,81,25,56
Travis,202,"Place 3, Justice, Supreme Court",,REP,Debra Lehrmann,73,24,49
Travis,203,"Place 3, Justice, Supreme Court",,REP,Debra Lehrmann,32,11,21
Travis,205,"Place 3, Justice, Supreme Court",,REP,Debra Lehrmann,99,27,72
Travis,206,"Place 3, Justice, Supreme Court",,REP,Debra Lehrmann,34,9,25
Travis,207,"Place 3, Justice, Supreme Court",,REP,Debra Lehrmann,260,100,160
Travis,208,"Place 3, Justice, Supreme Court",,REP,Debra Lehrmann,174,73,101
Travis,209,"Place 3, Justice, Supreme Court",,REP,Debra Lehrmann,30,7,23
Travis,210,"Place 3, Justice, Supreme Court",,REP,Debra Lehrmann,142,69,73
Travis,211,"Place 3, Justice, Supreme Court",,REP,Debra Lehrmann,78,26,52
Travis,212,"Place 3, Justice, Supreme Court",,REP,Debra Lehrmann,408,192,216
Travis,213,"Place 3, Justice, Supreme Court",,REP,Debra Lehrmann,0,0,0
Travis,214,"Place 3, Justice, Supreme Court",,REP,Debra Lehrmann,238,86,152
Travis,215,"Place 3, Justice, Supreme Court",,REP,Debra Lehrmann,109,36,73
Travis,216,"Place 3, Justice, Supreme Court",,REP,Debra Lehrmann,67,30,37
Travis,217,"Place 3, Justice, Supreme Court",,REP,Debra Lehrmann,86,23,63
Travis,218,"Place 3, Justice, Supreme Court",,REP,Debra Lehrmann,174,72,102
Travis,219,"Place 3, Justice, Supreme Court",,REP,Debra Lehrmann,174,66,108
Travis,220,"Place 3, Justice, Supreme Court",,REP,Debra Lehrmann,165,74,91
Travis,221,"Place 3, Justice, Supreme Court",,REP,Debra Lehrmann,85,24,61
Travis,222,"Place 3, Justice, Supreme Court",,REP,Debra Lehrmann,121,42,79
Travis,223,"Place 3, Justice, Supreme Court",,REP,Debra Lehrmann,20,9,11
Travis,224,"Place 3, Justice, Supreme Court",,REP,Debra Lehrmann,3,2,1
Travis,225,"Place 3, Justice, Supreme Court",,REP,Debra Lehrmann,193,60,133
Travis,226,"Place 3, Justice, Supreme Court",,REP,Debra Lehrmann,71,25,46
Travis,227,"Place 3, Justice, Supreme Court",,REP,Debra Lehrmann,20,10,10
Travis,228,"Place 3, Justice, Supreme Court",,REP,Debra Lehrmann,132,56,76
Travis,229,"Place 3, Justice, Supreme Court",,REP,Debra Lehrmann,122,36,86
Travis,231,"Place 3, Justice, Supreme Court",,REP,Debra Lehrmann,261,113,148
Travis,232,"Place 3, Justice, Supreme Court",,REP,Debra Lehrmann,539,264,275
Travis,233,"Place 3, Justice, Supreme Court",,REP,Debra Lehrmann,316,111,205
Travis,234,"Place 3, Justice, Supreme Court",,REP,Debra Lehrmann,250,98,152
Travis,235,"Place 3, Justice, Supreme Court",,REP,Debra Lehrmann,71,27,44
Travis,236,"Place 3, Justice, Supreme Court",,REP,Debra Lehrmann,121,41,80
Travis,237,"Place 3, Justice, Supreme Court",,REP,Debra Lehrmann,185,58,127
Travis,238,"Place 3, Justice, Supreme Court",,REP,Debra Lehrmann,201,75,126
Travis,239,"Place 3, Justice, Supreme Court",,REP,Debra Lehrmann,131,47,84
Travis,240,"Place 3, Justice, Supreme Court",,REP,Debra Lehrmann,81,25,56
Travis,241,"Place 3, Justice, Supreme Court",,REP,Debra Lehrmann,68,24,44
Travis,242,"Place 3, Justice, Supreme Court",,REP,Debra Lehrmann,140,50,90
Travis,243,"Place 3, Justice, Supreme Court",,REP,Debra Lehrmann,121,54,67
Travis,244,"Place 3, Justice, Supreme Court",,REP,Debra Lehrmann,318,167,151
Travis,245,"Place 3, Justice, Supreme Court",,REP,Debra Lehrmann,120,34,86
Travis,246,"Place 3, Justice, Supreme Court",,REP,Debra Lehrmann,146,57,89
Travis,247,"Place 3, Justice, Supreme Court",,REP,Debra Lehrmann,95,33,62
Travis,248,"Place 3, Justice, Supreme Court",,REP,Debra Lehrmann,102,41,61
Travis,249,"Place 3, Justice, Supreme Court",,REP,Debra Lehrmann,192,73,119
Travis,250,"Place 3, Justice, Supreme Court",,REP,Debra Lehrmann,209,74,135
Travis,251,"Place 3, Justice, Supreme Court",,REP,Debra Lehrmann,204,68,136
Travis,252,"Place 3, Justice, Supreme Court",,REP,Debra Lehrmann,112,44,68
Travis,253,"Place 3, Justice, Supreme Court",,REP,Debra Lehrmann,301,145,156
Travis,254,"Place 3, Justice, Supreme Court",,REP,Debra Lehrmann,207,80,127
Travis,256,"Place 3, Justice, Supreme Court",,REP,Debra Lehrmann,226,112,114
Travis,258,"Place 3, Justice, Supreme Court",,REP,Debra Lehrmann,163,65,98
Travis,259,"Place 3, Justice, Supreme Court",,REP,Debra Lehrmann,193,79,114
Travis,260,"Place 3, Justice, Supreme Court",,REP,Debra Lehrmann,33,14,19
Travis,262,"Place 3, Justice, Supreme Court",,REP,Debra Lehrmann,313,159,154
Travis,263,"Place 3, Justice, Supreme Court",,REP,Debra Lehrmann,173,48,125
Travis,266,"Place 3, Justice, Supreme Court",,REP,Debra Lehrmann,55,29,26
Travis,267,"Place 3, Justice, Supreme Court",,REP,Debra Lehrmann,91,46,45
Travis,268,"Place 3, Justice, Supreme Court",,REP,Debra Lehrmann,44,14,30
Travis,273,"Place 3, Justice, Supreme Court",,REP,Debra Lehrmann,130,58,72
Travis,274,"Place 3, Justice, Supreme Court",,REP,Debra Lehrmann,49,23,26
Travis,275,"Place 3, Justice, Supreme Court",,REP,Debra Lehrmann,68,22,46
Travis,277,"Place 3, Justice, Supreme Court",,REP,Debra Lehrmann,228,88,140
Travis,301,"Place 3, Justice, Supreme Court",,REP,Debra Lehrmann,82,25,57
Travis,302,"Place 3, Justice, Supreme Court",,REP,Debra Lehrmann,314,168,146
Travis,303,"Place 3, Justice, Supreme Court",,REP,Debra Lehrmann,302,120,182
Travis,304,"Place 3, Justice, Supreme Court",,REP,Debra Lehrmann,425,163,262
Travis,305,"Place 3, Justice, Supreme Court",,REP,Debra Lehrmann,2,2,0
Travis,306,"Place 3, Justice, Supreme Court",,REP,Debra Lehrmann,378,226,152
Travis,307,"Place 3, Justice, Supreme Court",,REP,Debra Lehrmann,122,43,79
Travis,308,"Place 3, Justice, Supreme Court",,REP,Debra Lehrmann,681,283,398
Travis,309,"Place 3, Justice, Supreme Court",,REP,Debra Lehrmann,166,89,77
Travis,310,"Place 3, Justice, Supreme Court",,REP,Debra Lehrmann,335,140,195
Travis,311,"Place 3, Justice, Supreme Court",,REP,Debra Lehrmann,134,60,74
Travis,312,"Place 3, Justice, Supreme Court",,REP,Debra Lehrmann,209,94,115
Travis,313,"Place 3, Justice, Supreme Court",,REP,Debra Lehrmann,4,2,2
Travis,314,"Place 3, Justice, Supreme Court",,REP,Debra Lehrmann,582,295,287
Travis,315,"Place 3, Justice, Supreme Court",,REP,Debra Lehrmann,384,181,203
Travis,316,"Place 3, Justice, Supreme Court",,REP,Debra Lehrmann,283,117,166
Travis,317,"Place 3, Justice, Supreme Court",,REP,Debra Lehrmann,253,104,149
Travis,318,"Place 3, Justice, Supreme Court",,REP,Debra Lehrmann,58,15,43
Travis,319,"Place 3, Justice, Supreme Court",,REP,Debra Lehrmann,261,138,123
Travis,320,"Place 3, Justice, Supreme Court",,REP,Debra Lehrmann,270,150,120
Travis,321,"Place 3, Justice, Supreme Court",,REP,Debra Lehrmann,63,31,32
Travis,323,"Place 3, Justice, Supreme Court",,REP,Debra Lehrmann,71,27,44
Travis,324,"Place 3, Justice, Supreme Court",,REP,Debra Lehrmann,540,269,271
Travis,325,"Place 3, Justice, Supreme Court",,REP,Debra Lehrmann,2,2,0
Travis,326,"Place 3, Justice, Supreme Court",,REP,Debra Lehrmann,210,83,127
Travis,327,"Place 3, Justice, Supreme Court",,REP,Debra Lehrmann,298,134,164
Travis,328,"Place 3, Justice, Supreme Court",,REP,Debra Lehrmann,244,111,133
Travis,329,"Place 3, Justice, Supreme Court",,REP,Debra Lehrmann,176,82,94
Travis,330,"Place 3, Justice, Supreme Court",,REP,Debra Lehrmann,350,150,200
Travis,331,"Place 3, Justice, Supreme Court",,REP,Debra Lehrmann,246,106,140
Travis,332,"Place 3, Justice, Supreme Court",,REP,Debra Lehrmann,82,33,49
Travis,333,"Place 3, Justice, Supreme Court",,REP,Debra Lehrmann,282,60,222
Travis,334,"Place 3, Justice, Supreme Court",,REP,Debra Lehrmann,335,115,220
Travis,335,"Place 3, Justice, Supreme Court",,REP,Debra Lehrmann,216,89,127
Travis,336,"Place 3, Justice, Supreme Court",,REP,Debra Lehrmann,212,76,136
Travis,337,"Place 3, Justice, Supreme Court",,REP,Debra Lehrmann,331,110,221
Travis,338,"Place 3, Justice, Supreme Court",,REP,Debra Lehrmann,414,166,248
Travis,339,"Place 3, Justice, Supreme Court",,REP,Debra Lehrmann,129,70,59
Travis,340,"Place 3, Justice, Supreme Court",,REP,Debra Lehrmann,88,35,53
Travis,341,"Place 3, Justice, Supreme Court",,REP,Debra Lehrmann,8,2,6
Travis,342,"Place 3, Justice, Supreme Court",,REP,Debra Lehrmann,201,94,107
Travis,343,"Place 3, Justice, Supreme Court",,REP,Debra Lehrmann,108,36,72
Travis,344,"Place 3, Justice, Supreme Court",,REP,Debra Lehrmann,124,43,81
Travis,345,"Place 3, Justice, Supreme Court",,REP,Debra Lehrmann,0,0,0
Travis,346,"Place 3, Justice, Supreme Court",,REP,Debra Lehrmann,554,326,228
Travis,347,"Place 3, Justice, Supreme Court",,REP,Debra Lehrmann,269,132,137
Travis,349,"Place 3, Justice, Supreme Court",,REP,Debra Lehrmann,317,138,179
Travis,350,"Place 3, Justice, Supreme Court",,REP,Debra Lehrmann,226,104,122
Travis,351,"Place 3, Justice, Supreme Court",,REP,Debra Lehrmann,100,53,47
Travis,352,"Place 3, Justice, Supreme Court",,REP,Debra Lehrmann,158,80,78
Travis,354,"Place 3, Justice, Supreme Court",,REP,Debra Lehrmann,377,192,185
Travis,356,"Place 3, Justice, Supreme Court",,REP,Debra Lehrmann,81,33,48
Travis,357,"Place 3, Justice, Supreme Court",,REP,Debra Lehrmann,69,32,37
Travis,358,"Place 3, Justice, Supreme Court",,REP,Debra Lehrmann,195,82,113
Travis,359,"Place 3, Justice, Supreme Court",,REP,Debra Lehrmann,437,191,246
Travis,360,"Place 3, Justice, Supreme Court",,REP,Debra Lehrmann,307,144,163
Travis,361,"Place 3, Justice, Supreme Court",,REP,Debra Lehrmann,135,60,75
Travis,362,"Place 3, Justice, Supreme Court",,REP,Debra Lehrmann,221,99,122
Travis,363,"Place 3, Justice, Supreme Court",,REP,Debra Lehrmann,171,79,92
Travis,364,"Place 3, Justice, Supreme Court",,REP,Debra Lehrmann,307,162,145
Travis,365,"Place 3, Justice, Supreme Court",,REP,Debra Lehrmann,161,65,96
Travis,366,"Place 3, Justice, Supreme Court",,REP,Debra Lehrmann,392,178,214
Travis,367,"Place 3, Justice, Supreme Court",,REP,Debra Lehrmann,533,226,307
Travis,368,"Place 3, Justice, Supreme Court",,REP,Debra Lehrmann,38,25,13
Travis,369,"Place 3, Justice, Supreme Court",,REP,Debra Lehrmann,313,82,231
Travis,370,"Place 3, Justice, Supreme Court",,REP,Debra Lehrmann,135,12,123
Travis,371,"Place 3, Justice, Supreme Court",,REP,Debra Lehrmann,281,69,212
Travis,372,"Place 3, Justice, Supreme Court",,REP,Debra Lehrmann,153,23,130
Travis,373,"Place 3, Justice, Supreme Court",,REP,Debra Lehrmann,603,216,387
Travis,374,"Place 3, Justice, Supreme Court",,REP,Debra Lehrmann,520,169,351
Travis,375,"Place 3, Justice, Supreme Court",,REP,Debra Lehrmann,79,23,56
Travis,401,"Place 3, Justice, Supreme Court",,REP,Debra Lehrmann,86,36,50
Travis,402,"Place 3, Justice, Supreme Court",,REP,Debra Lehrmann,110,33,77
Travis,403,"Place 3, Justice, Supreme Court",,REP,Debra Lehrmann,77,17,60
Travis,404,"Place 3, Justice, Supreme Court",,REP,Debra Lehrmann,83,21,62
Travis,405,"Place 3, Justice, Supreme Court",,REP,Debra Lehrmann,24,6,18
Travis,406,"Place 3, Justice, Supreme Court",,REP,Debra Lehrmann,326,191,135
Travis,407,"Place 3, Justice, Supreme Court",,REP,Debra Lehrmann,44,21,23
Travis,408,"Place 3, Justice, Supreme Court",,REP,Debra Lehrmann,158,76,82
Travis,409,"Place 3, Justice, Supreme Court",,REP,Debra Lehrmann,35,14,21
Travis,410,"Place 3, Justice, Supreme Court",,REP,Debra Lehrmann,90,37,53
Travis,411,"Place 3, Justice, Supreme Court",,REP,Debra Lehrmann,68,28,40
Travis,412,"Place 3, Justice, Supreme Court",,REP,Debra Lehrmann,0,0,0
Travis,413,"Place 3, Justice, Supreme Court",,REP,Debra Lehrmann,22,6,16
Travis,414,"Place 3, Justice, Supreme Court",,REP,Debra Lehrmann,151,44,107
Travis,415,"Place 3, Justice, Supreme Court",,REP,Debra Lehrmann,60,12,48
Travis,416,"Place 3, Justice, Supreme Court",,REP,Debra Lehrmann,5,0,5
Travis,417,"Place 3, Justice, Supreme Court",,REP,Debra Lehrmann,66,32,34
Travis,418,"Place 3, Justice, Supreme Court",,REP,Debra Lehrmann,2,1,1
Travis,419,"Place 3, Justice, Supreme Court",,REP,Debra Lehrmann,39,11,28
Travis,420,"Place 3, Justice, Supreme Court",,REP,Debra Lehrmann,56,24,32
Travis,421,"Place 3, Justice, Supreme Court",,REP,Debra Lehrmann,81,27,54
Travis,422,"Place 3, Justice, Supreme Court",,REP,Debra Lehrmann,46,25,21
Travis,423,"Place 3, Justice, Supreme Court",,REP,Debra Lehrmann,48,13,35
Travis,424,"Place 3, Justice, Supreme Court",,REP,Debra Lehrmann,46,19,27
Travis,425,"Place 3, Justice, Supreme Court",,REP,Debra Lehrmann,29,11,18
Travis,426,"Place 3, Justice, Supreme Court",,REP,Debra Lehrmann,32,8,24
Travis,427,"Place 3, Justice, Supreme Court",,REP,Debra Lehrmann,31,7,24
Travis,428,"Place 3, Justice, Supreme Court",,REP,Debra Lehrmann,90,39,51
Travis,429,"Place 3, Justice, Supreme Court",,REP,Debra Lehrmann,104,39,65
Travis,430,"Place 3, Justice, Supreme Court",,REP,Debra Lehrmann,17,7,10
Travis,431,"Place 3, Justice, Supreme Court",,REP,Debra Lehrmann,94,37,57
Travis,432,"Place 3, Justice, Supreme Court",,REP,Debra Lehrmann,0,0,0
Travis,433,"Place 3, Justice, Supreme Court",,REP,Debra Lehrmann,56,29,27
Travis,434,"Place 3, Justice, Supreme Court",,REP,Debra Lehrmann,0,0,0
Travis,435,"Place 3, Justice, Supreme Court",,REP,Debra Lehrmann,297,128,169
Travis,436,"Place 3, Justice, Supreme Court",,REP,Debra Lehrmann,0,0,0
Travis,437,"Place 3, Justice, Supreme Court",,REP,Debra Lehrmann,49,15,34
Travis,438,"Place 3, Justice, Supreme Court",,REP,Debra Lehrmann,24,6,18
Travis,439,"Place 3, Justice, Supreme Court",,REP,Debra Lehrmann,29,4,25
Travis,440,"Place 3, Justice, Supreme Court",,REP,Debra Lehrmann,26,9,17
Travis,441,"Place 3, Justice, Supreme Court",,REP,Debra Lehrmann,102,39,63
Travis,442,"Place 3, Justice, Supreme Court",,REP,Debra Lehrmann,31,7,24
Travis,443,"Place 3, Justice, Supreme Court",,REP,Debra Lehrmann,64,24,40
Travis,444,"Place 3, Justice, Supreme Court",,REP,Debra Lehrmann,0,0,0
Travis,446,"Place 3, Justice, Supreme Court",,REP,Debra Lehrmann,37,10,27
Travis,447,"Place 3, Justice, Supreme Court",,REP,Debra Lehrmann,97,39,58
Travis,448,"Place 3, Justice, Supreme Court",,REP,Debra Lehrmann,81,33,48
Travis,450,"Place 3, Justice, Supreme Court",,REP,Debra Lehrmann,83,28,55
Travis,451,"Place 3, Justice, Supreme Court",,REP,Debra Lehrmann,80,26,54
Travis,452,"Place 3, Justice, Supreme Court",,REP,Debra Lehrmann,31,12,19
Travis,454,"Place 3, Justice, Supreme Court",,REP,Debra Lehrmann,107,64,43
Travis,458,"Place 3, Justice, Supreme Court",,REP,Debra Lehrmann,185,92,93
Travis,460,"Place 3, Justice, Supreme Court",,REP,Debra Lehrmann,91,52,39
Travis,461,"Place 3, Justice, Supreme Court",,REP,Debra Lehrmann,95,38,57
Travis,463,"Place 3, Justice, Supreme Court",,REP,Debra Lehrmann,103,36,67
Travis,101,"Place 3, Justice, Supreme Court",,REP,Michael Massengale,73,21,52
Travis,102,"Place 3, Justice, Supreme Court",,REP,Michael Massengale,30,14,16
Travis,103,"Place 3, Justice, Supreme Court",,REP,Michael Massengale,68,22,46
Travis,104,"Place 3, Justice, Supreme Court",,REP,Michael Massengale,46,16,30
Travis,105,"Place 3, Justice, Supreme Court",,REP,Michael Massengale,198,74,124
Travis,106,"Place 3, Justice, Supreme Court",,REP,Michael Massengale,195,63,132
Travis,107,"Place 3, Justice, Supreme Court",,REP,Michael Massengale,30,3,27
Travis,108,"Place 3, Justice, Supreme Court",,REP,Michael Massengale,35,6,29
Travis,109,"Place 3, Justice, Supreme Court",,REP,Michael Massengale,71,22,49
Travis,110,"Place 3, Justice, Supreme Court",,REP,Michael Massengale,222,88,134
Travis,111,"Place 3, Justice, Supreme Court",,REP,Michael Massengale,117,41,76
Travis,112,"Place 3, Justice, Supreme Court",,REP,Michael Massengale,21,2,19
Travis,113,"Place 3, Justice, Supreme Court",,REP,Michael Massengale,157,57,100
Travis,114,"Place 3, Justice, Supreme Court",,REP,Michael Massengale,9,5,4
Travis,115,"Place 3, Justice, Supreme Court",,REP,Michael Massengale,0,0,0
Travis,116,"Place 3, Justice, Supreme Court",,REP,Michael Massengale,0,0,0
Travis,117,"Place 3, Justice, Supreme Court",,REP,Michael Massengale,15,5,10
Travis,118,"Place 3, Justice, Supreme Court",,REP,Michael Massengale,10,4,6
Travis,119,"Place 3, Justice, Supreme Court",,REP,Michael Massengale,0,0,0
Travis,120,"Place 3, Justice, Supreme Court",,REP,Michael Massengale,10,2,8
Travis,121,"Place 3, Justice, Supreme Court",,REP,Michael Massengale,7,2,5
Travis,122,"Place 3, Justice, Supreme Court",,REP,Michael Massengale,18,10,8
Travis,123,"Place 3, Justice, Supreme Court",,REP,Michael Massengale,244,68,176
Travis,124,"Place 3, Justice, Supreme Court",,REP,Michael Massengale,34,12,22
Travis,125,"Place 3, Justice, Supreme Court",,REP,Michael Massengale,0,0,0
Travis,126,"Place 3, Justice, Supreme Court",,REP,Michael Massengale,17,7,10
Travis,127,"Place 3, Justice, Supreme Court",,REP,Michael Massengale,0,0,0
Travis,128,"Place 3, Justice, Supreme Court",,REP,Michael Massengale,0,0,0
Travis,129,"Place 3, Justice, Supreme Court",,REP,Michael Massengale,11,7,4
Travis,130,"Place 3, Justice, Supreme Court",,REP,Michael Massengale,32,3,29
Travis,131,"Place 3, Justice, Supreme Court",,REP,Michael Massengale,0,0,0
Travis,132,"Place 3, Justice, Supreme Court",,REP,Michael Massengale,19,7,12
Travis,133,"Place 3, Justice, Supreme Court",,REP,Michael Massengale,31,9,22
Travis,134,"Place 3, Justice, Supreme Court",,REP,Michael Massengale,0,0,0
Travis,135,"Place 3, Justice, Supreme Court",,REP,Michael Massengale,75,19,56
Travis,136,"Place 3, Justice, Supreme Court",,REP,Michael Massengale,182,69,113
Travis,137,"Place 3, Justice, Supreme Court",,REP,Michael Massengale,424,133,291
Travis,138,"Place 3, Justice, Supreme Court",,REP,Michael Massengale,0,0,0
Travis,139,"Place 3, Justice, Supreme Court",,REP,Michael Massengale,59,20,39
Travis,140,"Place 3, Justice, Supreme Court",,REP,Michael Massengale,50,14,36
Travis,141,"Place 3, Justice, Supreme Court",,REP,Michael Massengale,6,1,5
Travis,142,"Place 3, Justice, Supreme Court",,REP,Michael Massengale,6,4,2
Travis,145,"Place 3, Justice, Supreme Court",,REP,Michael Massengale,80,29,51
Travis,146,"Place 3, Justice, Supreme Court",,REP,Michael Massengale,151,59,92
Travis,148,"Place 3, Justice, Supreme Court",,REP,Michael Massengale,115,44,71
Travis,149,"Place 3, Justice, Supreme Court",,REP,Michael Massengale,13,3,10
Travis,150,"Place 3, Justice, Supreme Court",,REP,Michael Massengale,156,68,88
Travis,151,"Place 3, Justice, Supreme Court",,REP,Michael Massengale,42,9,33
Travis,152,"Place 3, Justice, Supreme Court",,REP,Michael Massengale,26,10,16
Travis,153,"Place 3, Justice, Supreme Court",,REP,Michael Massengale,108,36,72
Travis,154,"Place 3, Justice, Supreme Court",,REP,Michael Massengale,83,22,61
Travis,156,"Place 3, Justice, Supreme Court",,REP,Michael Massengale,91,36,55
Travis,160,"Place 3, Justice, Supreme Court",,REP,Michael Massengale,61,27,34
Travis,161,"Place 3, Justice, Supreme Court",,REP,Michael Massengale,49,19,30
Travis,163,"Place 3, Justice, Supreme Court",,REP,Michael Massengale,27,11,16
Travis,164,"Place 3, Justice, Supreme Court",,REP,Michael Massengale,30,7,23
Travis,200,"Place 3, Justice, Supreme Court",,REP,Michael Massengale,62,19,43
Travis,202,"Place 3, Justice, Supreme Court",,REP,Michael Massengale,45,15,30
Travis,203,"Place 3, Justice, Supreme Court",,REP,Michael Massengale,28,7,21
Travis,205,"Place 3, Justice, Supreme Court",,REP,Michael Massengale,64,14,50
Travis,206,"Place 3, Justice, Supreme Court",,REP,Michael Massengale,25,11,14
Travis,207,"Place 3, Justice, Supreme Court",,REP,Michael Massengale,181,63,118
Travis,208,"Place 3, Justice, Supreme Court",,REP,Michael Massengale,86,45,41
Travis,209,"Place 3, Justice, Supreme Court",,REP,Michael Massengale,25,8,17
Travis,210,"Place 3, Justice, Supreme Court",,REP,Michael Massengale,63,33,30
Travis,211,"Place 3, Justice, Supreme Court",,REP,Michael Massengale,52,11,41
Travis,212,"Place 3, Justice, Supreme Court",,REP,Michael Massengale,269,112,157
Travis,213,"Place 3, Justice, Supreme Court",,REP,Michael Massengale,0,0,0
Travis,214,"Place 3, Justice, Supreme Court",,REP,Michael Massengale,144,49,95
Travis,215,"Place 3, Justice, Supreme Court",,REP,Michael Massengale,69,21,48
Travis,216,"Place 3, Justice, Supreme Court",,REP,Michael Massengale,49,15,34
Travis,217,"Place 3, Justice, Supreme Court",,REP,Michael Massengale,54,22,32
Travis,218,"Place 3, Justice, Supreme Court",,REP,Michael Massengale,94,38,56
Travis,219,"Place 3, Justice, Supreme Court",,REP,Michael Massengale,108,35,73
Travis,220,"Place 3, Justice, Supreme Court",,REP,Michael Massengale,83,28,55
Travis,221,"Place 3, Justice, Supreme Court",,REP,Michael Massengale,68,31,37
Travis,222,"Place 3, Justice, Supreme Court",,REP,Michael Massengale,84,26,58
Travis,223,"Place 3, Justice, Supreme Court",,REP,Michael Massengale,16,9,7
Travis,224,"Place 3, Justice, Supreme Court",,REP,Michael Massengale,6,0,6
Travis,225,"Place 3, Justice, Supreme Court",,REP,Michael Massengale,102,37,65
Travis,226,"Place 3, Justice, Supreme Court",,REP,Michael Massengale,55,22,33
Travis,227,"Place 3, Justice, Supreme Court",,REP,Michael Massengale,24,7,17
Travis,228,"Place 3, Justice, Supreme Court",,REP,Michael Massengale,71,34,37
Travis,229,"Place 3, Justice, Supreme Court",,REP,Michael Massengale,74,16,58
Travis,231,"Place 3, Justice, Supreme Court",,REP,Michael Massengale,170,60,110
Travis,232,"Place 3, Justice, Supreme Court",,REP,Michael Massengale,452,228,224
Travis,233,"Place 3, Justice, Supreme Court",,REP,Michael Massengale,244,107,137
Travis,234,"Place 3, Justice, Supreme Court",,REP,Michael Massengale,165,66,99
Travis,235,"Place 3, Justice, Supreme Court",,REP,Michael Massengale,35,16,19
Travis,236,"Place 3, Justice, Supreme Court",,REP,Michael Massengale,55,16,39
Travis,237,"Place 3, Justice, Supreme Court",,REP,Michael Massengale,115,47,68
Travis,238,"Place 3, Justice, Supreme Court",,REP,Michael Massengale,96,25,71
Travis,239,"Place 3, Justice, Supreme Court",,REP,Michael Massengale,86,29,57
Travis,240,"Place 3, Justice, Supreme Court",,REP,Michael Massengale,41,13,28
Travis,241,"Place 3, Justice, Supreme Court",,REP,Michael Massengale,36,10,26
Travis,242,"Place 3, Justice, Supreme Court",,REP,Michael Massengale,91,41,50
Travis,243,"Place 3, Justice, Supreme Court",,REP,Michael Massengale,48,24,24
Travis,244,"Place 3, Justice, Supreme Court",,REP,Michael Massengale,237,124,113
Travis,245,"Place 3, Justice, Supreme Court",,REP,Michael Massengale,69,22,47
Travis,246,"Place 3, Justice, Supreme Court",,REP,Michael Massengale,81,26,55
Travis,247,"Place 3, Justice, Supreme Court",,REP,Michael Massengale,54,15,39
Travis,248,"Place 3, Justice, Supreme Court",,REP,Michael Massengale,62,20,42
Travis,249,"Place 3, Justice, Supreme Court",,REP,Michael Massengale,123,47,76
Travis,250,"Place 3, Justice, Supreme Court",,REP,Michael Massengale,110,45,65
Travis,251,"Place 3, Justice, Supreme Court",,REP,Michael Massengale,102,35,67
Travis,252,"Place 3, Justice, Supreme Court",,REP,Michael Massengale,75,29,46
Travis,253,"Place 3, Justice, Supreme Court",,REP,Michael Massengale,172,69,103
Travis,254,"Place 3, Justice, Supreme Court",,REP,Michael Massengale,117,44,73
Travis,256,"Place 3, Justice, Supreme Court",,REP,Michael Massengale,120,54,66
Travis,258,"Place 3, Justice, Supreme Court",,REP,Michael Massengale,117,29,88
Travis,259,"Place 3, Justice, Supreme Court",,REP,Michael Massengale,126,56,70
Travis,260,"Place 3, Justice, Supreme Court",,REP,Michael Massengale,31,9,22
Travis,262,"Place 3, Justice, Supreme Court",,REP,Michael Massengale,171,71,100
Travis,263,"Place 3, Justice, Supreme Court",,REP,Michael Massengale,95,24,71
Travis,266,"Place 3, Justice, Supreme Court",,REP,Michael Massengale,37,16,21
Travis,267,"Place 3, Justice, Supreme Court",,REP,Michael Massengale,70,30,40
Travis,268,"Place 3, Justice, Supreme Court",,REP,Michael Massengale,31,8,23
Travis,273,"Place 3, Justice, Supreme Court",,REP,Michael Massengale,77,37,40
Travis,274,"Place 3, Justice, Supreme Court",,REP,Michael Massengale,37,20,17
Travis,275,"Place 3, Justice, Supreme Court",,REP,Michael Massengale,29,12,17
Travis,277,"Place 3, Justice, Supreme Court",,REP,Michael Massengale,127,57,70
Travis,301,"Place 3, Justice, Supreme Court",,REP,Michael Massengale,51,21,30
Travis,302,"Place 3, Justice, Supreme Court",,REP,Michael Massengale,213,107,106
Travis,303,"Place 3, Justice, Supreme Court",,REP,Michael Massengale,214,91,123
Travis,304,"Place 3, Justice, Supreme Court",,REP,Michael Massengale,249,102,147
Travis,305,"Place 3, Justice, Supreme Court",,REP,Michael Massengale,1,1,0
Travis,306,"Place 3, Justice, Supreme Court",,REP,Michael Massengale,269,158,111
Travis,307,"Place 3, Justice, Supreme Court",,REP,Michael Massengale,73,32,41
Travis,308,"Place 3, Justice, Supreme Court",,REP,Michael Massengale,483,203,280
Travis,309,"Place 3, Justice, Supreme Court",,REP,Michael Massengale,101,48,53
Travis,310,"Place 3, Justice, Supreme Court",,REP,Michael Massengale,236,104,132
Travis,311,"Place 3, Justice, Supreme Court",,REP,Michael Massengale,98,44,54
Travis,312,"Place 3, Justice, Supreme Court",,REP,Michael Massengale,145,77,68
Travis,313,"Place 3, Justice, Supreme Court",,REP,Michael Massengale,3,1,2
Travis,314,"Place 3, Justice, Supreme Court",,REP,Michael Massengale,362,177,185
Travis,315,"Place 3, Justice, Supreme Court",,REP,Michael Massengale,223,98,125
Travis,316,"Place 3, Justice, Supreme Court",,REP,Michael Massengale,215,87,128
Travis,317,"Place 3, Justice, Supreme Court",,REP,Michael Massengale,167,65,102
Travis,318,"Place 3, Justice, Supreme Court",,REP,Michael Massengale,51,15,36
Travis,319,"Place 3, Justice, Supreme Court",,REP,Michael Massengale,187,90,97
Travis,320,"Place 3, Justice, Supreme Court",,REP,Michael Massengale,188,112,76
Travis,321,"Place 3, Justice, Supreme Court",,REP,Michael Massengale,38,19,19
Travis,323,"Place 3, Justice, Supreme Court",,REP,Michael Massengale,44,20,24
Travis,324,"Place 3, Justice, Supreme Court",,REP,Michael Massengale,390,183,207
Travis,325,"Place 3, Justice, Supreme Court",,REP,Michael Massengale,6,5,1
Travis,326,"Place 3, Justice, Supreme Court",,REP,Michael Massengale,142,53,89
Travis,327,"Place 3, Justice, Supreme Court",,REP,Michael Massengale,174,63,111
Travis,328,"Place 3, Justice, Supreme Court",,REP,Michael Massengale,145,56,89
Travis,329,"Place 3, Justice, Supreme Court",,REP,Michael Massengale,115,56,59
Travis,330,"Place 3, Justice, Supreme Court",,REP,Michael Massengale,207,87,120
Travis,331,"Place 3, Justice, Supreme Court",,REP,Michael Massengale,157,56,101
Travis,332,"Place 3, Justice, Supreme Court",,REP,Michael Massengale,42,18,24
Travis,333,"Place 3, Justice, Supreme Court",,REP,Michael Massengale,168,49,119
Travis,334,"Place 3, Justice, Supreme Court",,REP,Michael Massengale,215,84,131
Travis,335,"Place 3, Justice, Supreme Court",,REP,Michael Massengale,116,49,67
Travis,336,"Place 3, Justice, Supreme Court",,REP,Michael Massengale,130,40,90
Travis,337,"Place 3, Justice, Supreme Court",,REP,Michael Massengale,222,52,170
Travis,338,"Place 3, Justice, Supreme Court",,REP,Michael Massengale,275,98,177
Travis,339,"Place 3, Justice, Supreme Court",,REP,Michael Massengale,61,33,28
Travis,340,"Place 3, Justice, Supreme Court",,REP,Michael Massengale,71,26,45
Travis,341,"Place 3, Justice, Supreme Court",,REP,Michael Massengale,4,2,2
Travis,342,"Place 3, Justice, Supreme Court",,REP,Michael Massengale,94,35,59
Travis,343,"Place 3, Justice, Supreme Court",,REP,Michael Massengale,79,20,59
Travis,344,"Place 3, Justice, Supreme Court",,REP,Michael Massengale,41,15,26
Travis,345,"Place 3, Justice, Supreme Court",,REP,Michael Massengale,0,0,0
Travis,346,"Place 3, Justice, Supreme Court",,REP,Michael Massengale,423,253,170
Travis,347,"Place 3, Justice, Supreme Court",,REP,Michael Massengale,147,78,69
Travis,349,"Place 3, Justice, Supreme Court",,REP,Michael Massengale,228,101,127
Travis,350,"Place 3, Justice, Supreme Court",,REP,Michael Massengale,110,40,70
Travis,351,"Place 3, Justice, Supreme Court",,REP,Michael Massengale,41,23,18
Travis,352,"Place 3, Justice, Supreme Court",,REP,Michael Massengale,84,40,44
Travis,354,"Place 3, Justice, Supreme Court",,REP,Michael Massengale,220,108,112
Travis,356,"Place 3, Justice, Supreme Court",,REP,Michael Massengale,44,18,26
Travis,357,"Place 3, Justice, Supreme Court",,REP,Michael Massengale,42,13,29
Travis,358,"Place 3, Justice, Supreme Court",,REP,Michael Massengale,136,54,82
Travis,359,"Place 3, Justice, Supreme Court",,REP,Michael Massengale,328,161,167
Travis,360,"Place 3, Justice, Supreme Court",,REP,Michael Massengale,204,98,106
Travis,361,"Place 3, Justice, Supreme Court",,REP,Michael Massengale,81,30,51
Travis,362,"Place 3, Justice, Supreme Court",,REP,Michael Massengale,120,63,57
Travis,363,"Place 3, Justice, Supreme Court",,REP,Michael Massengale,87,43,44
Travis,364,"Place 3, Justice, Supreme Court",,REP,Michael Massengale,184,90,94
Travis,365,"Place 3, Justice, Supreme Court",,REP,Michael Massengale,126,55,71
Travis,366,"Place 3, Justice, Supreme Court",,REP,Michael Massengale,227,94,133
Travis,367,"Place 3, Justice, Supreme Court",,REP,Michael Massengale,324,145,179
Travis,368,"Place 3, Justice, Supreme Court",,REP,Michael Massengale,36,18,18
Travis,369,"Place 3, Justice, Supreme Court",,REP,Michael Massengale,224,60,164
Travis,370,"Place 3, Justice, Supreme Court",,REP,Michael Massengale,122,7,115
Travis,371,"Place 3, Justice, Supreme Court",,REP,Michael Massengale,215,60,155
Travis,372,"Place 3, Justice, Supreme Court",,REP,Michael Massengale,138,21,117
Travis,373,"Place 3, Justice, Supreme Court",,REP,Michael Massengale,477,185,292
Travis,374,"Place 3, Justice, Supreme Court",,REP,Michael Massengale,441,128,313
Travis,375,"Place 3, Justice, Supreme Court",,REP,Michael Massengale,70,20,50
Travis,401,"Place 3, Justice, Supreme Court",,REP,Michael Massengale,70,20,50
Travis,402,"Place 3, Justice, Supreme Court",,REP,Michael Massengale,63,14,49
Travis,403,"Place 3, Justice, Supreme Court",,REP,Michael Massengale,68,20,48
Travis,404,"Place 3, Justice, Supreme Court",,REP,Michael Massengale,51,17,34
Travis,405,"Place 3, Justice, Supreme Court",,REP,Michael Massengale,8,4,4
Travis,406,"Place 3, Justice, Supreme Court",,REP,Michael Massengale,274,143,131
Travis,407,"Place 3, Justice, Supreme Court",,REP,Michael Massengale,25,12,13
Travis,408,"Place 3, Justice, Supreme Court",,REP,Michael Massengale,110,41,69
Travis,409,"Place 3, Justice, Supreme Court",,REP,Michael Massengale,22,8,14
Travis,410,"Place 3, Justice, Supreme Court",,REP,Michael Massengale,62,25,37
Travis,411,"Place 3, Justice, Supreme Court",,REP,Michael Massengale,42,13,29
Travis,412,"Place 3, Justice, Supreme Court",,REP,Michael Massengale,2,1,1
Travis,413,"Place 3, Justice, Supreme Court",,REP,Michael Massengale,22,11,11
Travis,414,"Place 3, Justice, Supreme Court",,REP,Michael Massengale,99,33,66
Travis,415,"Place 3, Justice, Supreme Court",,REP,Michael Massengale,37,11,26
Travis,416,"Place 3, Justice, Supreme Court",,REP,Michael Massengale,3,2,1
Travis,417,"Place 3, Justice, Supreme Court",,REP,Michael Massengale,40,16,24
Travis,418,"Place 3, Justice, Supreme Court",,REP,Michael Massengale,0,0,0
Travis,419,"Place 3, Justice, Supreme Court",,REP,Michael Massengale,14,3,11
Travis,420,"Place 3, Justice, Supreme Court",,REP,Michael Massengale,37,21,16
Travis,421,"Place 3, Justice, Supreme Court",,REP,Michael Massengale,39,10,29
Travis,422,"Place 3, Justice, Supreme Court",,REP,Michael Massengale,25,9,16
Travis,423,"Place 3, Justice, Supreme Court",,REP,Michael Massengale,30,11,19
Travis,424,"Place 3, Justice, Supreme Court",,REP,Michael Massengale,32,12,20
Travis,425,"Place 3, Justice, Supreme Court",,REP,Michael Massengale,11,5,6
Travis,426,"Place 3, Justice, Supreme Court",,REP,Michael Massengale,32,13,19
Travis,427,"Place 3, Justice, Supreme Court",,REP,Michael Massengale,9,6,3
Travis,428,"Place 3, Justice, Supreme Court",,REP,Michael Massengale,37,19,18
Travis,429,"Place 3, Justice, Supreme Court",,REP,Michael Massengale,76,25,51
Travis,430,"Place 3, Justice, Supreme Court",,REP,Michael Massengale,16,4,12
Travis,431,"Place 3, Justice, Supreme Court",,REP,Michael Massengale,64,28,36
Travis,432,"Place 3, Justice, Supreme Court",,REP,Michael Massengale,0,0,0
Travis,433,"Place 3, Justice, Supreme Court",,REP,Michael Massengale,31,15,16
Travis,434,"Place 3, Justice, Supreme Court",,REP,Michael Massengale,0,0,0
Travis,435,"Place 3, Justice, Supreme Court",,REP,Michael Massengale,157,77,80
Travis,436,"Place 3, Justice, Supreme Court",,REP,Michael Massengale,1,0,1
Travis,437,"Place 3, Justice, Supreme Court",,REP,Michael Massengale,22,7,15
Travis,438,"Place 3, Justice, Supreme Court",,REP,Michael Massengale,14,5,9
Travis,439,"Place 3, Justice, Supreme Court",,REP,Michael Massengale,22,8,14
Travis,440,"Place 3, Justice, Supreme Court",,REP,Michael Massengale,18,3,15
Travis,441,"Place 3, Justice, Supreme Court",,REP,Michael Massengale,66,24,42
Travis,442,"Place 3, Justice, Supreme Court",,REP,Michael Massengale,12,4,8
Travis,443,"Place 3, Justice, Supreme Court",,REP,Michael Massengale,55,25,30
Travis,444,"Place 3, Justice, Supreme Court",,REP,Michael Massengale,0,0,0
Travis,446,"Place 3, Justice, Supreme Court",,REP,Michael Massengale,18,3,15
Travis,447,"Place 3, Justice, Supreme Court",,REP,Michael Massengale,70,23,47
Travis,448,"Place 3, Justice, Supreme Court",,REP,Michael Massengale,36,12,24
Travis,450,"Place 3, Justice, Supreme Court",,REP,Michael Massengale,58,29,29
Travis,451,"Place 3, Justice, Supreme Court",,REP,Michael Massengale,57,22,35
Travis,452,"Place 3, Justice, Supreme Court",,REP,Michael Massengale,32,13,19
Travis,454,"Place 3, Justice, Supreme Court",,REP,Michael Massengale,66,35,31
Travis,458,"Place 3, Justice, Supreme Court",,REP,Michael Massengale,98,31,67
Travis,460,"Place 3, Justice, Supreme Court",,REP,Michael Massengale,72,38,34
Travis,461,"Place 3, Justice, Supreme Court",,REP,Michael Massengale,42,20,22
Travis,463,"Place 3, Justice, Supreme Court",,REP,Michael Massengale,67,23,44
Travis,101,"Place 4, Justice, 3rd Court Of Appeals District",,REP,Melissa Goodwin,190,60,130
Travis,102,"Place 4, Justice, 3rd Court Of Appeals District",,REP,Melissa Goodwin,43,14,29
Travis,103,"Place 4, Justice, 3rd Court Of Appeals District",,REP,Melissa Goodwin,126,49,77
Travis,104,"Place 4, Justice, 3rd Court Of Appeals District",,REP,Melissa Goodwin,89,34,55
Travis,105,"Place 4, Justice, 3rd Court Of Appeals District",,REP,Melissa Goodwin,414,162,252
Travis,106,"Place 4, Justice, 3rd Court Of Appeals District",,REP,Melissa Goodwin,386,132,254
Travis,107,"Place 4, Justice, 3rd Court Of Appeals District",,REP,Melissa Goodwin,68,6,62
Travis,108,"Place 4, Justice, 3rd Court Of Appeals District",,REP,Melissa Goodwin,83,16,67
Travis,109,"Place 4, Justice, 3rd Court Of Appeals District",,REP,Melissa Goodwin,153,49,104
Travis,110,"Place 4, Justice, 3rd Court Of Appeals District",,REP,Melissa Goodwin,462,181,281
Travis,111,"Place 4, Justice, 3rd Court Of Appeals District",,REP,Melissa Goodwin,261,98,163
Travis,112,"Place 4, Justice, 3rd Court Of Appeals District",,REP,Melissa Goodwin,50,10,40
Travis,113,"Place 4, Justice, 3rd Court Of Appeals District",,REP,Melissa Goodwin,335,127,208
Travis,114,"Place 4, Justice, 3rd Court Of Appeals District",,REP,Melissa Goodwin,16,5,11
Travis,115,"Place 4, Justice, 3rd Court Of Appeals District",,REP,Melissa Goodwin,0,0,0
Travis,116,"Place 4, Justice, 3rd Court Of Appeals District",,REP,Melissa Goodwin,0,0,0
Travis,117,"Place 4, Justice, 3rd Court Of Appeals District",,REP,Melissa Goodwin,44,20,24
Travis,118,"Place 4, Justice, 3rd Court Of Appeals District",,REP,Melissa Goodwin,17,8,9
Travis,119,"Place 4, Justice, 3rd Court Of Appeals District",,REP,Melissa Goodwin,0,0,0
Travis,120,"Place 4, Justice, 3rd Court Of Appeals District",,REP,Melissa Goodwin,14,5,9
Travis,121,"Place 4, Justice, 3rd Court Of Appeals District",,REP,Melissa Goodwin,14,3,11
Travis,122,"Place 4, Justice, 3rd Court Of Appeals District",,REP,Melissa Goodwin,32,14,18
Travis,123,"Place 4, Justice, 3rd Court Of Appeals District",,REP,Melissa Goodwin,475,120,355
Travis,124,"Place 4, Justice, 3rd Court Of Appeals District",,REP,Melissa Goodwin,61,23,38
Travis,125,"Place 4, Justice, 3rd Court Of Appeals District",,REP,Melissa Goodwin,0,0,0
Travis,126,"Place 4, Justice, 3rd Court Of Appeals District",,REP,Melissa Goodwin,60,19,41
Travis,127,"Place 4, Justice, 3rd Court Of Appeals District",,REP,Melissa Goodwin,0,0,0
Travis,128,"Place 4, Justice, 3rd Court Of Appeals District",,REP,Melissa Goodwin,0,0,0
Travis,129,"Place 4, Justice, 3rd Court Of Appeals District",,REP,Melissa Goodwin,23,10,13
Travis,130,"Place 4, Justice, 3rd Court Of Appeals District",,REP,Melissa Goodwin,60,12,48
Travis,131,"Place 4, Justice, 3rd Court Of Appeals District",,REP,Melissa Goodwin,0,0,0
Travis,132,"Place 4, Justice, 3rd Court Of Appeals District",,REP,Melissa Goodwin,66,21,45
Travis,133,"Place 4, Justice, 3rd Court Of Appeals District",,REP,Melissa Goodwin,75,19,56
Travis,134,"Place 4, Justice, 3rd Court Of Appeals District",,REP,Melissa Goodwin,0,0,0
Travis,135,"Place 4, Justice, 3rd Court Of Appeals District",,REP,Melissa Goodwin,200,72,128
Travis,136,"Place 4, Justice, 3rd Court Of Appeals District",,REP,Melissa Goodwin,384,137,247
Travis,137,"Place 4, Justice, 3rd Court Of Appeals District",,REP,Melissa Goodwin,950,305,645
Travis,138,"Place 4, Justice, 3rd Court Of Appeals District",,REP,Melissa Goodwin,0,0,0
Travis,139,"Place 4, Justice, 3rd Court Of Appeals District",,REP,Melissa Goodwin,139,50,89
Travis,140,"Place 4, Justice, 3rd Court Of Appeals District",,REP,Melissa Goodwin,82,34,48
Travis,141,"Place 4, Justice, 3rd Court Of Appeals District",,REP,Melissa Goodwin,19,4,15
Travis,142,"Place 4, Justice, 3rd Court Of Appeals District",,REP,Melissa Goodwin,12,7,5
Travis,145,"Place 4, Justice, 3rd Court Of Appeals District",,REP,Melissa Goodwin,200,65,135
Travis,146,"Place 4, Justice, 3rd Court Of Appeals District",,REP,Melissa Goodwin,306,118,188
Travis,148,"Place 4, Justice, 3rd Court Of Appeals District",,REP,Melissa Goodwin,244,97,147
Travis,149,"Place 4, Justice, 3rd Court Of Appeals District",,REP,Melissa Goodwin,30,7,23
Travis,150,"Place 4, Justice, 3rd Court Of Appeals District",,REP,Melissa Goodwin,319,123,196
Travis,151,"Place 4, Justice, 3rd Court Of Appeals District",,REP,Melissa Goodwin,82,24,58
Travis,152,"Place 4, Justice, 3rd Court Of Appeals District",,REP,Melissa Goodwin,58,21,37
Travis,153,"Place 4, Justice, 3rd Court Of Appeals District",,REP,Melissa Goodwin,252,75,177
Travis,154,"Place 4, Justice, 3rd Court Of Appeals District",,REP,Melissa Goodwin,173,46,127
Travis,156,"Place 4, Justice, 3rd Court Of Appeals District",,REP,Melissa Goodwin,195,67,128
Travis,160,"Place 4, Justice, 3rd Court Of Appeals District",,REP,Melissa Goodwin,148,69,79
Travis,161,"Place 4, Justice, 3rd Court Of Appeals District",,REP,Melissa Goodwin,127,39,88
Travis,163,"Place 4, Justice, 3rd Court Of Appeals District",,REP,Melissa Goodwin,46,16,30
Travis,164,"Place 4, Justice, 3rd Court Of Appeals District",,REP,Melissa Goodwin,60,20,40
Travis,200,"Place 4, Justice, 3rd Court Of Appeals District",,REP,Melissa Goodwin,111,33,78
Travis,202,"Place 4, Justice, 3rd Court Of Appeals District",,REP,Melissa Goodwin,98,31,67
Travis,203,"Place 4, Justice, 3rd Court Of Appeals District",,REP,Melissa Goodwin,49,12,37
Travis,205,"Place 4, Justice, 3rd Court Of Appeals District",,REP,Melissa Goodwin,138,32,106
Travis,206,"Place 4, Justice, 3rd Court Of Appeals District",,REP,Melissa Goodwin,56,21,35
Travis,207,"Place 4, Justice, 3rd Court Of Appeals District",,REP,Melissa Goodwin,386,132,254
Travis,208,"Place 4, Justice, 3rd Court Of Appeals District",,REP,Melissa Goodwin,275,122,153
Travis,209,"Place 4, Justice, 3rd Court Of Appeals District",,REP,Melissa Goodwin,46,14,32
Travis,210,"Place 4, Justice, 3rd Court Of Appeals District",,REP,Melissa Goodwin,157,79,78
Travis,211,"Place 4, Justice, 3rd Court Of Appeals District",,REP,Melissa Goodwin,114,34,80
Travis,212,"Place 4, Justice, 3rd Court Of Appeals District",,REP,Melissa Goodwin,610,271,339
Travis,213,"Place 4, Justice, 3rd Court Of Appeals District",,REP,Melissa Goodwin,0,0,0
Travis,214,"Place 4, Justice, 3rd Court Of Appeals District",,REP,Melissa Goodwin,326,106,220
Travis,215,"Place 4, Justice, 3rd Court Of Appeals District",,REP,Melissa Goodwin,157,53,104
Travis,216,"Place 4, Justice, 3rd Court Of Appeals District",,REP,Melissa Goodwin,93,36,57
Travis,217,"Place 4, Justice, 3rd Court Of Appeals District",,REP,Melissa Goodwin,135,43,92
Travis,218,"Place 4, Justice, 3rd Court Of Appeals District",,REP,Melissa Goodwin,256,104,152
Travis,219,"Place 4, Justice, 3rd Court Of Appeals District",,REP,Melissa Goodwin,247,90,157
Travis,220,"Place 4, Justice, 3rd Court Of Appeals District",,REP,Melissa Goodwin,226,89,137
Travis,221,"Place 4, Justice, 3rd Court Of Appeals District",,REP,Melissa Goodwin,131,46,85
Travis,222,"Place 4, Justice, 3rd Court Of Appeals District",,REP,Melissa Goodwin,182,63,119
Travis,223,"Place 4, Justice, 3rd Court Of Appeals District",,REP,Melissa Goodwin,34,17,17
Travis,224,"Place 4, Justice, 3rd Court Of Appeals District",,REP,Melissa Goodwin,8,1,7
Travis,225,"Place 4, Justice, 3rd Court Of Appeals District",,REP,Melissa Goodwin,271,92,179
Travis,226,"Place 4, Justice, 3rd Court Of Appeals District",,REP,Melissa Goodwin,113,40,73
Travis,227,"Place 4, Justice, 3rd Court Of Appeals District",,REP,Melissa Goodwin,34,12,22
Travis,228,"Place 4, Justice, 3rd Court Of Appeals District",,REP,Melissa Goodwin,190,83,107
Travis,229,"Place 4, Justice, 3rd Court Of Appeals District",,REP,Melissa Goodwin,160,44,116
Travis,231,"Place 4, Justice, 3rd Court Of Appeals District",,REP,Melissa Goodwin,363,135,228
Travis,232,"Place 4, Justice, 3rd Court Of Appeals District",,REP,Melissa Goodwin,954,466,488
Travis,233,"Place 4, Justice, 3rd Court Of Appeals District",,REP,Melissa Goodwin,485,182,303
Travis,234,"Place 4, Justice, 3rd Court Of Appeals District",,REP,Melissa Goodwin,372,146,226
Travis,235,"Place 4, Justice, 3rd Court Of Appeals District",,REP,Melissa Goodwin,89,33,56
Travis,236,"Place 4, Justice, 3rd Court Of Appeals District",,REP,Melissa Goodwin,148,48,100
Travis,237,"Place 4, Justice, 3rd Court Of Appeals District",,REP,Melissa Goodwin,269,94,175
Travis,238,"Place 4, Justice, 3rd Court Of Appeals District",,REP,Melissa Goodwin,255,77,178
Travis,239,"Place 4, Justice, 3rd Court Of Appeals District",,REP,Melissa Goodwin,187,68,119
Travis,240,"Place 4, Justice, 3rd Court Of Appeals District",,REP,Melissa Goodwin,97,29,68
Travis,241,"Place 4, Justice, 3rd Court Of Appeals District",,REP,Melissa Goodwin,90,32,58
Travis,242,"Place 4, Justice, 3rd Court Of Appeals District",,REP,Melissa Goodwin,218,84,134
Travis,243,"Place 4, Justice, 3rd Court Of Appeals District",,REP,Melissa Goodwin,146,68,78
Travis,244,"Place 4, Justice, 3rd Court Of Appeals District",,REP,Melissa Goodwin,491,238,253
Travis,245,"Place 4, Justice, 3rd Court Of Appeals District",,REP,Melissa Goodwin,184,51,133
Travis,246,"Place 4, Justice, 3rd Court Of Appeals District",,REP,Melissa Goodwin,207,71,136
Travis,247,"Place 4, Justice, 3rd Court Of Appeals District",,REP,Melissa Goodwin,137,42,95
Travis,248,"Place 4, Justice, 3rd Court Of Appeals District",,REP,Melissa Goodwin,149,54,95
Travis,249,"Place 4, Justice, 3rd Court Of Appeals District",,REP,Melissa Goodwin,274,98,176
Travis,250,"Place 4, Justice, 3rd Court Of Appeals District",,REP,Melissa Goodwin,248,88,160
Travis,251,"Place 4, Justice, 3rd Court Of Appeals District",,REP,Melissa Goodwin,250,84,166
Travis,252,"Place 4, Justice, 3rd Court Of Appeals District",,REP,Melissa Goodwin,160,66,94
Travis,253,"Place 4, Justice, 3rd Court Of Appeals District",,REP,Melissa Goodwin,413,188,225
Travis,254,"Place 4, Justice, 3rd Court Of Appeals District",,REP,Melissa Goodwin,276,102,174
Travis,256,"Place 4, Justice, 3rd Court Of Appeals District",,REP,Melissa Goodwin,291,139,152
Travis,258,"Place 4, Justice, 3rd Court Of Appeals District",,REP,Melissa Goodwin,245,82,163
Travis,259,"Place 4, Justice, 3rd Court Of Appeals District",,REP,Melissa Goodwin,284,119,165
Travis,260,"Place 4, Justice, 3rd Court Of Appeals District",,REP,Melissa Goodwin,53,17,36
Travis,262,"Place 4, Justice, 3rd Court Of Appeals District",,REP,Melissa Goodwin,414,198,216
Travis,263,"Place 4, Justice, 3rd Court Of Appeals District",,REP,Melissa Goodwin,219,49,170
Travis,266,"Place 4, Justice, 3rd Court Of Appeals District",,REP,Melissa Goodwin,80,38,42
Travis,267,"Place 4, Justice, 3rd Court Of Appeals District",,REP,Melissa Goodwin,139,60,79
Travis,268,"Place 4, Justice, 3rd Court Of Appeals District",,REP,Melissa Goodwin,67,18,49
Travis,273,"Place 4, Justice, 3rd Court Of Appeals District",,REP,Melissa Goodwin,184,78,106
Travis,274,"Place 4, Justice, 3rd Court Of Appeals District",,REP,Melissa Goodwin,80,38,42
Travis,275,"Place 4, Justice, 3rd Court Of Appeals District",,REP,Melissa Goodwin,83,24,59
Travis,277,"Place 4, Justice, 3rd Court Of Appeals District",,REP,Melissa Goodwin,327,131,196
Travis,301,"Place 4, Justice, 3rd Court Of Appeals District",,REP,Melissa Goodwin,109,37,72
Travis,302,"Place 4, Justice, 3rd Court Of Appeals District",,REP,Melissa Goodwin,473,249,224
Travis,303,"Place 4, Justice, 3rd Court Of Appeals District",,REP,Melissa Goodwin,470,190,280
Travis,304,"Place 4, Justice, 3rd Court Of Appeals District",,REP,Melissa Goodwin,620,227,393
Travis,305,"Place 4, Justice, 3rd Court Of Appeals District",,REP,Melissa Goodwin,3,3,0
Travis,306,"Place 4, Justice, 3rd Court Of Appeals District",,REP,Melissa Goodwin,580,332,248
Travis,307,"Place 4, Justice, 3rd Court Of Appeals District",,REP,Melissa Goodwin,158,60,98
Travis,308,"Place 4, Justice, 3rd Court Of Appeals District",,REP,Melissa Goodwin,1054,429,625
Travis,309,"Place 4, Justice, 3rd Court Of Appeals District",,REP,Melissa Goodwin,238,123,115
Travis,310,"Place 4, Justice, 3rd Court Of Appeals District",,REP,Melissa Goodwin,512,216,296
Travis,311,"Place 4, Justice, 3rd Court Of Appeals District",,REP,Melissa Goodwin,202,92,110
Travis,312,"Place 4, Justice, 3rd Court Of Appeals District",,REP,Melissa Goodwin,316,155,161
Travis,313,"Place 4, Justice, 3rd Court Of Appeals District",,REP,Melissa Goodwin,7,3,4
Travis,314,"Place 4, Justice, 3rd Court Of Appeals District",,REP,Melissa Goodwin,803,391,412
Travis,315,"Place 4, Justice, 3rd Court Of Appeals District",,REP,Melissa Goodwin,535,237,298
Travis,316,"Place 4, Justice, 3rd Court Of Appeals District",,REP,Melissa Goodwin,476,195,281
Travis,317,"Place 4, Justice, 3rd Court Of Appeals District",,REP,Melissa Goodwin,371,138,233
Travis,318,"Place 4, Justice, 3rd Court Of Appeals District",,REP,Melissa Goodwin,105,27,78
Travis,319,"Place 4, Justice, 3rd Court Of Appeals District",,REP,Melissa Goodwin,426,212,214
Travis,320,"Place 4, Justice, 3rd Court Of Appeals District",,REP,Melissa Goodwin,428,237,191
Travis,321,"Place 4, Justice, 3rd Court Of Appeals District",,REP,Melissa Goodwin,93,46,47
Travis,323,"Place 4, Justice, 3rd Court Of Appeals District",,REP,Melissa Goodwin,102,42,60
Travis,324,"Place 4, Justice, 3rd Court Of Appeals District",,REP,Melissa Goodwin,903,433,470
Travis,325,"Place 4, Justice, 3rd Court Of Appeals District",,REP,Melissa Goodwin,4,3,1
Travis,326,"Place 4, Justice, 3rd Court Of Appeals District",,REP,Melissa Goodwin,312,124,188
Travis,327,"Place 4, Justice, 3rd Court Of Appeals District",,REP,Melissa Goodwin,404,163,241
Travis,328,"Place 4, Justice, 3rd Court Of Appeals District",,REP,Melissa Goodwin,341,148,193
Travis,329,"Place 4, Justice, 3rd Court Of Appeals District",,REP,Melissa Goodwin,256,111,145
Travis,330,"Place 4, Justice, 3rd Court Of Appeals District",,REP,Melissa Goodwin,479,206,273
Travis,331,"Place 4, Justice, 3rd Court Of Appeals District",,REP,Melissa Goodwin,348,146,202
Travis,332,"Place 4, Justice, 3rd Court Of Appeals District",,REP,Melissa Goodwin,109,40,69
Travis,333,"Place 4, Justice, 3rd Court Of Appeals District",,REP,Melissa Goodwin,423,99,324
Travis,334,"Place 4, Justice, 3rd Court Of Appeals District",,REP,Melissa Goodwin,489,169,320
Travis,335,"Place 4, Justice, 3rd Court Of Appeals District",,REP,Melissa Goodwin,281,117,164
Travis,336,"Place 4, Justice, 3rd Court Of Appeals District",,REP,Melissa Goodwin,298,106,192
Travis,337,"Place 4, Justice, 3rd Court Of Appeals District",,REP,Melissa Goodwin,482,128,354
Travis,338,"Place 4, Justice, 3rd Court Of Appeals District",,REP,Melissa Goodwin,631,228,403
Travis,339,"Place 4, Justice, 3rd Court Of Appeals District",,REP,Melissa Goodwin,163,89,74
Travis,340,"Place 4, Justice, 3rd Court Of Appeals District",,REP,Melissa Goodwin,136,47,89
Travis,341,"Place 4, Justice, 3rd Court Of Appeals District",,REP,Melissa Goodwin,10,3,7
Travis,342,"Place 4, Justice, 3rd Court Of Appeals District",,REP,Melissa Goodwin,275,117,158
Travis,343,"Place 4, Justice, 3rd Court Of Appeals District",,REP,Melissa Goodwin,182,53,129
Travis,344,"Place 4, Justice, 3rd Court Of Appeals District",,REP,Melissa Goodwin,132,48,84
Travis,345,"Place 4, Justice, 3rd Court Of Appeals District",,REP,Melissa Goodwin,0,0,0
Travis,346,"Place 4, Justice, 3rd Court Of Appeals District",,REP,Melissa Goodwin,882,503,379
Travis,347,"Place 4, Justice, 3rd Court Of Appeals District",,REP,Melissa Goodwin,355,178,177
Travis,349,"Place 4, Justice, 3rd Court Of Appeals District",,REP,Melissa Goodwin,460,199,261
Travis,350,"Place 4, Justice, 3rd Court Of Appeals District",,REP,Melissa Goodwin,298,127,171
Travis,351,"Place 4, Justice, 3rd Court Of Appeals District",,REP,Melissa Goodwin,125,64,61
Travis,352,"Place 4, Justice, 3rd Court Of Appeals District",,REP,Melissa Goodwin,195,102,93
Travis,354,"Place 4, Justice, 3rd Court Of Appeals District",,REP,Melissa Goodwin,501,253,248
Travis,356,"Place 4, Justice, 3rd Court Of Appeals District",,REP,Melissa Goodwin,103,40,63
Travis,357,"Place 4, Justice, 3rd Court Of Appeals District",,REP,Melissa Goodwin,96,36,60
Travis,358,"Place 4, Justice, 3rd Court Of Appeals District",,REP,Melissa Goodwin,287,116,171
Travis,359,"Place 4, Justice, 3rd Court Of Appeals District",,REP,Melissa Goodwin,705,323,382
Travis,360,"Place 4, Justice, 3rd Court Of Appeals District",,REP,Melissa Goodwin,436,192,244
Travis,361,"Place 4, Justice, 3rd Court Of Appeals District",,REP,Melissa Goodwin,192,87,105
Travis,362,"Place 4, Justice, 3rd Court Of Appeals District",,REP,Melissa Goodwin,310,138,172
Travis,363,"Place 4, Justice, 3rd Court Of Appeals District",,REP,Melissa Goodwin,218,104,114
Travis,364,"Place 4, Justice, 3rd Court Of Appeals District",,REP,Melissa Goodwin,419,206,213
Travis,365,"Place 4, Justice, 3rd Court Of Appeals District",,REP,Melissa Goodwin,244,104,140
Travis,366,"Place 4, Justice, 3rd Court Of Appeals District",,REP,Melissa Goodwin,566,239,327
Travis,367,"Place 4, Justice, 3rd Court Of Appeals District",,REP,Melissa Goodwin,778,329,449
Travis,368,"Place 4, Justice, 3rd Court Of Appeals District",,REP,Melissa Goodwin,61,37,24
Travis,369,"Place 4, Justice, 3rd Court Of Appeals District",,REP,Melissa Goodwin,472,120,352
Travis,370,"Place 4, Justice, 3rd Court Of Appeals District",,REP,Melissa Goodwin,231,16,215
Travis,371,"Place 4, Justice, 3rd Court Of Appeals District",,REP,Melissa Goodwin,442,117,325
Travis,372,"Place 4, Justice, 3rd Court Of Appeals District",,REP,Melissa Goodwin,246,38,208
Travis,373,"Place 4, Justice, 3rd Court Of Appeals District",,REP,Melissa Goodwin,951,330,621
Travis,374,"Place 4, Justice, 3rd Court Of Appeals District",,REP,Melissa Goodwin,860,256,604
Travis,375,"Place 4, Justice, 3rd Court Of Appeals District",,REP,Melissa Goodwin,125,36,89
Travis,401,"Place 4, Justice, 3rd Court Of Appeals District",,REP,Melissa Goodwin,149,55,94
Travis,402,"Place 4, Justice, 3rd Court Of Appeals District",,REP,Melissa Goodwin,152,41,111
Travis,403,"Place 4, Justice, 3rd Court Of Appeals District",,REP,Melissa Goodwin,120,30,90
Travis,404,"Place 4, Justice, 3rd Court Of Appeals District",,REP,Melissa Goodwin,120,33,87
Travis,405,"Place 4, Justice, 3rd Court Of Appeals District",,REP,Melissa Goodwin,30,8,22
Travis,406,"Place 4, Justice, 3rd Court Of Appeals District",,REP,Melissa Goodwin,523,291,232
Travis,407,"Place 4, Justice, 3rd Court Of Appeals District",,REP,Melissa Goodwin,64,30,34
Travis,408,"Place 4, Justice, 3rd Court Of Appeals District",,REP,Melissa Goodwin,247,108,139
Travis,409,"Place 4, Justice, 3rd Court Of Appeals District",,REP,Melissa Goodwin,49,17,32
Travis,410,"Place 4, Justice, 3rd Court Of Appeals District",,REP,Melissa Goodwin,134,52,82
Travis,411,"Place 4, Justice, 3rd Court Of Appeals District",,REP,Melissa Goodwin,106,42,64
Travis,412,"Place 4, Justice, 3rd Court Of Appeals District",,REP,Melissa Goodwin,2,1,1
Travis,413,"Place 4, Justice, 3rd Court Of Appeals District",,REP,Melissa Goodwin,41,16,25
Travis,414,"Place 4, Justice, 3rd Court Of Appeals District",,REP,Melissa Goodwin,227,70,157
Travis,415,"Place 4, Justice, 3rd Court Of Appeals District",,REP,Melissa Goodwin,85,20,65
Travis,416,"Place 4, Justice, 3rd Court Of Appeals District",,REP,Melissa Goodwin,8,2,6
Travis,417,"Place 4, Justice, 3rd Court Of Appeals District",,REP,Melissa Goodwin,104,47,57
Travis,418,"Place 4, Justice, 3rd Court Of Appeals District",,REP,Melissa Goodwin,2,1,1
Travis,419,"Place 4, Justice, 3rd Court Of Appeals District",,REP,Melissa Goodwin,43,13,30
Travis,420,"Place 4, Justice, 3rd Court Of Appeals District",,REP,Melissa Goodwin,77,37,40
Travis,421,"Place 4, Justice, 3rd Court Of Appeals District",,REP,Melissa Goodwin,97,32,65
Travis,422,"Place 4, Justice, 3rd Court Of Appeals District",,REP,Melissa Goodwin,58,23,35
Travis,423,"Place 4, Justice, 3rd Court Of Appeals District",,REP,Melissa Goodwin,66,23,43
Travis,424,"Place 4, Justice, 3rd Court Of Appeals District",,REP,Melissa Goodwin,67,25,42
Travis,425,"Place 4, Justice, 3rd Court Of Appeals District",,REP,Melissa Goodwin,37,14,23
Travis,426,"Place 4, Justice, 3rd Court Of Appeals District",,REP,Melissa Goodwin,52,18,34
Travis,427,"Place 4, Justice, 3rd Court Of Appeals District",,REP,Melissa Goodwin,36,12,24
Travis,428,"Place 4, Justice, 3rd Court Of Appeals District",,REP,Melissa Goodwin,108,46,62
Travis,429,"Place 4, Justice, 3rd Court Of Appeals District",,REP,Melissa Goodwin,163,60,103
Travis,430,"Place 4, Justice, 3rd Court Of Appeals District",,REP,Melissa Goodwin,35,13,22
Travis,431,"Place 4, Justice, 3rd Court Of Appeals District",,REP,Melissa Goodwin,127,58,69
Travis,432,"Place 4, Justice, 3rd Court Of Appeals District",,REP,Melissa Goodwin,0,0,0
Travis,433,"Place 4, Justice, 3rd Court Of Appeals District",,REP,Melissa Goodwin,73,32,41
Travis,434,"Place 4, Justice, 3rd Court Of Appeals District",,REP,Melissa Goodwin,0,0,0
Travis,435,"Place 4, Justice, 3rd Court Of Appeals District",,REP,Melissa Goodwin,414,181,233
Travis,436,"Place 4, Justice, 3rd Court Of Appeals District",,REP,Melissa Goodwin,0,0,0
Travis,437,"Place 4, Justice, 3rd Court Of Appeals District",,REP,Melissa Goodwin,55,17,38
Travis,438,"Place 4, Justice, 3rd Court Of Appeals District",,REP,Melissa Goodwin,36,9,27
Travis,439,"Place 4, Justice, 3rd Court Of Appeals District",,REP,Melissa Goodwin,46,7,39
Travis,440,"Place 4, Justice, 3rd Court Of Appeals District",,REP,Melissa Goodwin,40,10,30
Travis,441,"Place 4, Justice, 3rd Court Of Appeals District",,REP,Melissa Goodwin,145,55,90
Travis,442,"Place 4, Justice, 3rd Court Of Appeals District",,REP,Melissa Goodwin,39,11,28
Travis,443,"Place 4, Justice, 3rd Court Of Appeals District",,REP,Melissa Goodwin,99,40,59
Travis,444,"Place 4, Justice, 3rd Court Of Appeals District",,REP,Melissa Goodwin,0,0,0
Travis,446,"Place 4, Justice, 3rd Court Of Appeals District",,REP,Melissa Goodwin,47,11,36
Travis,447,"Place 4, Justice, 3rd Court Of Appeals District",,REP,Melissa Goodwin,153,58,95
Travis,448,"Place 4, Justice, 3rd Court Of Appeals District",,REP,Melissa Goodwin,102,43,59
Travis,450,"Place 4, Justice, 3rd Court Of Appeals District",,REP,Melissa Goodwin,123,46,77
Travis,451,"Place 4, Justice, 3rd Court Of Appeals District",,REP,Melissa Goodwin,126,43,83
Travis,452,"Place 4, Justice, 3rd Court Of Appeals District",,REP,Melissa Goodwin,53,22,31
Travis,454,"Place 4, Justice, 3rd Court Of Appeals District",,REP,Melissa Goodwin,147,85,62
Travis,458,"Place 4, Justice, 3rd Court Of Appeals District",,REP,Melissa Goodwin,244,107,137
Travis,460,"Place 4, Justice, 3rd Court Of Appeals District",,REP,Melissa Goodwin,143,78,65
Travis,461,"Place 4, Justice, 3rd Court Of Appeals District",,REP,Melissa Goodwin,128,53,75
Travis,463,"Place 4, Justice, 3rd Court Of Appeals District",,REP,Melissa Goodwin,149,50,99
Travis,101,"Place 5, Judge, Court Of Criminal Appeals",,REP,Brent Webster,41,9,32
Travis,102,"Place 5, Judge, Court Of Criminal Appeals",,REP,Brent Webster,13,5,8
Travis,103,"Place 5, Judge, Court Of Criminal Appeals",,REP,Brent Webster,21,6,15
Travis,104,"Place 5, Judge, Court Of Criminal Appeals",,REP,Brent Webster,15,8,7
Travis,105,"Place 5, Judge, Court Of Criminal Appeals",,REP,Brent Webster,87,44,43
Travis,106,"Place 5, Judge, Court Of Criminal Appeals",,REP,Brent Webster,84,23,61
Travis,107,"Place 5, Judge, Court Of Criminal Appeals",,REP,Brent Webster,16,2,14
Travis,108,"Place 5, Judge, Court Of Criminal Appeals",,REP,Brent Webster,16,5,11
Travis,109,"Place 5, Judge, Court Of Criminal Appeals",,REP,Brent Webster,33,10,23
Travis,110,"Place 5, Judge, Court Of Criminal Appeals",,REP,Brent Webster,98,32,66
Travis,111,"Place 5, Judge, Court Of Criminal Appeals",,REP,Brent Webster,45,20,25
Travis,112,"Place 5, Judge, Court Of Criminal Appeals",,REP,Brent Webster,13,4,9
Travis,113,"Place 5, Judge, Court Of Criminal Appeals",,REP,Brent Webster,71,28,43
Travis,114,"Place 5, Judge, Court Of Criminal Appeals",,REP,Brent Webster,3,1,2
Travis,115,"Place 5, Judge, Court Of Criminal Appeals",,REP,Brent Webster,0,0,0
Travis,116,"Place 5, Judge, Court Of Criminal Appeals",,REP,Brent Webster,0,0,0
Travis,117,"Place 5, Judge, Court Of Criminal Appeals",,REP,Brent Webster,4,2,2
Travis,118,"Place 5, Judge, Court Of Criminal Appeals",,REP,Brent Webster,1,0,1
Travis,119,"Place 5, Judge, Court Of Criminal Appeals",,REP,Brent Webster,0,0,0
Travis,120,"Place 5, Judge, Court Of Criminal Appeals",,REP,Brent Webster,5,1,4
Travis,121,"Place 5, Judge, Court Of Criminal Appeals",,REP,Brent Webster,4,1,3
Travis,122,"Place 5, Judge, Court Of Criminal Appeals",,REP,Brent Webster,10,6,4
Travis,123,"Place 5, Judge, Court Of Criminal Appeals",,REP,Brent Webster,123,27,96
Travis,124,"Place 5, Judge, Court Of Criminal Appeals",,REP,Brent Webster,13,1,12
Travis,125,"Place 5, Judge, Court Of Criminal Appeals",,REP,Brent Webster,0,0,0
Travis,126,"Place 5, Judge, Court Of Criminal Appeals",,REP,Brent Webster,15,3,12
Travis,127,"Place 5, Judge, Court Of Criminal Appeals",,REP,Brent Webster,0,0,0
Travis,128,"Place 5, Judge, Court Of Criminal Appeals",,REP,Brent Webster,0,0,0
Travis,129,"Place 5, Judge, Court Of Criminal Appeals",,REP,Brent Webster,2,0,2
Travis,130,"Place 5, Judge, Court Of Criminal Appeals",,REP,Brent Webster,11,3,8
Travis,131,"Place 5, Judge, Court Of Criminal Appeals",,REP,Brent Webster,0,0,0
Travis,132,"Place 5, Judge, Court Of Criminal Appeals",,REP,Brent Webster,13,5,8
Travis,133,"Place 5, Judge, Court Of Criminal Appeals",,REP,Brent Webster,13,4,9
Travis,134,"Place 5, Judge, Court Of Criminal Appeals",,REP,Brent Webster,0,0,0
Travis,135,"Place 5, Judge, Court Of Criminal Appeals",,REP,Brent Webster,23,9,14
Travis,136,"Place 5, Judge, Court Of Criminal Appeals",,REP,Brent Webster,86,34,52
Travis,137,"Place 5, Judge, Court Of Criminal Appeals",,REP,Brent Webster,224,55,169
Travis,138,"Place 5, Judge, Court Of Criminal Appeals",,REP,Brent Webster,0,0,0
Travis,139,"Place 5, Judge, Court Of Criminal Appeals",,REP,Brent Webster,23,9,14
Travis,140,"Place 5, Judge, Court Of Criminal Appeals",,REP,Brent Webster,26,6,20
Travis,141,"Place 5, Judge, Court Of Criminal Appeals",,REP,Brent Webster,2,0,2
Travis,142,"Place 5, Judge, Court Of Criminal Appeals",,REP,Brent Webster,4,2,2
Travis,145,"Place 5, Judge, Court Of Criminal Appeals",,REP,Brent Webster,44,18,26
Travis,146,"Place 5, Judge, Court Of Criminal Appeals",,REP,Brent Webster,68,28,40
Travis,148,"Place 5, Judge, Court Of Criminal Appeals",,REP,Brent Webster,47,21,26
Travis,149,"Place 5, Judge, Court Of Criminal Appeals",,REP,Brent Webster,9,2,7
Travis,150,"Place 5, Judge, Court Of Criminal Appeals",,REP,Brent Webster,52,23,29
Travis,151,"Place 5, Judge, Court Of Criminal Appeals",,REP,Brent Webster,19,11,8
Travis,152,"Place 5, Judge, Court Of Criminal Appeals",,REP,Brent Webster,8,1,7
Travis,153,"Place 5, Judge, Court Of Criminal Appeals",,REP,Brent Webster,50,14,36
Travis,154,"Place 5, Judge, Court Of Criminal Appeals",,REP,Brent Webster,52,13,39
Travis,156,"Place 5, Judge, Court Of Criminal Appeals",,REP,Brent Webster,31,9,22
Travis,160,"Place 5, Judge, Court Of Criminal Appeals",,REP,Brent Webster,35,17,18
Travis,161,"Place 5, Judge, Court Of Criminal Appeals",,REP,Brent Webster,28,13,15
Travis,163,"Place 5, Judge, Court Of Criminal Appeals",,REP,Brent Webster,5,3,2
Travis,164,"Place 5, Judge, Court Of Criminal Appeals",,REP,Brent Webster,8,3,5
Travis,200,"Place 5, Judge, Court Of Criminal Appeals",,REP,Brent Webster,21,7,14
Travis,202,"Place 5, Judge, Court Of Criminal Appeals",,REP,Brent Webster,12,2,10
Travis,203,"Place 5, Judge, Court Of Criminal Appeals",,REP,Brent Webster,13,3,10
Travis,205,"Place 5, Judge, Court Of Criminal Appeals",,REP,Brent Webster,29,8,21
Travis,206,"Place 5, Judge, Court Of Criminal Appeals",,REP,Brent Webster,13,5,8
Travis,207,"Place 5, Judge, Court Of Criminal Appeals",,REP,Brent Webster,95,27,68
Travis,208,"Place 5, Judge, Court Of Criminal Appeals",,REP,Brent Webster,44,22,22
Travis,209,"Place 5, Judge, Court Of Criminal Appeals",,REP,Brent Webster,15,5,10
Travis,210,"Place 5, Judge, Court Of Criminal Appeals",,REP,Brent Webster,23,11,12
Travis,211,"Place 5, Judge, Court Of Criminal Appeals",,REP,Brent Webster,27,9,18
Travis,212,"Place 5, Judge, Court Of Criminal Appeals",,REP,Brent Webster,63,28,35
Travis,213,"Place 5, Judge, Court Of Criminal Appeals",,REP,Brent Webster,0,0,0
Travis,214,"Place 5, Judge, Court Of Criminal Appeals",,REP,Brent Webster,48,20,28
Travis,215,"Place 5, Judge, Court Of Criminal Appeals",,REP,Brent Webster,29,7,22
Travis,216,"Place 5, Judge, Court Of Criminal Appeals",,REP,Brent Webster,16,4,12
Travis,217,"Place 5, Judge, Court Of Criminal Appeals",,REP,Brent Webster,29,10,19
Travis,218,"Place 5, Judge, Court Of Criminal Appeals",,REP,Brent Webster,59,22,37
Travis,219,"Place 5, Judge, Court Of Criminal Appeals",,REP,Brent Webster,60,21,39
Travis,220,"Place 5, Judge, Court Of Criminal Appeals",,REP,Brent Webster,30,10,20
Travis,221,"Place 5, Judge, Court Of Criminal Appeals",,REP,Brent Webster,17,3,14
Travis,222,"Place 5, Judge, Court Of Criminal Appeals",,REP,Brent Webster,45,10,35
Travis,223,"Place 5, Judge, Court Of Criminal Appeals",,REP,Brent Webster,10,7,3
Travis,224,"Place 5, Judge, Court Of Criminal Appeals",,REP,Brent Webster,1,0,1
Travis,225,"Place 5, Judge, Court Of Criminal Appeals",,REP,Brent Webster,56,20,36
Travis,226,"Place 5, Judge, Court Of Criminal Appeals",,REP,Brent Webster,26,8,18
Travis,227,"Place 5, Judge, Court Of Criminal Appeals",,REP,Brent Webster,8,1,7
Travis,228,"Place 5, Judge, Court Of Criminal Appeals",,REP,Brent Webster,34,15,19
Travis,229,"Place 5, Judge, Court Of Criminal Appeals",,REP,Brent Webster,32,10,22
Travis,231,"Place 5, Judge, Court Of Criminal Appeals",,REP,Brent Webster,64,23,41
Travis,232,"Place 5, Judge, Court Of Criminal Appeals",,REP,Brent Webster,189,106,83
Travis,233,"Place 5, Judge, Court Of Criminal Appeals",,REP,Brent Webster,101,41,60
Travis,234,"Place 5, Judge, Court Of Criminal Appeals",,REP,Brent Webster,81,28,53
Travis,235,"Place 5, Judge, Court Of Criminal Appeals",,REP,Brent Webster,10,2,8
Travis,236,"Place 5, Judge, Court Of Criminal Appeals",,REP,Brent Webster,29,11,18
Travis,237,"Place 5, Judge, Court Of Criminal Appeals",,REP,Brent Webster,33,11,22
Travis,238,"Place 5, Judge, Court Of Criminal Appeals",,REP,Brent Webster,38,12,26
Travis,239,"Place 5, Judge, Court Of Criminal Appeals",,REP,Brent Webster,31,8,23
Travis,240,"Place 5, Judge, Court Of Criminal Appeals",,REP,Brent Webster,15,7,8
Travis,241,"Place 5, Judge, Court Of Criminal Appeals",,REP,Brent Webster,22,5,17
Travis,242,"Place 5, Judge, Court Of Criminal Appeals",,REP,Brent Webster,47,14,33
Travis,243,"Place 5, Judge, Court Of Criminal Appeals",,REP,Brent Webster,35,20,15
Travis,244,"Place 5, Judge, Court Of Criminal Appeals",,REP,Brent Webster,98,46,52
Travis,245,"Place 5, Judge, Court Of Criminal Appeals",,REP,Brent Webster,38,12,26
Travis,246,"Place 5, Judge, Court Of Criminal Appeals",,REP,Brent Webster,42,16,26
Travis,247,"Place 5, Judge, Court Of Criminal Appeals",,REP,Brent Webster,26,13,13
Travis,248,"Place 5, Judge, Court Of Criminal Appeals",,REP,Brent Webster,31,11,20
Travis,249,"Place 5, Judge, Court Of Criminal Appeals",,REP,Brent Webster,34,4,30
Travis,250,"Place 5, Judge, Court Of Criminal Appeals",,REP,Brent Webster,35,12,23
Travis,251,"Place 5, Judge, Court Of Criminal Appeals",,REP,Brent Webster,40,14,26
Travis,252,"Place 5, Judge, Court Of Criminal Appeals",,REP,Brent Webster,32,12,20
Travis,253,"Place 5, Judge, Court Of Criminal Appeals",,REP,Brent Webster,68,23,45
Travis,254,"Place 5, Judge, Court Of Criminal Appeals",,REP,Brent Webster,79,36,43
Travis,256,"Place 5, Judge, Court Of Criminal Appeals",,REP,Brent Webster,36,20,16
Travis,258,"Place 5, Judge, Court Of Criminal Appeals",,REP,Brent Webster,36,5,31
Travis,259,"Place 5, Judge, Court Of Criminal Appeals",,REP,Brent Webster,65,29,36
Travis,260,"Place 5, Judge, Court Of Criminal Appeals",,REP,Brent Webster,9,3,6
Travis,262,"Place 5, Judge, Court Of Criminal Appeals",,REP,Brent Webster,57,28,29
Travis,263,"Place 5, Judge, Court Of Criminal Appeals",,REP,Brent Webster,71,18,53
Travis,266,"Place 5, Judge, Court Of Criminal Appeals",,REP,Brent Webster,8,3,5
Travis,267,"Place 5, Judge, Court Of Criminal Appeals",,REP,Brent Webster,32,16,16
Travis,268,"Place 5, Judge, Court Of Criminal Appeals",,REP,Brent Webster,19,4,15
Travis,273,"Place 5, Judge, Court Of Criminal Appeals",,REP,Brent Webster,28,9,19
Travis,274,"Place 5, Judge, Court Of Criminal Appeals",,REP,Brent Webster,19,9,10
Travis,275,"Place 5, Judge, Court Of Criminal Appeals",,REP,Brent Webster,18,5,13
Travis,277,"Place 5, Judge, Court Of Criminal Appeals",,REP,Brent Webster,43,19,24
Travis,301,"Place 5, Judge, Court Of Criminal Appeals",,REP,Brent Webster,12,3,9
Travis,302,"Place 5, Judge, Court Of Criminal Appeals",,REP,Brent Webster,88,44,44
Travis,303,"Place 5, Judge, Court Of Criminal Appeals",,REP,Brent Webster,93,45,48
Travis,304,"Place 5, Judge, Court Of Criminal Appeals",,REP,Brent Webster,109,48,61
Travis,305,"Place 5, Judge, Court Of Criminal Appeals",,REP,Brent Webster,0,0,0
Travis,306,"Place 5, Judge, Court Of Criminal Appeals",,REP,Brent Webster,113,70,43
Travis,307,"Place 5, Judge, Court Of Criminal Appeals",,REP,Brent Webster,21,11,10
Travis,308,"Place 5, Judge, Court Of Criminal Appeals",,REP,Brent Webster,231,94,137
Travis,309,"Place 5, Judge, Court Of Criminal Appeals",,REP,Brent Webster,31,18,13
Travis,310,"Place 5, Judge, Court Of Criminal Appeals",,REP,Brent Webster,105,46,59
Travis,311,"Place 5, Judge, Court Of Criminal Appeals",,REP,Brent Webster,30,15,15
Travis,312,"Place 5, Judge, Court Of Criminal Appeals",,REP,Brent Webster,71,41,30
Travis,313,"Place 5, Judge, Court Of Criminal Appeals",,REP,Brent Webster,0,0,0
Travis,314,"Place 5, Judge, Court Of Criminal Appeals",,REP,Brent Webster,142,71,71
Travis,315,"Place 5, Judge, Court Of Criminal Appeals",,REP,Brent Webster,95,46,49
Travis,316,"Place 5, Judge, Court Of Criminal Appeals",,REP,Brent Webster,98,50,48
Travis,317,"Place 5, Judge, Court Of Criminal Appeals",,REP,Brent Webster,49,14,35
Travis,318,"Place 5, Judge, Court Of Criminal Appeals",,REP,Brent Webster,21,7,14
Travis,319,"Place 5, Judge, Court Of Criminal Appeals",,REP,Brent Webster,85,46,39
Travis,320,"Place 5, Judge, Court Of Criminal Appeals",,REP,Brent Webster,78,46,32
Travis,321,"Place 5, Judge, Court Of Criminal Appeals",,REP,Brent Webster,14,8,6
Travis,323,"Place 5, Judge, Court Of Criminal Appeals",,REP,Brent Webster,25,8,17
Travis,324,"Place 5, Judge, Court Of Criminal Appeals",,REP,Brent Webster,176,98,78
Travis,325,"Place 5, Judge, Court Of Criminal Appeals",,REP,Brent Webster,1,1,0
Travis,326,"Place 5, Judge, Court Of Criminal Appeals",,REP,Brent Webster,60,17,43
Travis,327,"Place 5, Judge, Court Of Criminal Appeals",,REP,Brent Webster,55,21,34
Travis,328,"Place 5, Judge, Court Of Criminal Appeals",,REP,Brent Webster,74,38,36
Travis,329,"Place 5, Judge, Court Of Criminal Appeals",,REP,Brent Webster,32,14,18
Travis,330,"Place 5, Judge, Court Of Criminal Appeals",,REP,Brent Webster,84,45,39
Travis,331,"Place 5, Judge, Court Of Criminal Appeals",,REP,Brent Webster,79,35,44
Travis,332,"Place 5, Judge, Court Of Criminal Appeals",,REP,Brent Webster,16,6,10
Travis,333,"Place 5, Judge, Court Of Criminal Appeals",,REP,Brent Webster,125,27,98
Travis,334,"Place 5, Judge, Court Of Criminal Appeals",,REP,Brent Webster,122,58,64
Travis,335,"Place 5, Judge, Court Of Criminal Appeals",,REP,Brent Webster,61,22,39
Travis,336,"Place 5, Judge, Court Of Criminal Appeals",,REP,Brent Webster,60,16,44
Travis,337,"Place 5, Judge, Court Of Criminal Appeals",,REP,Brent Webster,83,20,63
Travis,338,"Place 5, Judge, Court Of Criminal Appeals",,REP,Brent Webster,101,42,59
Travis,339,"Place 5, Judge, Court Of Criminal Appeals",,REP,Brent Webster,26,15,11
Travis,340,"Place 5, Judge, Court Of Criminal Appeals",,REP,Brent Webster,23,10,13
Travis,341,"Place 5, Judge, Court Of Criminal Appeals",,REP,Brent Webster,2,1,1
Travis,342,"Place 5, Judge, Court Of Criminal Appeals",,REP,Brent Webster,40,15,25
Travis,343,"Place 5, Judge, Court Of Criminal Appeals",,REP,Brent Webster,37,11,26
Travis,344,"Place 5, Judge, Court Of Criminal Appeals",,REP,Brent Webster,33,15,18
Travis,345,"Place 5, Judge, Court Of Criminal Appeals",,REP,Brent Webster,0,0,0
Travis,346,"Place 5, Judge, Court Of Criminal Appeals",,REP,Brent Webster,155,101,54
Travis,347,"Place 5, Judge, Court Of Criminal Appeals",,REP,Brent Webster,35,17,18
Travis,349,"Place 5, Judge, Court Of Criminal Appeals",,REP,Brent Webster,94,33,61
Travis,350,"Place 5, Judge, Court Of Criminal Appeals",,REP,Brent Webster,68,31,37
Travis,351,"Place 5, Judge, Court Of Criminal Appeals",,REP,Brent Webster,30,14,16
Travis,352,"Place 5, Judge, Court Of Criminal Appeals",,REP,Brent Webster,41,16,25
Travis,354,"Place 5, Judge, Court Of Criminal Appeals",,REP,Brent Webster,76,31,45
Travis,356,"Place 5, Judge, Court Of Criminal Appeals",,REP,Brent Webster,15,5,10
Travis,357,"Place 5, Judge, Court Of Criminal Appeals",,REP,Brent Webster,14,2,12
Travis,358,"Place 5, Judge, Court Of Criminal Appeals",,REP,Brent Webster,56,24,32
Travis,359,"Place 5, Judge, Court Of Criminal Appeals",,REP,Brent Webster,146,64,82
Travis,360,"Place 5, Judge, Court Of Criminal Appeals",,REP,Brent Webster,96,56,40
Travis,361,"Place 5, Judge, Court Of Criminal Appeals",,REP,Brent Webster,35,14,21
Travis,362,"Place 5, Judge, Court Of Criminal Appeals",,REP,Brent Webster,53,26,27
Travis,363,"Place 5, Judge, Court Of Criminal Appeals",,REP,Brent Webster,31,12,19
Travis,364,"Place 5, Judge, Court Of Criminal Appeals",,REP,Brent Webster,54,26,28
Travis,365,"Place 5, Judge, Court Of Criminal Appeals",,REP,Brent Webster,48,16,32
Travis,366,"Place 5, Judge, Court Of Criminal Appeals",,REP,Brent Webster,98,46,52
Travis,367,"Place 5, Judge, Court Of Criminal Appeals",,REP,Brent Webster,137,58,79
Travis,368,"Place 5, Judge, Court Of Criminal Appeals",,REP,Brent Webster,9,4,5
Travis,369,"Place 5, Judge, Court Of Criminal Appeals",,REP,Brent Webster,99,25,74
Travis,370,"Place 5, Judge, Court Of Criminal Appeals",,REP,Brent Webster,39,3,36
Travis,371,"Place 5, Judge, Court Of Criminal Appeals",,REP,Brent Webster,90,20,70
Travis,372,"Place 5, Judge, Court Of Criminal Appeals",,REP,Brent Webster,66,13,53
Travis,373,"Place 5, Judge, Court Of Criminal Appeals",,REP,Brent Webster,217,89,128
Travis,374,"Place 5, Judge, Court Of Criminal Appeals",,REP,Brent Webster,244,65,179
Travis,375,"Place 5, Judge, Court Of Criminal Appeals",,REP,Brent Webster,26,10,16
Travis,401,"Place 5, Judge, Court Of Criminal Appeals",,REP,Brent Webster,26,9,17
Travis,402,"Place 5, Judge, Court Of Criminal Appeals",,REP,Brent Webster,27,8,19
Travis,403,"Place 5, Judge, Court Of Criminal Appeals",,REP,Brent Webster,20,6,14
Travis,404,"Place 5, Judge, Court Of Criminal Appeals",,REP,Brent Webster,20,8,12
Travis,405,"Place 5, Judge, Court Of Criminal Appeals",,REP,Brent Webster,3,2,1
Travis,406,"Place 5, Judge, Court Of Criminal Appeals",,REP,Brent Webster,105,57,48
Travis,407,"Place 5, Judge, Court Of Criminal Appeals",,REP,Brent Webster,13,5,8
Travis,408,"Place 5, Judge, Court Of Criminal Appeals",,REP,Brent Webster,44,12,32
Travis,409,"Place 5, Judge, Court Of Criminal Appeals",,REP,Brent Webster,17,4,13
Travis,410,"Place 5, Judge, Court Of Criminal Appeals",,REP,Brent Webster,22,11,11
Travis,411,"Place 5, Judge, Court Of Criminal Appeals",,REP,Brent Webster,23,10,13
Travis,412,"Place 5, Judge, Court Of Criminal Appeals",,REP,Brent Webster,1,1,0
Travis,413,"Place 5, Judge, Court Of Criminal Appeals",,REP,Brent Webster,3,3,0
Travis,414,"Place 5, Judge, Court Of Criminal Appeals",,REP,Brent Webster,50,18,32
Travis,415,"Place 5, Judge, Court Of Criminal Appeals",,REP,Brent Webster,9,2,7
Travis,416,"Place 5, Judge, Court Of Criminal Appeals",,REP,Brent Webster,1,0,1
Travis,417,"Place 5, Judge, Court Of Criminal Appeals",,REP,Brent Webster,15,5,10
Travis,418,"Place 5, Judge, Court Of Criminal Appeals",,REP,Brent Webster,0,0,0
Travis,419,"Place 5, Judge, Court Of Criminal Appeals",,REP,Brent Webster,5,0,5
Travis,420,"Place 5, Judge, Court Of Criminal Appeals",,REP,Brent Webster,14,5,9
Travis,421,"Place 5, Judge, Court Of Criminal Appeals",,REP,Brent Webster,15,2,13
Travis,422,"Place 5, Judge, Court Of Criminal Appeals",,REP,Brent Webster,11,1,10
Travis,423,"Place 5, Judge, Court Of Criminal Appeals",,REP,Brent Webster,4,1,3
Travis,424,"Place 5, Judge, Court Of Criminal Appeals",,REP,Brent Webster,10,2,8
Travis,425,"Place 5, Judge, Court Of Criminal Appeals",,REP,Brent Webster,2,2,0
Travis,426,"Place 5, Judge, Court Of Criminal Appeals",,REP,Brent Webster,12,3,9
Travis,427,"Place 5, Judge, Court Of Criminal Appeals",,REP,Brent Webster,4,0,4
Travis,428,"Place 5, Judge, Court Of Criminal Appeals",,REP,Brent Webster,21,12,9
Travis,429,"Place 5, Judge, Court Of Criminal Appeals",,REP,Brent Webster,25,12,13
Travis,430,"Place 5, Judge, Court Of Criminal Appeals",,REP,Brent Webster,6,3,3
Travis,431,"Place 5, Judge, Court Of Criminal Appeals",,REP,Brent Webster,26,12,14
Travis,432,"Place 5, Judge, Court Of Criminal Appeals",,REP,Brent Webster,0,0,0
Travis,433,"Place 5, Judge, Court Of Criminal Appeals",,REP,Brent Webster,13,8,5
Travis,434,"Place 5, Judge, Court Of Criminal Appeals",,REP,Brent Webster,0,0,0
Travis,435,"Place 5, Judge, Court Of Criminal Appeals",,REP,Brent Webster,80,33,47
Travis,436,"Place 5, Judge, Court Of Criminal Appeals",,REP,Brent Webster,0,0,0
Travis,437,"Place 5, Judge, Court Of Criminal Appeals",,REP,Brent Webster,5,1,4
Travis,438,"Place 5, Judge, Court Of Criminal Appeals",,REP,Brent Webster,7,3,4
Travis,439,"Place 5, Judge, Court Of Criminal Appeals",,REP,Brent Webster,8,1,7
Travis,440,"Place 5, Judge, Court Of Criminal Appeals",,REP,Brent Webster,7,2,5
Travis,441,"Place 5, Judge, Court Of Criminal Appeals",,REP,Brent Webster,28,9,19
Travis,442,"Place 5, Judge, Court Of Criminal Appeals",,REP,Brent Webster,7,2,5
Travis,443,"Place 5, Judge, Court Of Criminal Appeals",,REP,Brent Webster,21,12,9
Travis,444,"Place 5, Judge, Court Of Criminal Appeals",,REP,Brent Webster,0,0,0
Travis,446,"Place 5, Judge, Court Of Criminal Appeals",,REP,Brent Webster,17,3,14
Travis,447,"Place 5, Judge, Court Of Criminal Appeals",,REP,Brent Webster,24,5,19
Travis,448,"Place 5, Judge, Court Of Criminal Appeals",,REP,Brent Webster,21,8,13
Travis,450,"Place 5, Judge, Court Of Criminal Appeals",,REP,Brent Webster,13,2,11
Travis,451,"Place 5, Judge, Court Of Criminal Appeals",,REP,Brent Webster,17,5,12
Travis,452,"Place 5, Judge, Court Of Criminal Appeals",,REP,Brent Webster,6,2,4
Travis,454,"Place 5, Judge, Court Of Criminal Appeals",,REP,Brent Webster,29,16,13
Travis,458,"Place 5, Judge, Court Of Criminal Appeals",,REP,Brent Webster,38,19,19
Travis,460,"Place 5, Judge, Court Of Criminal Appeals",,REP,Brent Webster,20,10,10
Travis,461,"Place 5, Judge, Court Of Criminal Appeals",,REP,Brent Webster,23,10,13
Travis,463,"Place 5, Judge, Court Of Criminal Appeals",,REP,Brent Webster,37,12,25
Travis,101,"Place 5, Judge, Court Of Criminal Appeals",,REP,Scott Walker,96,32,64
Travis,102,"Place 5, Judge, Court Of Criminal Appeals",,REP,Scott Walker,31,9,22
Travis,103,"Place 5, Judge, Court Of Criminal Appeals",,REP,Scott Walker,67,27,40
Travis,104,"Place 5, Judge, Court Of Criminal Appeals",,REP,Scott Walker,43,11,32
Travis,105,"Place 5, Judge, Court Of Criminal Appeals",,REP,Scott Walker,200,81,119
Travis,106,"Place 5, Judge, Court Of Criminal Appeals",,REP,Scott Walker,177,63,114
Travis,107,"Place 5, Judge, Court Of Criminal Appeals",,REP,Scott Walker,35,3,32
Travis,108,"Place 5, Judge, Court Of Criminal Appeals",,REP,Scott Walker,41,6,35
Travis,109,"Place 5, Judge, Court Of Criminal Appeals",,REP,Scott Walker,62,19,43
Travis,110,"Place 5, Judge, Court Of Criminal Appeals",,REP,Scott Walker,228,87,141
Travis,111,"Place 5, Judge, Court Of Criminal Appeals",,REP,Scott Walker,108,31,77
Travis,112,"Place 5, Judge, Court Of Criminal Appeals",,REP,Scott Walker,28,6,22
Travis,113,"Place 5, Judge, Court Of Criminal Appeals",,REP,Scott Walker,168,63,105
Travis,114,"Place 5, Judge, Court Of Criminal Appeals",,REP,Scott Walker,7,2,5
Travis,115,"Place 5, Judge, Court Of Criminal Appeals",,REP,Scott Walker,0,0,0
Travis,116,"Place 5, Judge, Court Of Criminal Appeals",,REP,Scott Walker,0,0,0
Travis,117,"Place 5, Judge, Court Of Criminal Appeals",,REP,Scott Walker,19,11,8
Travis,118,"Place 5, Judge, Court Of Criminal Appeals",,REP,Scott Walker,10,7,3
Travis,119,"Place 5, Judge, Court Of Criminal Appeals",,REP,Scott Walker,0,0,0
Travis,120,"Place 5, Judge, Court Of Criminal Appeals",,REP,Scott Walker,3,0,3
Travis,121,"Place 5, Judge, Court Of Criminal Appeals",,REP,Scott Walker,7,1,6
Travis,122,"Place 5, Judge, Court Of Criminal Appeals",,REP,Scott Walker,14,5,9
Travis,123,"Place 5, Judge, Court Of Criminal Appeals",,REP,Scott Walker,200,56,144
Travis,124,"Place 5, Judge, Court Of Criminal Appeals",,REP,Scott Walker,27,12,15
Travis,125,"Place 5, Judge, Court Of Criminal Appeals",,REP,Scott Walker,0,0,0
Travis,126,"Place 5, Judge, Court Of Criminal Appeals",,REP,Scott Walker,27,12,15
Travis,127,"Place 5, Judge, Court Of Criminal Appeals",,REP,Scott Walker,0,0,0
Travis,128,"Place 5, Judge, Court Of Criminal Appeals",,REP,Scott Walker,0,0,0
Travis,129,"Place 5, Judge, Court Of Criminal Appeals",,REP,Scott Walker,13,8,5
Travis,130,"Place 5, Judge, Court Of Criminal Appeals",,REP,Scott Walker,34,4,30
Travis,131,"Place 5, Judge, Court Of Criminal Appeals",,REP,Scott Walker,0,0,0
Travis,132,"Place 5, Judge, Court Of Criminal Appeals",,REP,Scott Walker,29,14,15
Travis,133,"Place 5, Judge, Court Of Criminal Appeals",,REP,Scott Walker,42,10,32
Travis,134,"Place 5, Judge, Court Of Criminal Appeals",,REP,Scott Walker,0,0,0
Travis,135,"Place 5, Judge, Court Of Criminal Appeals",,REP,Scott Walker,77,24,53
Travis,136,"Place 5, Judge, Court Of Criminal Appeals",,REP,Scott Walker,187,61,126
Travis,137,"Place 5, Judge, Court Of Criminal Appeals",,REP,Scott Walker,443,129,314
Travis,138,"Place 5, Judge, Court Of Criminal Appeals",,REP,Scott Walker,0,0,0
Travis,139,"Place 5, Judge, Court Of Criminal Appeals",,REP,Scott Walker,62,22,40
Travis,140,"Place 5, Judge, Court Of Criminal Appeals",,REP,Scott Walker,38,18,20
Travis,141,"Place 5, Judge, Court Of Criminal Appeals",,REP,Scott Walker,9,3,6
Travis,142,"Place 5, Judge, Court Of Criminal Appeals",,REP,Scott Walker,6,2,4
Travis,145,"Place 5, Judge, Court Of Criminal Appeals",,REP,Scott Walker,105,30,75
Travis,146,"Place 5, Judge, Court Of Criminal Appeals",,REP,Scott Walker,152,52,100
Travis,148,"Place 5, Judge, Court Of Criminal Appeals",,REP,Scott Walker,129,48,81
Travis,149,"Place 5, Judge, Court Of Criminal Appeals",,REP,Scott Walker,16,4,12
Travis,150,"Place 5, Judge, Court Of Criminal Appeals",,REP,Scott Walker,158,62,96
Travis,151,"Place 5, Judge, Court Of Criminal Appeals",,REP,Scott Walker,34,5,29
Travis,152,"Place 5, Judge, Court Of Criminal Appeals",,REP,Scott Walker,25,12,13
Travis,153,"Place 5, Judge, Court Of Criminal Appeals",,REP,Scott Walker,110,34,76
Travis,154,"Place 5, Judge, Court Of Criminal Appeals",,REP,Scott Walker,74,20,54
Travis,156,"Place 5, Judge, Court Of Criminal Appeals",,REP,Scott Walker,83,26,57
Travis,160,"Place 5, Judge, Court Of Criminal Appeals",,REP,Scott Walker,73,34,39
Travis,161,"Place 5, Judge, Court Of Criminal Appeals",,REP,Scott Walker,68,19,49
Travis,163,"Place 5, Judge, Court Of Criminal Appeals",,REP,Scott Walker,28,11,17
Travis,164,"Place 5, Judge, Court Of Criminal Appeals",,REP,Scott Walker,37,8,29
Travis,200,"Place 5, Judge, Court Of Criminal Appeals",,REP,Scott Walker,49,19,30
Travis,202,"Place 5, Judge, Court Of Criminal Appeals",,REP,Scott Walker,57,17,40
Travis,203,"Place 5, Judge, Court Of Criminal Appeals",,REP,Scott Walker,24,7,17
Travis,205,"Place 5, Judge, Court Of Criminal Appeals",,REP,Scott Walker,64,16,48
Travis,206,"Place 5, Judge, Court Of Criminal Appeals",,REP,Scott Walker,25,7,18
Travis,207,"Place 5, Judge, Court Of Criminal Appeals",,REP,Scott Walker,160,60,100
Travis,208,"Place 5, Judge, Court Of Criminal Appeals",,REP,Scott Walker,128,63,65
Travis,209,"Place 5, Judge, Court Of Criminal Appeals",,REP,Scott Walker,25,9,16
Travis,210,"Place 5, Judge, Court Of Criminal Appeals",,REP,Scott Walker,72,37,35
Travis,211,"Place 5, Judge, Court Of Criminal Appeals",,REP,Scott Walker,54,8,46
Travis,212,"Place 5, Judge, Court Of Criminal Appeals",,REP,Scott Walker,284,123,161
Travis,213,"Place 5, Judge, Court Of Criminal Appeals",,REP,Scott Walker,0,0,0
Travis,214,"Place 5, Judge, Court Of Criminal Appeals",,REP,Scott Walker,147,48,99
Travis,215,"Place 5, Judge, Court Of Criminal Appeals",,REP,Scott Walker,71,23,48
Travis,216,"Place 5, Judge, Court Of Criminal Appeals",,REP,Scott Walker,50,18,32
Travis,217,"Place 5, Judge, Court Of Criminal Appeals",,REP,Scott Walker,58,18,40
Travis,218,"Place 5, Judge, Court Of Criminal Appeals",,REP,Scott Walker,103,40,63
Travis,219,"Place 5, Judge, Court Of Criminal Appeals",,REP,Scott Walker,109,42,67
Travis,220,"Place 5, Judge, Court Of Criminal Appeals",,REP,Scott Walker,100,36,64
Travis,221,"Place 5, Judge, Court Of Criminal Appeals",,REP,Scott Walker,62,22,40
Travis,222,"Place 5, Judge, Court Of Criminal Appeals",,REP,Scott Walker,84,30,54
Travis,223,"Place 5, Judge, Court Of Criminal Appeals",,REP,Scott Walker,14,3,11
Travis,224,"Place 5, Judge, Court Of Criminal Appeals",,REP,Scott Walker,4,0,4
Travis,225,"Place 5, Judge, Court Of Criminal Appeals",,REP,Scott Walker,124,44,80
Travis,226,"Place 5, Judge, Court Of Criminal Appeals",,REP,Scott Walker,46,13,33
Travis,227,"Place 5, Judge, Court Of Criminal Appeals",,REP,Scott Walker,25,10,15
Travis,228,"Place 5, Judge, Court Of Criminal Appeals",,REP,Scott Walker,71,31,40
Travis,229,"Place 5, Judge, Court Of Criminal Appeals",,REP,Scott Walker,61,18,43
Travis,231,"Place 5, Judge, Court Of Criminal Appeals",,REP,Scott Walker,129,52,77
Travis,232,"Place 5, Judge, Court Of Criminal Appeals",,REP,Scott Walker,412,195,217
Travis,233,"Place 5, Judge, Court Of Criminal Appeals",,REP,Scott Walker,207,72,135
Travis,234,"Place 5, Judge, Court Of Criminal Appeals",,REP,Scott Walker,160,65,95
Travis,235,"Place 5, Judge, Court Of Criminal Appeals",,REP,Scott Walker,39,12,27
Travis,236,"Place 5, Judge, Court Of Criminal Appeals",,REP,Scott Walker,57,14,43
Travis,237,"Place 5, Judge, Court Of Criminal Appeals",,REP,Scott Walker,110,32,78
Travis,238,"Place 5, Judge, Court Of Criminal Appeals",,REP,Scott Walker,111,28,83
Travis,239,"Place 5, Judge, Court Of Criminal Appeals",,REP,Scott Walker,65,16,49
Travis,240,"Place 5, Judge, Court Of Criminal Appeals",,REP,Scott Walker,43,13,30
Travis,241,"Place 5, Judge, Court Of Criminal Appeals",,REP,Scott Walker,43,12,31
Travis,242,"Place 5, Judge, Court Of Criminal Appeals",,REP,Scott Walker,85,35,50
Travis,243,"Place 5, Judge, Court Of Criminal Appeals",,REP,Scott Walker,60,31,29
Travis,244,"Place 5, Judge, Court Of Criminal Appeals",,REP,Scott Walker,226,126,100
Travis,245,"Place 5, Judge, Court Of Criminal Appeals",,REP,Scott Walker,72,17,55
Travis,246,"Place 5, Judge, Court Of Criminal Appeals",,REP,Scott Walker,77,25,52
Travis,247,"Place 5, Judge, Court Of Criminal Appeals",,REP,Scott Walker,55,13,42
Travis,248,"Place 5, Judge, Court Of Criminal Appeals",,REP,Scott Walker,63,25,38
Travis,249,"Place 5, Judge, Court Of Criminal Appeals",,REP,Scott Walker,126,40,86
Travis,250,"Place 5, Judge, Court Of Criminal Appeals",,REP,Scott Walker,107,31,76
Travis,251,"Place 5, Judge, Court Of Criminal Appeals",,REP,Scott Walker,109,36,73
Travis,252,"Place 5, Judge, Court Of Criminal Appeals",,REP,Scott Walker,62,26,36
Travis,253,"Place 5, Judge, Court Of Criminal Appeals",,REP,Scott Walker,175,74,101
Travis,254,"Place 5, Judge, Court Of Criminal Appeals",,REP,Scott Walker,121,44,77
Travis,256,"Place 5, Judge, Court Of Criminal Appeals",,REP,Scott Walker,124,58,66
Travis,258,"Place 5, Judge, Court Of Criminal Appeals",,REP,Scott Walker,112,36,76
Travis,259,"Place 5, Judge, Court Of Criminal Appeals",,REP,Scott Walker,116,45,71
Travis,260,"Place 5, Judge, Court Of Criminal Appeals",,REP,Scott Walker,18,5,13
Travis,262,"Place 5, Judge, Court Of Criminal Appeals",,REP,Scott Walker,181,90,91
Travis,263,"Place 5, Judge, Court Of Criminal Appeals",,REP,Scott Walker,91,21,70
Travis,266,"Place 5, Judge, Court Of Criminal Appeals",,REP,Scott Walker,36,19,17
Travis,267,"Place 5, Judge, Court Of Criminal Appeals",,REP,Scott Walker,61,21,40
Travis,268,"Place 5, Judge, Court Of Criminal Appeals",,REP,Scott Walker,22,5,17
Travis,273,"Place 5, Judge, Court Of Criminal Appeals",,REP,Scott Walker,79,42,37
Travis,274,"Place 5, Judge, Court Of Criminal Appeals",,REP,Scott Walker,34,17,17
Travis,275,"Place 5, Judge, Court Of Criminal Appeals",,REP,Scott Walker,31,7,24
Travis,277,"Place 5, Judge, Court Of Criminal Appeals",,REP,Scott Walker,177,74,103
Travis,301,"Place 5, Judge, Court Of Criminal Appeals",,REP,Scott Walker,47,17,30
Travis,302,"Place 5, Judge, Court Of Criminal Appeals",,REP,Scott Walker,217,121,96
Travis,303,"Place 5, Judge, Court Of Criminal Appeals",,REP,Scott Walker,220,82,138
Travis,304,"Place 5, Judge, Court Of Criminal Appeals",,REP,Scott Walker,253,84,169
Travis,305,"Place 5, Judge, Court Of Criminal Appeals",,REP,Scott Walker,2,2,0
Travis,306,"Place 5, Judge, Court Of Criminal Appeals",,REP,Scott Walker,265,140,125
Travis,307,"Place 5, Judge, Court Of Criminal Appeals",,REP,Scott Walker,65,20,45
Travis,308,"Place 5, Judge, Court Of Criminal Appeals",,REP,Scott Walker,491,190,301
Travis,309,"Place 5, Judge, Court Of Criminal Appeals",,REP,Scott Walker,113,57,56
Travis,310,"Place 5, Judge, Court Of Criminal Appeals",,REP,Scott Walker,226,94,132
Travis,311,"Place 5, Judge, Court Of Criminal Appeals",,REP,Scott Walker,110,52,58
Travis,312,"Place 5, Judge, Court Of Criminal Appeals",,REP,Scott Walker,157,75,82
Travis,313,"Place 5, Judge, Court Of Criminal Appeals",,REP,Scott Walker,4,2,2
Travis,314,"Place 5, Judge, Court Of Criminal Appeals",,REP,Scott Walker,387,195,192
Travis,315,"Place 5, Judge, Court Of Criminal Appeals",,REP,Scott Walker,252,107,145
Travis,316,"Place 5, Judge, Court Of Criminal Appeals",,REP,Scott Walker,215,82,133
Travis,317,"Place 5, Judge, Court Of Criminal Appeals",,REP,Scott Walker,163,63,100
Travis,318,"Place 5, Judge, Court Of Criminal Appeals",,REP,Scott Walker,43,8,35
Travis,319,"Place 5, Judge, Court Of Criminal Appeals",,REP,Scott Walker,180,89,91
Travis,320,"Place 5, Judge, Court Of Criminal Appeals",,REP,Scott Walker,191,102,89
Travis,321,"Place 5, Judge, Court Of Criminal Appeals",,REP,Scott Walker,34,18,16
Travis,323,"Place 5, Judge, Court Of Criminal Appeals",,REP,Scott Walker,45,22,23
Travis,324,"Place 5, Judge, Court Of Criminal Appeals",,REP,Scott Walker,391,179,212
Travis,325,"Place 5, Judge, Court Of Criminal Appeals",,REP,Scott Walker,0,0,0
Travis,326,"Place 5, Judge, Court Of Criminal Appeals",,REP,Scott Walker,110,39,71
Travis,327,"Place 5, Judge, Court Of Criminal Appeals",,REP,Scott Walker,162,60,102
Travis,328,"Place 5, Judge, Court Of Criminal Appeals",,REP,Scott Walker,148,66,82
Travis,329,"Place 5, Judge, Court Of Criminal Appeals",,REP,Scott Walker,103,46,57
Travis,330,"Place 5, Judge, Court Of Criminal Appeals",,REP,Scott Walker,196,78,118
Travis,331,"Place 5, Judge, Court Of Criminal Appeals",,REP,Scott Walker,130,43,87
Travis,332,"Place 5, Judge, Court Of Criminal Appeals",,REP,Scott Walker,35,14,21
Travis,333,"Place 5, Judge, Court Of Criminal Appeals",,REP,Scott Walker,172,30,142
Travis,334,"Place 5, Judge, Court Of Criminal Appeals",,REP,Scott Walker,173,47,126
Travis,335,"Place 5, Judge, Court Of Criminal Appeals",,REP,Scott Walker,123,53,70
Travis,336,"Place 5, Judge, Court Of Criminal Appeals",,REP,Scott Walker,129,45,84
Travis,337,"Place 5, Judge, Court Of Criminal Appeals",,REP,Scott Walker,191,46,145
Travis,338,"Place 5, Judge, Court Of Criminal Appeals",,REP,Scott Walker,296,98,198
Travis,339,"Place 5, Judge, Court Of Criminal Appeals",,REP,Scott Walker,80,42,38
Travis,340,"Place 5, Judge, Court Of Criminal Appeals",,REP,Scott Walker,54,13,41
Travis,341,"Place 5, Judge, Court Of Criminal Appeals",,REP,Scott Walker,2,0,2
Travis,342,"Place 5, Judge, Court Of Criminal Appeals",,REP,Scott Walker,105,40,65
Travis,343,"Place 5, Judge, Court Of Criminal Appeals",,REP,Scott Walker,83,23,60
Travis,344,"Place 5, Judge, Court Of Criminal Appeals",,REP,Scott Walker,49,15,34
Travis,345,"Place 5, Judge, Court Of Criminal Appeals",,REP,Scott Walker,0,0,0
Travis,346,"Place 5, Judge, Court Of Criminal Appeals",,REP,Scott Walker,412,227,185
Travis,347,"Place 5, Judge, Court Of Criminal Appeals",,REP,Scott Walker,161,78,83
Travis,349,"Place 5, Judge, Court Of Criminal Appeals",,REP,Scott Walker,230,106,124
Travis,350,"Place 5, Judge, Court Of Criminal Appeals",,REP,Scott Walker,129,49,80
Travis,351,"Place 5, Judge, Court Of Criminal Appeals",,REP,Scott Walker,55,36,19
Travis,352,"Place 5, Judge, Court Of Criminal Appeals",,REP,Scott Walker,105,61,44
Travis,354,"Place 5, Judge, Court Of Criminal Appeals",,REP,Scott Walker,202,103,99
Travis,356,"Place 5, Judge, Court Of Criminal Appeals",,REP,Scott Walker,42,18,24
Travis,357,"Place 5, Judge, Court Of Criminal Appeals",,REP,Scott Walker,45,19,26
Travis,358,"Place 5, Judge, Court Of Criminal Appeals",,REP,Scott Walker,149,59,90
Travis,359,"Place 5, Judge, Court Of Criminal Appeals",,REP,Scott Walker,341,153,188
Travis,360,"Place 5, Judge, Court Of Criminal Appeals",,REP,Scott Walker,197,77,120
Travis,361,"Place 5, Judge, Court Of Criminal Appeals",,REP,Scott Walker,91,36,55
Travis,362,"Place 5, Judge, Court Of Criminal Appeals",,REP,Scott Walker,134,59,75
Travis,363,"Place 5, Judge, Court Of Criminal Appeals",,REP,Scott Walker,101,47,54
Travis,364,"Place 5, Judge, Court Of Criminal Appeals",,REP,Scott Walker,196,105,91
Travis,365,"Place 5, Judge, Court Of Criminal Appeals",,REP,Scott Walker,110,44,66
Travis,366,"Place 5, Judge, Court Of Criminal Appeals",,REP,Scott Walker,242,90,152
Travis,367,"Place 5, Judge, Court Of Criminal Appeals",,REP,Scott Walker,332,128,204
Travis,368,"Place 5, Judge, Court Of Criminal Appeals",,REP,Scott Walker,30,20,10
Travis,369,"Place 5, Judge, Court Of Criminal Appeals",,REP,Scott Walker,230,51,179
Travis,370,"Place 5, Judge, Court Of Criminal Appeals",,REP,Scott Walker,117,10,107
Travis,371,"Place 5, Judge, Court Of Criminal Appeals",,REP,Scott Walker,218,52,166
Travis,372,"Place 5, Judge, Court Of Criminal Appeals",,REP,Scott Walker,116,19,97
Travis,373,"Place 5, Judge, Court Of Criminal Appeals",,REP,Scott Walker,459,160,299
Travis,374,"Place 5, Judge, Court Of Criminal Appeals",,REP,Scott Walker,378,106,272
Travis,375,"Place 5, Judge, Court Of Criminal Appeals",,REP,Scott Walker,61,20,41
Travis,401,"Place 5, Judge, Court Of Criminal Appeals",,REP,Scott Walker,66,27,39
Travis,402,"Place 5, Judge, Court Of Criminal Appeals",,REP,Scott Walker,83,22,61
Travis,403,"Place 5, Judge, Court Of Criminal Appeals",,REP,Scott Walker,76,18,58
Travis,404,"Place 5, Judge, Court Of Criminal Appeals",,REP,Scott Walker,53,16,37
Travis,405,"Place 5, Judge, Court Of Criminal Appeals",,REP,Scott Walker,17,2,15
Travis,406,"Place 5, Judge, Court Of Criminal Appeals",,REP,Scott Walker,256,150,106
Travis,407,"Place 5, Judge, Court Of Criminal Appeals",,REP,Scott Walker,30,13,17
Travis,408,"Place 5, Judge, Court Of Criminal Appeals",,REP,Scott Walker,121,48,73
Travis,409,"Place 5, Judge, Court Of Criminal Appeals",,REP,Scott Walker,19,7,12
Travis,410,"Place 5, Judge, Court Of Criminal Appeals",,REP,Scott Walker,64,21,43
Travis,411,"Place 5, Judge, Court Of Criminal Appeals",,REP,Scott Walker,44,17,27
Travis,412,"Place 5, Judge, Court Of Criminal Appeals",,REP,Scott Walker,1,0,1
Travis,413,"Place 5, Judge, Court Of Criminal Appeals",,REP,Scott Walker,25,7,18
Travis,414,"Place 5, Judge, Court Of Criminal Appeals",,REP,Scott Walker,103,24,79
Travis,415,"Place 5, Judge, Court Of Criminal Appeals",,REP,Scott Walker,41,6,35
Travis,416,"Place 5, Judge, Court Of Criminal Appeals",,REP,Scott Walker,6,1,5
Travis,417,"Place 5, Judge, Court Of Criminal Appeals",,REP,Scott Walker,51,29,22
Travis,418,"Place 5, Judge, Court Of Criminal Appeals",,REP,Scott Walker,0,0,0
Travis,419,"Place 5, Judge, Court Of Criminal Appeals",,REP,Scott Walker,28,6,22
Travis,420,"Place 5, Judge, Court Of Criminal Appeals",,REP,Scott Walker,31,16,15
Travis,421,"Place 5, Judge, Court Of Criminal Appeals",,REP,Scott Walker,42,11,31
Travis,422,"Place 5, Judge, Court Of Criminal Appeals",,REP,Scott Walker,29,12,17
Travis,423,"Place 5, Judge, Court Of Criminal Appeals",,REP,Scott Walker,34,12,22
Travis,424,"Place 5, Judge, Court Of Criminal Appeals",,REP,Scott Walker,33,16,17
Travis,425,"Place 5, Judge, Court Of Criminal Appeals",,REP,Scott Walker,20,8,12
Travis,426,"Place 5, Judge, Court Of Criminal Appeals",,REP,Scott Walker,21,7,14
Travis,427,"Place 5, Judge, Court Of Criminal Appeals",,REP,Scott Walker,10,3,7
Travis,428,"Place 5, Judge, Court Of Criminal Appeals",,REP,Scott Walker,44,18,26
Travis,429,"Place 5, Judge, Court Of Criminal Appeals",,REP,Scott Walker,83,24,59
Travis,430,"Place 5, Judge, Court Of Criminal Appeals",,REP,Scott Walker,13,3,10
Travis,431,"Place 5, Judge, Court Of Criminal Appeals",,REP,Scott Walker,56,19,37
Travis,432,"Place 5, Judge, Court Of Criminal Appeals",,REP,Scott Walker,0,0,0
Travis,433,"Place 5, Judge, Court Of Criminal Appeals",,REP,Scott Walker,36,16,20
Travis,434,"Place 5, Judge, Court Of Criminal Appeals",,REP,Scott Walker,0,0,0
Travis,435,"Place 5, Judge, Court Of Criminal Appeals",,REP,Scott Walker,199,93,106
Travis,436,"Place 5, Judge, Court Of Criminal Appeals",,REP,Scott Walker,0,0,0
Travis,437,"Place 5, Judge, Court Of Criminal Appeals",,REP,Scott Walker,25,4,21
Travis,438,"Place 5, Judge, Court Of Criminal Appeals",,REP,Scott Walker,17,4,13
Travis,439,"Place 5, Judge, Court Of Criminal Appeals",,REP,Scott Walker,24,7,17
Travis,440,"Place 5, Judge, Court Of Criminal Appeals",,REP,Scott Walker,19,4,15
Travis,441,"Place 5, Judge, Court Of Criminal Appeals",,REP,Scott Walker,63,26,37
Travis,442,"Place 5, Judge, Court Of Criminal Appeals",,REP,Scott Walker,16,2,14
Travis,443,"Place 5, Judge, Court Of Criminal Appeals",,REP,Scott Walker,57,20,37
Travis,444,"Place 5, Judge, Court Of Criminal Appeals",,REP,Scott Walker,0,0,0
Travis,446,"Place 5, Judge, Court Of Criminal Appeals",,REP,Scott Walker,18,6,12
Travis,447,"Place 5, Judge, Court Of Criminal Appeals",,REP,Scott Walker,74,26,48
Travis,448,"Place 5, Judge, Court Of Criminal Appeals",,REP,Scott Walker,50,18,32
Travis,450,"Place 5, Judge, Court Of Criminal Appeals",,REP,Scott Walker,69,29,40
Travis,451,"Place 5, Judge, Court Of Criminal Appeals",,REP,Scott Walker,61,16,45
Travis,452,"Place 5, Judge, Court Of Criminal Appeals",,REP,Scott Walker,36,17,19
Travis,454,"Place 5, Judge, Court Of Criminal Appeals",,REP,Scott Walker,65,36,29
Travis,458,"Place 5, Judge, Court Of Criminal Appeals",,REP,Scott Walker,127,56,71
Travis,460,"Place 5, Judge, Court Of Criminal Appeals",,REP,Scott Walker,66,36,30
Travis,461,"Place 5, Judge, Court Of Criminal Appeals",,REP,Scott Walker,53,22,31
Travis,463,"Place 5, Judge, Court Of Criminal Appeals",,REP,Scott Walker,71,25,46
Travis,101,"Place 5, Judge, Court Of Criminal Appeals",,REP,Sid Harle,24,12,12
Travis,102,"Place 5, Judge, Court Of Criminal Appeals",,REP,Sid Harle,3,1,2
Travis,103,"Place 5, Judge, Court Of Criminal Appeals",,REP,Sid Harle,14,7,7
Travis,104,"Place 5, Judge, Court Of Criminal Appeals",,REP,Sid Harle,16,10,6
Travis,105,"Place 5, Judge, Court Of Criminal Appeals",,REP,Sid Harle,54,21,33
Travis,106,"Place 5, Judge, Court Of Criminal Appeals",,REP,Sid Harle,71,28,43
Travis,107,"Place 5, Judge, Court Of Criminal Appeals",,REP,Sid Harle,6,1,5
Travis,108,"Place 5, Judge, Court Of Criminal Appeals",,REP,Sid Harle,17,3,14
Travis,109,"Place 5, Judge, Court Of Criminal Appeals",,REP,Sid Harle,26,9,17
Travis,110,"Place 5, Judge, Court Of Criminal Appeals",,REP,Sid Harle,62,28,34
Travis,111,"Place 5, Judge, Court Of Criminal Appeals",,REP,Sid Harle,54,30,24
Travis,112,"Place 5, Judge, Court Of Criminal Appeals",,REP,Sid Harle,6,0,6
Travis,113,"Place 5, Judge, Court Of Criminal Appeals",,REP,Sid Harle,49,22,27
Travis,114,"Place 5, Judge, Court Of Criminal Appeals",,REP,Sid Harle,4,3,1
Travis,115,"Place 5, Judge, Court Of Criminal Appeals",,REP,Sid Harle,0,0,0
Travis,116,"Place 5, Judge, Court Of Criminal Appeals",,REP,Sid Harle,0,0,0
Travis,117,"Place 5, Judge, Court Of Criminal Appeals",,REP,Sid Harle,6,2,4
Travis,118,"Place 5, Judge, Court Of Criminal Appeals",,REP,Sid Harle,3,0,3
Travis,119,"Place 5, Judge, Court Of Criminal Appeals",,REP,Sid Harle,0,0,0
Travis,120,"Place 5, Judge, Court Of Criminal Appeals",,REP,Sid Harle,1,0,1
Travis,121,"Place 5, Judge, Court Of Criminal Appeals",,REP,Sid Harle,1,0,1
Travis,122,"Place 5, Judge, Court Of Criminal Appeals",,REP,Sid Harle,3,2,1
Travis,123,"Place 5, Judge, Court Of Criminal Appeals",,REP,Sid Harle,66,18,48
Travis,124,"Place 5, Judge, Court Of Criminal Appeals",,REP,Sid Harle,20,8,12
Travis,125,"Place 5, Judge, Court Of Criminal Appeals",,REP,Sid Harle,0,0,0
Travis,126,"Place 5, Judge, Court Of Criminal Appeals",,REP,Sid Harle,14,3,11
Travis,127,"Place 5, Judge, Court Of Criminal Appeals",,REP,Sid Harle,0,0,0
Travis,128,"Place 5, Judge, Court Of Criminal Appeals",,REP,Sid Harle,0,0,0
Travis,129,"Place 5, Judge, Court Of Criminal Appeals",,REP,Sid Harle,5,2,3
Travis,130,"Place 5, Judge, Court Of Criminal Appeals",,REP,Sid Harle,11,3,8
Travis,131,"Place 5, Judge, Court Of Criminal Appeals",,REP,Sid Harle,0,0,0
Travis,132,"Place 5, Judge, Court Of Criminal Appeals",,REP,Sid Harle,12,1,11
Travis,133,"Place 5, Judge, Court Of Criminal Appeals",,REP,Sid Harle,14,4,10
Travis,134,"Place 5, Judge, Court Of Criminal Appeals",,REP,Sid Harle,0,0,0
Travis,135,"Place 5, Judge, Court Of Criminal Appeals",,REP,Sid Harle,50,23,27
Travis,136,"Place 5, Judge, Court Of Criminal Appeals",,REP,Sid Harle,50,27,23
Travis,137,"Place 5, Judge, Court Of Criminal Appeals",,REP,Sid Harle,154,67,87
Travis,138,"Place 5, Judge, Court Of Criminal Appeals",,REP,Sid Harle,0,0,0
Travis,139,"Place 5, Judge, Court Of Criminal Appeals",,REP,Sid Harle,26,10,16
Travis,140,"Place 5, Judge, Court Of Criminal Appeals",,REP,Sid Harle,13,4,9
Travis,141,"Place 5, Judge, Court Of Criminal Appeals",,REP,Sid Harle,4,0,4
Travis,142,"Place 5, Judge, Court Of Criminal Appeals",,REP,Sid Harle,1,1,0
Travis,145,"Place 5, Judge, Court Of Criminal Appeals",,REP,Sid Harle,31,8,23
Travis,146,"Place 5, Judge, Court Of Criminal Appeals",,REP,Sid Harle,52,19,33
Travis,148,"Place 5, Judge, Court Of Criminal Appeals",,REP,Sid Harle,42,21,21
Travis,149,"Place 5, Judge, Court Of Criminal Appeals",,REP,Sid Harle,10,2,8
Travis,150,"Place 5, Judge, Court Of Criminal Appeals",,REP,Sid Harle,52,20,32
Travis,151,"Place 5, Judge, Court Of Criminal Appeals",,REP,Sid Harle,24,10,14
Travis,152,"Place 5, Judge, Court Of Criminal Appeals",,REP,Sid Harle,15,6,9
Travis,153,"Place 5, Judge, Court Of Criminal Appeals",,REP,Sid Harle,47,16,31
Travis,154,"Place 5, Judge, Court Of Criminal Appeals",,REP,Sid Harle,32,5,27
Travis,156,"Place 5, Judge, Court Of Criminal Appeals",,REP,Sid Harle,33,14,19
Travis,160,"Place 5, Judge, Court Of Criminal Appeals",,REP,Sid Harle,16,6,10
Travis,161,"Place 5, Judge, Court Of Criminal Appeals",,REP,Sid Harle,18,7,11
Travis,163,"Place 5, Judge, Court Of Criminal Appeals",,REP,Sid Harle,3,0,3
Travis,164,"Place 5, Judge, Court Of Criminal Appeals",,REP,Sid Harle,6,4,2
Travis,200,"Place 5, Judge, Court Of Criminal Appeals",,REP,Sid Harle,25,6,19
Travis,202,"Place 5, Judge, Court Of Criminal Appeals",,REP,Sid Harle,24,8,16
Travis,203,"Place 5, Judge, Court Of Criminal Appeals",,REP,Sid Harle,8,5,3
Travis,205,"Place 5, Judge, Court Of Criminal Appeals",,REP,Sid Harle,24,12,12
Travis,206,"Place 5, Judge, Court Of Criminal Appeals",,REP,Sid Harle,9,2,7
Travis,207,"Place 5, Judge, Court Of Criminal Appeals",,REP,Sid Harle,66,28,38
Travis,208,"Place 5, Judge, Court Of Criminal Appeals",,REP,Sid Harle,37,14,23
Travis,209,"Place 5, Judge, Court Of Criminal Appeals",,REP,Sid Harle,11,2,9
Travis,210,"Place 5, Judge, Court Of Criminal Appeals",,REP,Sid Harle,39,21,18
Travis,211,"Place 5, Judge, Court Of Criminal Appeals",,REP,Sid Harle,17,10,7
Travis,212,"Place 5, Judge, Court Of Criminal Appeals",,REP,Sid Harle,154,73,81
Travis,213,"Place 5, Judge, Court Of Criminal Appeals",,REP,Sid Harle,0,0,0
Travis,214,"Place 5, Judge, Court Of Criminal Appeals",,REP,Sid Harle,77,31,46
Travis,215,"Place 5, Judge, Court Of Criminal Appeals",,REP,Sid Harle,35,16,19
Travis,216,"Place 5, Judge, Court Of Criminal Appeals",,REP,Sid Harle,22,15,7
Travis,217,"Place 5, Judge, Court Of Criminal Appeals",,REP,Sid Harle,19,7,12
Travis,218,"Place 5, Judge, Court Of Criminal Appeals",,REP,Sid Harle,45,26,19
Travis,219,"Place 5, Judge, Court Of Criminal Appeals",,REP,Sid Harle,40,12,28
Travis,220,"Place 5, Judge, Court Of Criminal Appeals",,REP,Sid Harle,46,21,25
Travis,221,"Place 5, Judge, Court Of Criminal Appeals",,REP,Sid Harle,22,11,11
Travis,222,"Place 5, Judge, Court Of Criminal Appeals",,REP,Sid Harle,27,11,16
Travis,223,"Place 5, Judge, Court Of Criminal Appeals",,REP,Sid Harle,4,2,2
Travis,224,"Place 5, Judge, Court Of Criminal Appeals",,REP,Sid Harle,2,1,1
Travis,225,"Place 5, Judge, Court Of Criminal Appeals",,REP,Sid Harle,45,13,32
Travis,226,"Place 5, Judge, Court Of Criminal Appeals",,REP,Sid Harle,18,12,6
Travis,227,"Place 5, Judge, Court Of Criminal Appeals",,REP,Sid Harle,1,1,0
Travis,228,"Place 5, Judge, Court Of Criminal Appeals",,REP,Sid Harle,50,24,26
Travis,229,"Place 5, Judge, Court Of Criminal Appeals",,REP,Sid Harle,43,10,33
Travis,231,"Place 5, Judge, Court Of Criminal Appeals",,REP,Sid Harle,90,33,57
Travis,232,"Place 5, Judge, Court Of Criminal Appeals",,REP,Sid Harle,113,56,57
Travis,233,"Place 5, Judge, Court Of Criminal Appeals",,REP,Sid Harle,119,53,66
Travis,234,"Place 5, Judge, Court Of Criminal Appeals",,REP,Sid Harle,77,31,46
Travis,235,"Place 5, Judge, Court Of Criminal Appeals",,REP,Sid Harle,25,15,10
Travis,236,"Place 5, Judge, Court Of Criminal Appeals",,REP,Sid Harle,43,20,23
Travis,237,"Place 5, Judge, Court Of Criminal Appeals",,REP,Sid Harle,58,28,30
Travis,238,"Place 5, Judge, Court Of Criminal Appeals",,REP,Sid Harle,70,29,41
Travis,239,"Place 5, Judge, Court Of Criminal Appeals",,REP,Sid Harle,39,18,21
Travis,240,"Place 5, Judge, Court Of Criminal Appeals",,REP,Sid Harle,23,6,17
Travis,241,"Place 5, Judge, Court Of Criminal Appeals",,REP,Sid Harle,22,9,13
Travis,242,"Place 5, Judge, Court Of Criminal Appeals",,REP,Sid Harle,47,20,27
Travis,243,"Place 5, Judge, Court Of Criminal Appeals",,REP,Sid Harle,24,13,11
Travis,244,"Place 5, Judge, Court Of Criminal Appeals",,REP,Sid Harle,88,43,45
Travis,245,"Place 5, Judge, Court Of Criminal Appeals",,REP,Sid Harle,25,10,15
Travis,246,"Place 5, Judge, Court Of Criminal Appeals",,REP,Sid Harle,35,14,21
Travis,247,"Place 5, Judge, Court Of Criminal Appeals",,REP,Sid Harle,32,13,19
Travis,248,"Place 5, Judge, Court Of Criminal Appeals",,REP,Sid Harle,23,10,13
Travis,249,"Place 5, Judge, Court Of Criminal Appeals",,REP,Sid Harle,70,28,42
Travis,250,"Place 5, Judge, Court Of Criminal Appeals",,REP,Sid Harle,68,29,39
Travis,251,"Place 5, Judge, Court Of Criminal Appeals",,REP,Sid Harle,46,20,26
Travis,252,"Place 5, Judge, Court Of Criminal Appeals",,REP,Sid Harle,37,16,21
Travis,253,"Place 5, Judge, Court Of Criminal Appeals",,REP,Sid Harle,69,43,26
Travis,254,"Place 5, Judge, Court Of Criminal Appeals",,REP,Sid Harle,53,20,33
Travis,256,"Place 5, Judge, Court Of Criminal Appeals",,REP,Sid Harle,75,40,35
Travis,258,"Place 5, Judge, Court Of Criminal Appeals",,REP,Sid Harle,49,27,22
Travis,259,"Place 5, Judge, Court Of Criminal Appeals",,REP,Sid Harle,60,25,35
Travis,260,"Place 5, Judge, Court Of Criminal Appeals",,REP,Sid Harle,15,7,8
Travis,262,"Place 5, Judge, Court Of Criminal Appeals",,REP,Sid Harle,100,47,53
Travis,263,"Place 5, Judge, Court Of Criminal Appeals",,REP,Sid Harle,48,12,36
Travis,266,"Place 5, Judge, Court Of Criminal Appeals",,REP,Sid Harle,21,8,13
Travis,267,"Place 5, Judge, Court Of Criminal Appeals",,REP,Sid Harle,31,16,15
Travis,268,"Place 5, Judge, Court Of Criminal Appeals",,REP,Sid Harle,16,8,8
Travis,273,"Place 5, Judge, Court Of Criminal Appeals",,REP,Sid Harle,42,19,23
Travis,274,"Place 5, Judge, Court Of Criminal Appeals",,REP,Sid Harle,21,9,12
Travis,275,"Place 5, Judge, Court Of Criminal Appeals",,REP,Sid Harle,21,10,11
Travis,277,"Place 5, Judge, Court Of Criminal Appeals",,REP,Sid Harle,47,19,28
Travis,301,"Place 5, Judge, Court Of Criminal Appeals",,REP,Sid Harle,25,7,18
Travis,302,"Place 5, Judge, Court Of Criminal Appeals",,REP,Sid Harle,98,50,48
Travis,303,"Place 5, Judge, Court Of Criminal Appeals",,REP,Sid Harle,72,35,37
Travis,304,"Place 5, Judge, Court Of Criminal Appeals",,REP,Sid Harle,111,50,61
Travis,305,"Place 5, Judge, Court Of Criminal Appeals",,REP,Sid Harle,0,0,0
Travis,306,"Place 5, Judge, Court Of Criminal Appeals",,REP,Sid Harle,94,60,34
Travis,307,"Place 5, Judge, Court Of Criminal Appeals",,REP,Sid Harle,45,21,24
Travis,308,"Place 5, Judge, Court Of Criminal Appeals",,REP,Sid Harle,141,79,62
Travis,309,"Place 5, Judge, Court Of Criminal Appeals",,REP,Sid Harle,50,29,21
Travis,310,"Place 5, Judge, Court Of Criminal Appeals",,REP,Sid Harle,73,33,40
Travis,311,"Place 5, Judge, Court Of Criminal Appeals",,REP,Sid Harle,37,22,15
Travis,312,"Place 5, Judge, Court Of Criminal Appeals",,REP,Sid Harle,34,19,15
Travis,313,"Place 5, Judge, Court Of Criminal Appeals",,REP,Sid Harle,1,1,0
Travis,314,"Place 5, Judge, Court Of Criminal Appeals",,REP,Sid Harle,152,84,68
Travis,315,"Place 5, Judge, Court Of Criminal Appeals",,REP,Sid Harle,101,49,52
Travis,316,"Place 5, Judge, Court Of Criminal Appeals",,REP,Sid Harle,56,31,25
Travis,317,"Place 5, Judge, Court Of Criminal Appeals",,REP,Sid Harle,68,24,44
Travis,318,"Place 5, Judge, Court Of Criminal Appeals",,REP,Sid Harle,14,4,10
Travis,319,"Place 5, Judge, Court Of Criminal Appeals",,REP,Sid Harle,68,40,28
Travis,320,"Place 5, Judge, Court Of Criminal Appeals",,REP,Sid Harle,52,32,20
Travis,321,"Place 5, Judge, Court Of Criminal Appeals",,REP,Sid Harle,22,7,15
Travis,323,"Place 5, Judge, Court Of Criminal Appeals",,REP,Sid Harle,28,11,17
Travis,324,"Place 5, Judge, Court Of Criminal Appeals",,REP,Sid Harle,138,73,65
Travis,325,"Place 5, Judge, Court Of Criminal Appeals",,REP,Sid Harle,3,3,0
Travis,326,"Place 5, Judge, Court Of Criminal Appeals",,REP,Sid Harle,73,34,39
Travis,327,"Place 5, Judge, Court Of Criminal Appeals",,REP,Sid Harle,84,37,47
Travis,328,"Place 5, Judge, Court Of Criminal Appeals",,REP,Sid Harle,67,24,43
Travis,329,"Place 5, Judge, Court Of Criminal Appeals",,REP,Sid Harle,63,30,33
Travis,330,"Place 5, Judge, Court Of Criminal Appeals",,REP,Sid Harle,98,48,50
Travis,331,"Place 5, Judge, Court Of Criminal Appeals",,REP,Sid Harle,75,36,39
Travis,332,"Place 5, Judge, Court Of Criminal Appeals",,REP,Sid Harle,31,15,16
Travis,333,"Place 5, Judge, Court Of Criminal Appeals",,REP,Sid Harle,63,25,38
Travis,334,"Place 5, Judge, Court Of Criminal Appeals",,REP,Sid Harle,96,26,70
Travis,335,"Place 5, Judge, Court Of Criminal Appeals",,REP,Sid Harle,54,22,32
Travis,336,"Place 5, Judge, Court Of Criminal Appeals",,REP,Sid Harle,63,28,35
Travis,337,"Place 5, Judge, Court Of Criminal Appeals",,REP,Sid Harle,105,43,62
Travis,338,"Place 5, Judge, Court Of Criminal Appeals",,REP,Sid Harle,98,40,58
Travis,339,"Place 5, Judge, Court Of Criminal Appeals",,REP,Sid Harle,35,19,16
Travis,340,"Place 5, Judge, Court Of Criminal Appeals",,REP,Sid Harle,29,13,16
Travis,341,"Place 5, Judge, Court Of Criminal Appeals",,REP,Sid Harle,7,3,4
Travis,342,"Place 5, Judge, Court Of Criminal Appeals",,REP,Sid Harle,73,31,42
Travis,343,"Place 5, Judge, Court Of Criminal Appeals",,REP,Sid Harle,29,15,14
Travis,344,"Place 5, Judge, Court Of Criminal Appeals",,REP,Sid Harle,33,16,17
Travis,345,"Place 5, Judge, Court Of Criminal Appeals",,REP,Sid Harle,0,0,0
Travis,346,"Place 5, Judge, Court Of Criminal Appeals",,REP,Sid Harle,125,96,29
Travis,347,"Place 5, Judge, Court Of Criminal Appeals",,REP,Sid Harle,93,55,38
Travis,349,"Place 5, Judge, Court Of Criminal Appeals",,REP,Sid Harle,87,48,39
Travis,350,"Place 5, Judge, Court Of Criminal Appeals",,REP,Sid Harle,49,18,31
Travis,351,"Place 5, Judge, Court Of Criminal Appeals",,REP,Sid Harle,22,12,10
Travis,352,"Place 5, Judge, Court Of Criminal Appeals",,REP,Sid Harle,35,16,19
Travis,354,"Place 5, Judge, Court Of Criminal Appeals",,REP,Sid Harle,148,85,63
Travis,356,"Place 5, Judge, Court Of Criminal Appeals",,REP,Sid Harle,33,14,19
Travis,357,"Place 5, Judge, Court Of Criminal Appeals",,REP,Sid Harle,26,15,11
Travis,358,"Place 5, Judge, Court Of Criminal Appeals",,REP,Sid Harle,47,24,23
Travis,359,"Place 5, Judge, Court Of Criminal Appeals",,REP,Sid Harle,89,47,42
Travis,360,"Place 5, Judge, Court Of Criminal Appeals",,REP,Sid Harle,66,37,29
Travis,361,"Place 5, Judge, Court Of Criminal Appeals",,REP,Sid Harle,31,19,12
Travis,362,"Place 5, Judge, Court Of Criminal Appeals",,REP,Sid Harle,74,38,36
Travis,363,"Place 5, Judge, Court Of Criminal Appeals",,REP,Sid Harle,45,21,24
Travis,364,"Place 5, Judge, Court Of Criminal Appeals",,REP,Sid Harle,85,41,44
Travis,365,"Place 5, Judge, Court Of Criminal Appeals",,REP,Sid Harle,39,20,19
Travis,366,"Place 5, Judge, Court Of Criminal Appeals",,REP,Sid Harle,95,49,46
Travis,367,"Place 5, Judge, Court Of Criminal Appeals",,REP,Sid Harle,140,71,69
Travis,368,"Place 5, Judge, Court Of Criminal Appeals",,REP,Sid Harle,11,7,4
Travis,369,"Place 5, Judge, Court Of Criminal Appeals",,REP,Sid Harle,78,23,55
Travis,370,"Place 5, Judge, Court Of Criminal Appeals",,REP,Sid Harle,27,0,27
Travis,371,"Place 5, Judge, Court Of Criminal Appeals",,REP,Sid Harle,58,22,36
Travis,372,"Place 5, Judge, Court Of Criminal Appeals",,REP,Sid Harle,26,4,22
Travis,373,"Place 5, Judge, Court Of Criminal Appeals",,REP,Sid Harle,116,45,71
Travis,374,"Place 5, Judge, Court Of Criminal Appeals",,REP,Sid Harle,124,48,76
Travis,375,"Place 5, Judge, Court Of Criminal Appeals",,REP,Sid Harle,20,3,17
Travis,401,"Place 5, Judge, Court Of Criminal Appeals",,REP,Sid Harle,14,3,11
Travis,402,"Place 5, Judge, Court Of Criminal Appeals",,REP,Sid Harle,16,6,10
Travis,403,"Place 5, Judge, Court Of Criminal Appeals",,REP,Sid Harle,10,4,6
Travis,404,"Place 5, Judge, Court Of Criminal Appeals",,REP,Sid Harle,19,5,14
Travis,405,"Place 5, Judge, Court Of Criminal Appeals",,REP,Sid Harle,4,3,1
Travis,406,"Place 5, Judge, Court Of Criminal Appeals",,REP,Sid Harle,83,39,44
Travis,407,"Place 5, Judge, Court Of Criminal Appeals",,REP,Sid Harle,9,7,2
Travis,408,"Place 5, Judge, Court Of Criminal Appeals",,REP,Sid Harle,24,10,14
Travis,409,"Place 5, Judge, Court Of Criminal Appeals",,REP,Sid Harle,14,9,5
Travis,410,"Place 5, Judge, Court Of Criminal Appeals",,REP,Sid Harle,28,12,16
Travis,411,"Place 5, Judge, Court Of Criminal Appeals",,REP,Sid Harle,12,6,6
Travis,412,"Place 5, Judge, Court Of Criminal Appeals",,REP,Sid Harle,0,0,0
Travis,413,"Place 5, Judge, Court Of Criminal Appeals",,REP,Sid Harle,5,1,4
Travis,414,"Place 5, Judge, Court Of Criminal Appeals",,REP,Sid Harle,37,13,24
Travis,415,"Place 5, Judge, Court Of Criminal Appeals",,REP,Sid Harle,20,5,15
Travis,416,"Place 5, Judge, Court Of Criminal Appeals",,REP,Sid Harle,2,1,1
Travis,417,"Place 5, Judge, Court Of Criminal Appeals",,REP,Sid Harle,19,6,13
Travis,418,"Place 5, Judge, Court Of Criminal Appeals",,REP,Sid Harle,2,1,1
Travis,419,"Place 5, Judge, Court Of Criminal Appeals",,REP,Sid Harle,9,2,7
Travis,420,"Place 5, Judge, Court Of Criminal Appeals",,REP,Sid Harle,15,9,6
Travis,421,"Place 5, Judge, Court Of Criminal Appeals",,REP,Sid Harle,31,12,19
Travis,422,"Place 5, Judge, Court Of Criminal Appeals",,REP,Sid Harle,15,9,6
Travis,423,"Place 5, Judge, Court Of Criminal Appeals",,REP,Sid Harle,14,7,7
Travis,424,"Place 5, Judge, Court Of Criminal Appeals",,REP,Sid Harle,12,6,6
Travis,425,"Place 5, Judge, Court Of Criminal Appeals",,REP,Sid Harle,6,1,5
Travis,426,"Place 5, Judge, Court Of Criminal Appeals",,REP,Sid Harle,9,4,5
Travis,427,"Place 5, Judge, Court Of Criminal Appeals",,REP,Sid Harle,10,3,7
Travis,428,"Place 5, Judge, Court Of Criminal Appeals",,REP,Sid Harle,29,19,10
Travis,429,"Place 5, Judge, Court Of Criminal Appeals",,REP,Sid Harle,27,12,15
Travis,430,"Place 5, Judge, Court Of Criminal Appeals",,REP,Sid Harle,7,2,5
Travis,431,"Place 5, Judge, Court Of Criminal Appeals",,REP,Sid Harle,30,14,16
Travis,432,"Place 5, Judge, Court Of Criminal Appeals",,REP,Sid Harle,0,0,0
Travis,433,"Place 5, Judge, Court Of Criminal Appeals",,REP,Sid Harle,11,6,5
Travis,434,"Place 5, Judge, Court Of Criminal Appeals",,REP,Sid Harle,0,0,0
Travis,435,"Place 5, Judge, Court Of Criminal Appeals",,REP,Sid Harle,67,31,36
Travis,436,"Place 5, Judge, Court Of Criminal Appeals",,REP,Sid Harle,1,0,1
Travis,437,"Place 5, Judge, Court Of Criminal Appeals",,REP,Sid Harle,16,6,10
Travis,438,"Place 5, Judge, Court Of Criminal Appeals",,REP,Sid Harle,5,1,4
Travis,439,"Place 5, Judge, Court Of Criminal Appeals",,REP,Sid Harle,4,0,4
Travis,440,"Place 5, Judge, Court Of Criminal Appeals",,REP,Sid Harle,9,2,7
Travis,441,"Place 5, Judge, Court Of Criminal Appeals",,REP,Sid Harle,24,9,15
Travis,442,"Place 5, Judge, Court Of Criminal Appeals",,REP,Sid Harle,7,1,6
Travis,443,"Place 5, Judge, Court Of Criminal Appeals",,REP,Sid Harle,14,4,10
Travis,444,"Place 5, Judge, Court Of Criminal Appeals",,REP,Sid Harle,0,0,0
Travis,446,"Place 5, Judge, Court Of Criminal Appeals",,REP,Sid Harle,9,1,8
Travis,447,"Place 5, Judge, Court Of Criminal Appeals",,REP,Sid Harle,25,14,11
Travis,448,"Place 5, Judge, Court Of Criminal Appeals",,REP,Sid Harle,10,9,1
Travis,450,"Place 5, Judge, Court Of Criminal Appeals",,REP,Sid Harle,18,7,11
Travis,451,"Place 5, Judge, Court Of Criminal Appeals",,REP,Sid Harle,20,8,12
Travis,452,"Place 5, Judge, Court Of Criminal Appeals",,REP,Sid Harle,3,2,1
Travis,454,"Place 5, Judge, Court Of Criminal Appeals",,REP,Sid Harle,32,18,14
Travis,458,"Place 5, Judge, Court Of Criminal Appeals",,REP,Sid Harle,41,18,23
Travis,460,"Place 5, Judge, Court Of Criminal Appeals",,REP,Sid Harle,29,17,12
Travis,461,"Place 5, Judge, Court Of Criminal Appeals",,REP,Sid Harle,26,13,13
Travis,463,"Place 5, Judge, Court Of Criminal Appeals",,REP,Sid Harle,22,6,16
Travis,101,"Place 5, Judge, Court Of Criminal Appeals",,REP,Steve Smith,33,9,24
Travis,102,"Place 5, Judge, Court Of Criminal Appeals",,REP,Steve Smith,12,4,8
Travis,103,"Place 5, Judge, Court Of Criminal Appeals",,REP,Steve Smith,34,14,20
Travis,104,"Place 5, Judge, Court Of Criminal Appeals",,REP,Steve Smith,24,9,15
Travis,105,"Place 5, Judge, Court Of Criminal Appeals",,REP,Steve Smith,88,24,64
Travis,106,"Place 5, Judge, Court Of Criminal Appeals",,REP,Steve Smith,71,23,48
Travis,107,"Place 5, Judge, Court Of Criminal Appeals",,REP,Steve Smith,16,1,15
Travis,108,"Place 5, Judge, Court Of Criminal Appeals",,REP,Steve Smith,19,3,16
Travis,109,"Place 5, Judge, Court Of Criminal Appeals",,REP,Steve Smith,37,14,23
Travis,110,"Place 5, Judge, Court Of Criminal Appeals",,REP,Steve Smith,102,38,64
Travis,111,"Place 5, Judge, Court Of Criminal Appeals",,REP,Steve Smith,58,16,42
Travis,112,"Place 5, Judge, Court Of Criminal Appeals",,REP,Steve Smith,6,1,5
Travis,113,"Place 5, Judge, Court Of Criminal Appeals",,REP,Steve Smith,75,23,52
Travis,114,"Place 5, Judge, Court Of Criminal Appeals",,REP,Steve Smith,4,0,4
Travis,115,"Place 5, Judge, Court Of Criminal Appeals",,REP,Steve Smith,0,0,0
Travis,116,"Place 5, Judge, Court Of Criminal Appeals",,REP,Steve Smith,0,0,0
Travis,117,"Place 5, Judge, Court Of Criminal Appeals",,REP,Steve Smith,16,6,10
Travis,118,"Place 5, Judge, Court Of Criminal Appeals",,REP,Steve Smith,3,1,2
Travis,119,"Place 5, Judge, Court Of Criminal Appeals",,REP,Steve Smith,0,0,0
Travis,120,"Place 5, Judge, Court Of Criminal Appeals",,REP,Steve Smith,3,2,1
Travis,121,"Place 5, Judge, Court Of Criminal Appeals",,REP,Steve Smith,3,1,2
Travis,122,"Place 5, Judge, Court Of Criminal Appeals",,REP,Steve Smith,7,3,4
Travis,123,"Place 5, Judge, Court Of Criminal Appeals",,REP,Steve Smith,82,21,61
Travis,124,"Place 5, Judge, Court Of Criminal Appeals",,REP,Steve Smith,14,6,8
Travis,125,"Place 5, Judge, Court Of Criminal Appeals",,REP,Steve Smith,0,0,0
Travis,126,"Place 5, Judge, Court Of Criminal Appeals",,REP,Steve Smith,9,6,3
Travis,127,"Place 5, Judge, Court Of Criminal Appeals",,REP,Steve Smith,0,0,0
Travis,128,"Place 5, Judge, Court Of Criminal Appeals",,REP,Steve Smith,0,0,0
Travis,129,"Place 5, Judge, Court Of Criminal Appeals",,REP,Steve Smith,6,4,2
Travis,130,"Place 5, Judge, Court Of Criminal Appeals",,REP,Steve Smith,13,3,10
Travis,131,"Place 5, Judge, Court Of Criminal Appeals",,REP,Steve Smith,0,0,0
Travis,132,"Place 5, Judge, Court Of Criminal Appeals",,REP,Steve Smith,9,1,8
Travis,133,"Place 5, Judge, Court Of Criminal Appeals",,REP,Steve Smith,14,5,9
Travis,134,"Place 5, Judge, Court Of Criminal Appeals",,REP,Steve Smith,0,0,0
Travis,135,"Place 5, Judge, Court Of Criminal Appeals",,REP,Steve Smith,52,18,34
Travis,136,"Place 5, Judge, Court Of Criminal Appeals",,REP,Steve Smith,72,23,49
Travis,137,"Place 5, Judge, Court Of Criminal Appeals",,REP,Steve Smith,194,80,114
Travis,138,"Place 5, Judge, Court Of Criminal Appeals",,REP,Steve Smith,0,0,0
Travis,139,"Place 5, Judge, Court Of Criminal Appeals",,REP,Steve Smith,38,13,25
Travis,140,"Place 5, Judge, Court Of Criminal Appeals",,REP,Steve Smith,15,7,8
Travis,141,"Place 5, Judge, Court Of Criminal Appeals",,REP,Steve Smith,3,0,3
Travis,142,"Place 5, Judge, Court Of Criminal Appeals",,REP,Steve Smith,5,3,2
Travis,145,"Place 5, Judge, Court Of Criminal Appeals",,REP,Steve Smith,31,10,21
Travis,146,"Place 5, Judge, Court Of Criminal Appeals",,REP,Steve Smith,54,26,28
Travis,148,"Place 5, Judge, Court Of Criminal Appeals",,REP,Steve Smith,54,21,33
Travis,149,"Place 5, Judge, Court Of Criminal Appeals",,REP,Steve Smith,5,2,3
Travis,150,"Place 5, Judge, Court Of Criminal Appeals",,REP,Steve Smith,65,25,40
Travis,151,"Place 5, Judge, Court Of Criminal Appeals",,REP,Steve Smith,15,2,13
Travis,152,"Place 5, Judge, Court Of Criminal Appeals",,REP,Steve Smith,17,5,12
Travis,153,"Place 5, Judge, Court Of Criminal Appeals",,REP,Steve Smith,57,15,42
Travis,154,"Place 5, Judge, Court Of Criminal Appeals",,REP,Steve Smith,34,11,23
Travis,156,"Place 5, Judge, Court Of Criminal Appeals",,REP,Steve Smith,44,18,26
Travis,160,"Place 5, Judge, Court Of Criminal Appeals",,REP,Steve Smith,39,19,20
Travis,161,"Place 5, Judge, Court Of Criminal Appeals",,REP,Steve Smith,28,8,20
Travis,163,"Place 5, Judge, Court Of Criminal Appeals",,REP,Steve Smith,14,7,7
Travis,164,"Place 5, Judge, Court Of Criminal Appeals",,REP,Steve Smith,13,4,9
Travis,200,"Place 5, Judge, Court Of Criminal Appeals",,REP,Steve Smith,25,8,17
Travis,202,"Place 5, Judge, Court Of Criminal Appeals",,REP,Steve Smith,11,3,8
Travis,203,"Place 5, Judge, Court Of Criminal Appeals",,REP,Steve Smith,11,2,9
Travis,205,"Place 5, Judge, Court Of Criminal Appeals",,REP,Steve Smith,32,5,27
Travis,206,"Place 5, Judge, Court Of Criminal Appeals",,REP,Steve Smith,7,4,3
Travis,207,"Place 5, Judge, Court Of Criminal Appeals",,REP,Steve Smith,87,34,53
Travis,208,"Place 5, Judge, Court Of Criminal Appeals",,REP,Steve Smith,45,18,27
Travis,209,"Place 5, Judge, Court Of Criminal Appeals",,REP,Steve Smith,6,1,5
Travis,210,"Place 5, Judge, Court Of Criminal Appeals",,REP,Steve Smith,33,13,20
Travis,211,"Place 5, Judge, Court Of Criminal Appeals",,REP,Steve Smith,27,11,16
Travis,212,"Place 5, Judge, Court Of Criminal Appeals",,REP,Steve Smith,82,36,46
Travis,213,"Place 5, Judge, Court Of Criminal Appeals",,REP,Steve Smith,0,0,0
Travis,214,"Place 5, Judge, Court Of Criminal Appeals",,REP,Steve Smith,51,19,32
Travis,215,"Place 5, Judge, Court Of Criminal Appeals",,REP,Steve Smith,32,9,23
Travis,216,"Place 5, Judge, Court Of Criminal Appeals",,REP,Steve Smith,20,5,15
Travis,217,"Place 5, Judge, Court Of Criminal Appeals",,REP,Steve Smith,30,7,23
Travis,218,"Place 5, Judge, Court Of Criminal Appeals",,REP,Steve Smith,47,17,30
Travis,219,"Place 5, Judge, Court Of Criminal Appeals",,REP,Steve Smith,68,26,42
Travis,220,"Place 5, Judge, Court Of Criminal Appeals",,REP,Steve Smith,33,17,16
Travis,221,"Place 5, Judge, Court Of Criminal Appeals",,REP,Steve Smith,29,10,19
Travis,222,"Place 5, Judge, Court Of Criminal Appeals",,REP,Steve Smith,45,18,27
Travis,223,"Place 5, Judge, Court Of Criminal Appeals",,REP,Steve Smith,9,6,3
Travis,224,"Place 5, Judge, Court Of Criminal Appeals",,REP,Steve Smith,2,0,2
Travis,225,"Place 5, Judge, Court Of Criminal Appeals",,REP,Steve Smith,51,18,33
Travis,226,"Place 5, Judge, Court Of Criminal Appeals",,REP,Steve Smith,28,8,20
Travis,227,"Place 5, Judge, Court Of Criminal Appeals",,REP,Steve Smith,8,4,4
Travis,228,"Place 5, Judge, Court Of Criminal Appeals",,REP,Steve Smith,43,18,25
Travis,229,"Place 5, Judge, Court Of Criminal Appeals",,REP,Steve Smith,38,10,28
Travis,231,"Place 5, Judge, Court Of Criminal Appeals",,REP,Steve Smith,78,28,50
Travis,232,"Place 5, Judge, Court Of Criminal Appeals",,REP,Steve Smith,181,91,90
Travis,233,"Place 5, Judge, Court Of Criminal Appeals",,REP,Steve Smith,80,32,48
Travis,234,"Place 5, Judge, Court Of Criminal Appeals",,REP,Steve Smith,58,23,35
Travis,235,"Place 5, Judge, Court Of Criminal Appeals",,REP,Steve Smith,14,4,10
Travis,236,"Place 5, Judge, Court Of Criminal Appeals",,REP,Steve Smith,22,4,18
Travis,237,"Place 5, Judge, Court Of Criminal Appeals",,REP,Steve Smith,42,17,25
Travis,238,"Place 5, Judge, Court Of Criminal Appeals",,REP,Steve Smith,47,18,29
Travis,239,"Place 5, Judge, Court Of Criminal Appeals",,REP,Steve Smith,49,23,26
Travis,240,"Place 5, Judge, Court Of Criminal Appeals",,REP,Steve Smith,26,8,18
Travis,241,"Place 5, Judge, Court Of Criminal Appeals",,REP,Steve Smith,13,6,7
Travis,242,"Place 5, Judge, Court Of Criminal Appeals",,REP,Steve Smith,41,15,26
Travis,243,"Place 5, Judge, Court Of Criminal Appeals",,REP,Steve Smith,33,8,25
Travis,244,"Place 5, Judge, Court Of Criminal Appeals",,REP,Steve Smith,88,46,42
Travis,245,"Place 5, Judge, Court Of Criminal Appeals",,REP,Steve Smith,36,12,24
Travis,246,"Place 5, Judge, Court Of Criminal Appeals",,REP,Steve Smith,50,20,30
Travis,247,"Place 5, Judge, Court Of Criminal Appeals",,REP,Steve Smith,18,4,14
Travis,248,"Place 5, Judge, Court Of Criminal Appeals",,REP,Steve Smith,37,12,25
Travis,249,"Place 5, Judge, Court Of Criminal Appeals",,REP,Steve Smith,64,36,28
Travis,250,"Place 5, Judge, Court Of Criminal Appeals",,REP,Steve Smith,58,20,38
Travis,251,"Place 5, Judge, Court Of Criminal Appeals",,REP,Steve Smith,50,14,36
Travis,252,"Place 5, Judge, Court Of Criminal Appeals",,REP,Steve Smith,40,15,25
Travis,253,"Place 5, Judge, Court Of Criminal Appeals",,REP,Steve Smith,97,42,55
Travis,254,"Place 5, Judge, Court Of Criminal Appeals",,REP,Steve Smith,53,20,33
Travis,256,"Place 5, Judge, Court Of Criminal Appeals",,REP,Steve Smith,35,15,20
Travis,258,"Place 5, Judge, Court Of Criminal Appeals",,REP,Steve Smith,65,23,42
Travis,259,"Place 5, Judge, Court Of Criminal Appeals",,REP,Steve Smith,66,30,36
Travis,260,"Place 5, Judge, Court Of Criminal Appeals",,REP,Steve Smith,15,5,10
Travis,262,"Place 5, Judge, Court Of Criminal Appeals",,REP,Steve Smith,73,34,39
Travis,263,"Place 5, Judge, Court Of Criminal Appeals",,REP,Steve Smith,43,12,31
Travis,266,"Place 5, Judge, Court Of Criminal Appeals",,REP,Steve Smith,13,6,7
Travis,267,"Place 5, Judge, Court Of Criminal Appeals",,REP,Steve Smith,29,18,11
Travis,268,"Place 5, Judge, Court Of Criminal Appeals",,REP,Steve Smith,14,3,11
Travis,273,"Place 5, Judge, Court Of Criminal Appeals",,REP,Steve Smith,29,15,14
Travis,274,"Place 5, Judge, Court Of Criminal Appeals",,REP,Steve Smith,12,8,4
Travis,275,"Place 5, Judge, Court Of Criminal Appeals",,REP,Steve Smith,13,6,7
Travis,277,"Place 5, Judge, Court Of Criminal Appeals",,REP,Steve Smith,61,21,40
Travis,301,"Place 5, Judge, Court Of Criminal Appeals",,REP,Steve Smith,26,10,16
Travis,302,"Place 5, Judge, Court Of Criminal Appeals",,REP,Steve Smith,74,41,33
Travis,303,"Place 5, Judge, Court Of Criminal Appeals",,REP,Steve Smith,85,39,46
Travis,304,"Place 5, Judge, Court Of Criminal Appeals",,REP,Steve Smith,112,43,69
Travis,305,"Place 5, Judge, Court Of Criminal Appeals",,REP,Steve Smith,0,0,0
Travis,306,"Place 5, Judge, Court Of Criminal Appeals",,REP,Steve Smith,112,75,37
Travis,307,"Place 5, Judge, Court Of Criminal Appeals",,REP,Steve Smith,25,10,15
Travis,308,"Place 5, Judge, Court Of Criminal Appeals",,REP,Steve Smith,200,72,128
Travis,309,"Place 5, Judge, Court Of Criminal Appeals",,REP,Steve Smith,54,27,27
Travis,310,"Place 5, Judge, Court Of Criminal Appeals",,REP,Steve Smith,123,47,76
Travis,311,"Place 5, Judge, Court Of Criminal Appeals",,REP,Steve Smith,38,10,28
Travis,312,"Place 5, Judge, Court Of Criminal Appeals",,REP,Steve Smith,61,27,34
Travis,313,"Place 5, Judge, Court Of Criminal Appeals",,REP,Steve Smith,0,0,0
Travis,314,"Place 5, Judge, Court Of Criminal Appeals",,REP,Steve Smith,151,75,76
Travis,315,"Place 5, Judge, Court Of Criminal Appeals",,REP,Steve Smith,120,56,64
Travis,316,"Place 5, Judge, Court Of Criminal Appeals",,REP,Steve Smith,90,30,60
Travis,317,"Place 5, Judge, Court Of Criminal Appeals",,REP,Steve Smith,71,30,41
Travis,318,"Place 5, Judge, Court Of Criminal Appeals",,REP,Steve Smith,16,4,12
Travis,319,"Place 5, Judge, Court Of Criminal Appeals",,REP,Steve Smith,88,41,47
Travis,320,"Place 5, Judge, Court Of Criminal Appeals",,REP,Steve Smith,87,46,41
Travis,321,"Place 5, Judge, Court Of Criminal Appeals",,REP,Steve Smith,28,17,11
Travis,323,"Place 5, Judge, Court Of Criminal Appeals",,REP,Steve Smith,16,8,8
Travis,324,"Place 5, Judge, Court Of Criminal Appeals",,REP,Steve Smith,147,67,80
Travis,325,"Place 5, Judge, Court Of Criminal Appeals",,REP,Steve Smith,1,1,0
Travis,326,"Place 5, Judge, Court Of Criminal Appeals",,REP,Steve Smith,77,41,36
Travis,327,"Place 5, Judge, Court Of Criminal Appeals",,REP,Steve Smith,96,38,58
Travis,328,"Place 5, Judge, Court Of Criminal Appeals",,REP,Steve Smith,79,35,44
Travis,329,"Place 5, Judge, Court Of Criminal Appeals",,REP,Steve Smith,45,26,19
Travis,330,"Place 5, Judge, Court Of Criminal Appeals",,REP,Steve Smith,107,45,62
Travis,331,"Place 5, Judge, Court Of Criminal Appeals",,REP,Steve Smith,84,37,47
Travis,332,"Place 5, Judge, Court Of Criminal Appeals",,REP,Steve Smith,26,8,18
Travis,333,"Place 5, Judge, Court Of Criminal Appeals",,REP,Steve Smith,65,22,43
Travis,334,"Place 5, Judge, Court Of Criminal Appeals",,REP,Steve Smith,118,56,62
Travis,335,"Place 5, Judge, Court Of Criminal Appeals",,REP,Steve Smith,68,29,39
Travis,336,"Place 5, Judge, Court Of Criminal Appeals",,REP,Steve Smith,57,21,36
Travis,337,"Place 5, Judge, Court Of Criminal Appeals",,REP,Steve Smith,107,29,78
Travis,338,"Place 5, Judge, Court Of Criminal Appeals",,REP,Steve Smith,116,44,72
Travis,339,"Place 5, Judge, Court Of Criminal Appeals",,REP,Steve Smith,25,14,11
Travis,340,"Place 5, Judge, Court Of Criminal Appeals",,REP,Steve Smith,34,17,17
Travis,341,"Place 5, Judge, Court Of Criminal Appeals",,REP,Steve Smith,1,0,1
Travis,342,"Place 5, Judge, Court Of Criminal Appeals",,REP,Steve Smith,45,19,26
Travis,343,"Place 5, Judge, Court Of Criminal Appeals",,REP,Steve Smith,35,7,28
Travis,344,"Place 5, Judge, Court Of Criminal Appeals",,REP,Steve Smith,31,7,24
Travis,345,"Place 5, Judge, Court Of Criminal Appeals",,REP,Steve Smith,0,0,0
Travis,346,"Place 5, Judge, Court Of Criminal Appeals",,REP,Steve Smith,170,97,73
Travis,347,"Place 5, Judge, Court Of Criminal Appeals",,REP,Steve Smith,57,28,29
Travis,349,"Place 5, Judge, Court Of Criminal Appeals",,REP,Steve Smith,84,39,45
Travis,350,"Place 5, Judge, Court Of Criminal Appeals",,REP,Steve Smith,66,33,33
Travis,351,"Place 5, Judge, Court Of Criminal Appeals",,REP,Steve Smith,21,9,12
Travis,352,"Place 5, Judge, Court Of Criminal Appeals",,REP,Steve Smith,42,15,27
Travis,354,"Place 5, Judge, Court Of Criminal Appeals",,REP,Steve Smith,97,42,55
Travis,356,"Place 5, Judge, Court Of Criminal Appeals",,REP,Steve Smith,25,8,17
Travis,357,"Place 5, Judge, Court Of Criminal Appeals",,REP,Steve Smith,21,6,15
Travis,358,"Place 5, Judge, Court Of Criminal Appeals",,REP,Steve Smith,52,17,35
Travis,359,"Place 5, Judge, Court Of Criminal Appeals",,REP,Steve Smith,131,59,72
Travis,360,"Place 5, Judge, Court Of Criminal Appeals",,REP,Steve Smith,101,45,56
Travis,361,"Place 5, Judge, Court Of Criminal Appeals",,REP,Steve Smith,37,16,21
Travis,362,"Place 5, Judge, Court Of Criminal Appeals",,REP,Steve Smith,57,26,31
Travis,363,"Place 5, Judge, Court Of Criminal Appeals",,REP,Steve Smith,54,29,25
Travis,364,"Place 5, Judge, Court Of Criminal Appeals",,REP,Steve Smith,70,35,35
Travis,365,"Place 5, Judge, Court Of Criminal Appeals",,REP,Steve Smith,53,29,24
Travis,366,"Place 5, Judge, Court Of Criminal Appeals",,REP,Steve Smith,111,49,62
Travis,367,"Place 5, Judge, Court Of Criminal Appeals",,REP,Steve Smith,137,72,65
Travis,368,"Place 5, Judge, Court Of Criminal Appeals",,REP,Steve Smith,9,5,4
Travis,369,"Place 5, Judge, Court Of Criminal Appeals",,REP,Steve Smith,95,27,68
Travis,370,"Place 5, Judge, Court Of Criminal Appeals",,REP,Steve Smith,57,3,54
Travis,371,"Place 5, Judge, Court Of Criminal Appeals",,REP,Steve Smith,96,26,70
Travis,372,"Place 5, Judge, Court Of Criminal Appeals",,REP,Steve Smith,60,8,52
Travis,373,"Place 5, Judge, Court Of Criminal Appeals",,REP,Steve Smith,220,71,149
Travis,374,"Place 5, Judge, Court Of Criminal Appeals",,REP,Steve Smith,149,42,107
Travis,375,"Place 5, Judge, Court Of Criminal Appeals",,REP,Steve Smith,28,9,19
Travis,401,"Place 5, Judge, Court Of Criminal Appeals",,REP,Steve Smith,44,17,27
Travis,402,"Place 5, Judge, Court Of Criminal Appeals",,REP,Steve Smith,42,9,33
Travis,403,"Place 5, Judge, Court Of Criminal Appeals",,REP,Steve Smith,30,6,24
Travis,404,"Place 5, Judge, Court Of Criminal Appeals",,REP,Steve Smith,28,3,25
Travis,405,"Place 5, Judge, Court Of Criminal Appeals",,REP,Steve Smith,7,1,6
Travis,406,"Place 5, Judge, Court Of Criminal Appeals",,REP,Steve Smith,100,53,47
Travis,407,"Place 5, Judge, Court Of Criminal Appeals",,REP,Steve Smith,16,8,8
Travis,408,"Place 5, Judge, Court Of Criminal Appeals",,REP,Steve Smith,63,37,26
Travis,409,"Place 5, Judge, Court Of Criminal Appeals",,REP,Steve Smith,10,1,9
Travis,410,"Place 5, Judge, Court Of Criminal Appeals",,REP,Steve Smith,32,15,17
Travis,411,"Place 5, Judge, Court Of Criminal Appeals",,REP,Steve Smith,23,5,18
Travis,412,"Place 5, Judge, Court Of Criminal Appeals",,REP,Steve Smith,0,0,0
Travis,413,"Place 5, Judge, Court Of Criminal Appeals",,REP,Steve Smith,10,5,5
Travis,414,"Place 5, Judge, Court Of Criminal Appeals",,REP,Steve Smith,40,13,27
Travis,415,"Place 5, Judge, Court Of Criminal Appeals",,REP,Steve Smith,14,5,9
Travis,416,"Place 5, Judge, Court Of Criminal Appeals",,REP,Steve Smith,1,1,0
Travis,417,"Place 5, Judge, Court Of Criminal Appeals",,REP,Steve Smith,19,7,12
Travis,418,"Place 5, Judge, Court Of Criminal Appeals",,REP,Steve Smith,0,0,0
Travis,419,"Place 5, Judge, Court Of Criminal Appeals",,REP,Steve Smith,6,2,4
Travis,420,"Place 5, Judge, Court Of Criminal Appeals",,REP,Steve Smith,26,12,14
Travis,421,"Place 5, Judge, Court Of Criminal Appeals",,REP,Steve Smith,16,8,8
Travis,422,"Place 5, Judge, Court Of Criminal Appeals",,REP,Steve Smith,10,7,3
Travis,423,"Place 5, Judge, Court Of Criminal Appeals",,REP,Steve Smith,21,3,18
Travis,424,"Place 5, Judge, Court Of Criminal Appeals",,REP,Steve Smith,13,4,9
Travis,425,"Place 5, Judge, Court Of Criminal Appeals",,REP,Steve Smith,10,3,7
Travis,426,"Place 5, Judge, Court Of Criminal Appeals",,REP,Steve Smith,19,7,12
Travis,427,"Place 5, Judge, Court Of Criminal Appeals",,REP,Steve Smith,10,5,5
Travis,428,"Place 5, Judge, Court Of Criminal Appeals",,REP,Steve Smith,16,6,10
Travis,429,"Place 5, Judge, Court Of Criminal Appeals",,REP,Steve Smith,32,11,21
Travis,430,"Place 5, Judge, Court Of Criminal Appeals",,REP,Steve Smith,7,3,4
Travis,431,"Place 5, Judge, Court Of Criminal Appeals",,REP,Steve Smith,36,16,20
Travis,432,"Place 5, Judge, Court Of Criminal Appeals",,REP,Steve Smith,0,0,0
Travis,433,"Place 5, Judge, Court Of Criminal Appeals",,REP,Steve Smith,15,5,10
Travis,434,"Place 5, Judge, Court Of Criminal Appeals",,REP,Steve Smith,0,0,0
Travis,435,"Place 5, Judge, Court Of Criminal Appeals",,REP,Steve Smith,89,38,51
Travis,436,"Place 5, Judge, Court Of Criminal Appeals",,REP,Steve Smith,0,0,0
Travis,437,"Place 5, Judge, Court Of Criminal Appeals",,REP,Steve Smith,9,3,6
Travis,438,"Place 5, Judge, Court Of Criminal Appeals",,REP,Steve Smith,6,0,6
Travis,439,"Place 5, Judge, Court Of Criminal Appeals",,REP,Steve Smith,10,2,8
Travis,440,"Place 5, Judge, Court Of Criminal Appeals",,REP,Steve Smith,5,2,3
Travis,441,"Place 5, Judge, Court Of Criminal Appeals",,REP,Steve Smith,37,16,21
Travis,442,"Place 5, Judge, Court Of Criminal Appeals",,REP,Steve Smith,7,2,5
Travis,443,"Place 5, Judge, Court Of Criminal Appeals",,REP,Steve Smith,25,10,15
Travis,444,"Place 5, Judge, Court Of Criminal Appeals",,REP,Steve Smith,0,0,0
Travis,446,"Place 5, Judge, Court Of Criminal Appeals",,REP,Steve Smith,10,2,8
Travis,447,"Place 5, Judge, Court Of Criminal Appeals",,REP,Steve Smith,40,17,23
Travis,448,"Place 5, Judge, Court Of Criminal Appeals",,REP,Steve Smith,32,12,20
Travis,450,"Place 5, Judge, Court Of Criminal Appeals",,REP,Steve Smith,34,15,19
Travis,451,"Place 5, Judge, Court Of Criminal Appeals",,REP,Steve Smith,34,15,19
Travis,452,"Place 5, Judge, Court Of Criminal Appeals",,REP,Steve Smith,15,5,10
Travis,454,"Place 5, Judge, Court Of Criminal Appeals",,REP,Steve Smith,38,26,12
Travis,458,"Place 5, Judge, Court Of Criminal Appeals",,REP,Steve Smith,50,21,29
Travis,460,"Place 5, Judge, Court Of Criminal Appeals",,REP,Steve Smith,39,23,16
Travis,461,"Place 5, Judge, Court Of Criminal Appeals",,REP,Steve Smith,30,11,19
Travis,463,"Place 5, Judge, Court Of Criminal Appeals",,REP,Steve Smith,29,13,16
Travis,101,"Place 5, Justice, Supreme Court",,REP,Paul Green,134,47,87
Travis,102,"Place 5, Justice, Supreme Court",,REP,Paul Green,38,12,26
Travis,103,"Place 5, Justice, Supreme Court",,REP,Paul Green,90,35,55
Travis,104,"Place 5, Justice, Supreme Court",,REP,Paul Green,67,23,44
Travis,105,"Place 5, Justice, Supreme Court",,REP,Paul Green,259,108,151
Travis,106,"Place 5, Justice, Supreme Court",,REP,Paul Green,259,84,175
Travis,107,"Place 5, Justice, Supreme Court",,REP,Paul Green,43,2,41
Travis,108,"Place 5, Justice, Supreme Court",,REP,Paul Green,51,6,45
Travis,109,"Place 5, Justice, Supreme Court",,REP,Paul Green,97,28,69
Travis,110,"Place 5, Justice, Supreme Court",,REP,Paul Green,304,119,185
Travis,111,"Place 5, Justice, Supreme Court",,REP,Paul Green,203,80,123
Travis,112,"Place 5, Justice, Supreme Court",,REP,Paul Green,44,10,34
Travis,113,"Place 5, Justice, Supreme Court",,REP,Paul Green,250,90,160
Travis,114,"Place 5, Justice, Supreme Court",,REP,Paul Green,12,5,7
Travis,115,"Place 5, Justice, Supreme Court",,REP,Paul Green,0,0,0
Travis,116,"Place 5, Justice, Supreme Court",,REP,Paul Green,0,0,0
Travis,117,"Place 5, Justice, Supreme Court",,REP,Paul Green,29,15,14
Travis,118,"Place 5, Justice, Supreme Court",,REP,Paul Green,14,8,6
Travis,119,"Place 5, Justice, Supreme Court",,REP,Paul Green,0,0,0
Travis,120,"Place 5, Justice, Supreme Court",,REP,Paul Green,9,3,6
Travis,121,"Place 5, Justice, Supreme Court",,REP,Paul Green,12,2,10
Travis,122,"Place 5, Justice, Supreme Court",,REP,Paul Green,24,10,14
Travis,123,"Place 5, Justice, Supreme Court",,REP,Paul Green,292,71,221
Travis,124,"Place 5, Justice, Supreme Court",,REP,Paul Green,57,18,39
Travis,125,"Place 5, Justice, Supreme Court",,REP,Paul Green,0,0,0
Travis,126,"Place 5, Justice, Supreme Court",,REP,Paul Green,44,17,27
Travis,127,"Place 5, Justice, Supreme Court",,REP,Paul Green,0,0,0
Travis,128,"Place 5, Justice, Supreme Court",,REP,Paul Green,0,0,0
Travis,129,"Place 5, Justice, Supreme Court",,REP,Paul Green,13,9,4
Travis,130,"Place 5, Justice, Supreme Court",,REP,Paul Green,39,9,30
Travis,131,"Place 5, Justice, Supreme Court",,REP,Paul Green,0,0,0
Travis,132,"Place 5, Justice, Supreme Court",,REP,Paul Green,47,16,31
Travis,133,"Place 5, Justice, Supreme Court",,REP,Paul Green,54,14,40
Travis,134,"Place 5, Justice, Supreme Court",,REP,Paul Green,0,0,0
Travis,135,"Place 5, Justice, Supreme Court",,REP,Paul Green,151,57,94
Travis,136,"Place 5, Justice, Supreme Court",,REP,Paul Green,252,90,162
Travis,137,"Place 5, Justice, Supreme Court",,REP,Paul Green,656,206,450
Travis,138,"Place 5, Justice, Supreme Court",,REP,Paul Green,0,0,0
Travis,139,"Place 5, Justice, Supreme Court",,REP,Paul Green,89,30,59
Travis,140,"Place 5, Justice, Supreme Court",,REP,Paul Green,48,21,27
Travis,141,"Place 5, Justice, Supreme Court",,REP,Paul Green,7,3,4
Travis,142,"Place 5, Justice, Supreme Court",,REP,Paul Green,12,7,5
Travis,145,"Place 5, Justice, Supreme Court",,REP,Paul Green,149,51,98
Travis,146,"Place 5, Justice, Supreme Court",,REP,Paul Green,197,86,111
Travis,148,"Place 5, Justice, Supreme Court",,REP,Paul Green,167,70,97
Travis,149,"Place 5, Justice, Supreme Court",,REP,Paul Green,28,5,23
Travis,150,"Place 5, Justice, Supreme Court",,REP,Paul Green,226,98,128
Travis,151,"Place 5, Justice, Supreme Court",,REP,Paul Green,61,13,48
Travis,152,"Place 5, Justice, Supreme Court",,REP,Paul Green,50,20,30
Travis,153,"Place 5, Justice, Supreme Court",,REP,Paul Green,148,38,110
Travis,154,"Place 5, Justice, Supreme Court",,REP,Paul Green,109,26,83
Travis,156,"Place 5, Justice, Supreme Court",,REP,Paul Green,126,50,76
Travis,160,"Place 5, Justice, Supreme Court",,REP,Paul Green,108,51,57
Travis,161,"Place 5, Justice, Supreme Court",,REP,Paul Green,92,29,63
Travis,163,"Place 5, Justice, Supreme Court",,REP,Paul Green,31,10,21
Travis,164,"Place 5, Justice, Supreme Court",,REP,Paul Green,43,13,30
Travis,200,"Place 5, Justice, Supreme Court",,REP,Paul Green,90,28,62
Travis,202,"Place 5, Justice, Supreme Court",,REP,Paul Green,75,30,45
Travis,203,"Place 5, Justice, Supreme Court",,REP,Paul Green,34,13,21
Travis,205,"Place 5, Justice, Supreme Court",,REP,Paul Green,99,26,73
Travis,206,"Place 5, Justice, Supreme Court",,REP,Paul Green,40,18,22
Travis,207,"Place 5, Justice, Supreme Court",,REP,Paul Green,275,97,178
Travis,208,"Place 5, Justice, Supreme Court",,REP,Paul Green,182,80,102
Travis,209,"Place 5, Justice, Supreme Court",,REP,Paul Green,30,8,22
Travis,210,"Place 5, Justice, Supreme Court",,REP,Paul Green,152,81,71
Travis,211,"Place 5, Justice, Supreme Court",,REP,Paul Green,87,26,61
Travis,212,"Place 5, Justice, Supreme Court",,REP,Paul Green,481,224,257
Travis,213,"Place 5, Justice, Supreme Court",,REP,Paul Green,0,0,0
Travis,214,"Place 5, Justice, Supreme Court",,REP,Paul Green,283,108,175
Travis,215,"Place 5, Justice, Supreme Court",,REP,Paul Green,104,33,71
Travis,216,"Place 5, Justice, Supreme Court",,REP,Paul Green,71,20,51
Travis,217,"Place 5, Justice, Supreme Court",,REP,Paul Green,83,26,57
Travis,218,"Place 5, Justice, Supreme Court",,REP,Paul Green,152,55,97
Travis,219,"Place 5, Justice, Supreme Court",,REP,Paul Green,175,63,112
Travis,220,"Place 5, Justice, Supreme Court",,REP,Paul Green,172,75,97
Travis,221,"Place 5, Justice, Supreme Court",,REP,Paul Green,93,41,52
Travis,222,"Place 5, Justice, Supreme Court",,REP,Paul Green,121,39,82
Travis,223,"Place 5, Justice, Supreme Court",,REP,Paul Green,26,12,14
Travis,224,"Place 5, Justice, Supreme Court",,REP,Paul Green,6,1,5
Travis,225,"Place 5, Justice, Supreme Court",,REP,Paul Green,171,50,121
Travis,226,"Place 5, Justice, Supreme Court",,REP,Paul Green,81,30,51
Travis,227,"Place 5, Justice, Supreme Court",,REP,Paul Green,34,13,21
Travis,228,"Place 5, Justice, Supreme Court",,REP,Paul Green,112,51,61
Travis,229,"Place 5, Justice, Supreme Court",,REP,Paul Green,107,31,76
Travis,231,"Place 5, Justice, Supreme Court",,REP,Paul Green,269,108,161
Travis,232,"Place 5, Justice, Supreme Court",,REP,Paul Green,564,273,291
Travis,233,"Place 5, Justice, Supreme Court",,REP,Paul Green,339,133,206
Travis,234,"Place 5, Justice, Supreme Court",,REP,Paul Green,251,102,149
Travis,235,"Place 5, Justice, Supreme Court",,REP,Paul Green,70,30,40
Travis,236,"Place 5, Justice, Supreme Court",,REP,Paul Green,121,39,82
Travis,237,"Place 5, Justice, Supreme Court",,REP,Paul Green,218,82,136
Travis,238,"Place 5, Justice, Supreme Court",,REP,Paul Green,196,66,130
Travis,239,"Place 5, Justice, Supreme Court",,REP,Paul Green,131,53,78
Travis,240,"Place 5, Justice, Supreme Court",,REP,Paul Green,72,21,51
Travis,241,"Place 5, Justice, Supreme Court",,REP,Paul Green,70,20,50
Travis,242,"Place 5, Justice, Supreme Court",,REP,Paul Green,148,59,89
Travis,243,"Place 5, Justice, Supreme Court",,REP,Paul Green,105,51,54
Travis,244,"Place 5, Justice, Supreme Court",,REP,Paul Green,325,183,142
Travis,245,"Place 5, Justice, Supreme Court",,REP,Paul Green,121,40,81
Travis,246,"Place 5, Justice, Supreme Court",,REP,Paul Green,148,53,95
Travis,247,"Place 5, Justice, Supreme Court",,REP,Paul Green,91,29,62
Travis,248,"Place 5, Justice, Supreme Court",,REP,Paul Green,94,35,59
Travis,249,"Place 5, Justice, Supreme Court",,REP,Paul Green,213,87,126
Travis,250,"Place 5, Justice, Supreme Court",,REP,Paul Green,230,88,142
Travis,251,"Place 5, Justice, Supreme Court",,REP,Paul Green,194,68,126
Travis,252,"Place 5, Justice, Supreme Court",,REP,Paul Green,116,51,65
Travis,253,"Place 5, Justice, Supreme Court",,REP,Paul Green,299,148,151
Travis,254,"Place 5, Justice, Supreme Court",,REP,Paul Green,190,70,120
Travis,256,"Place 5, Justice, Supreme Court",,REP,Paul Green,252,127,125
Travis,258,"Place 5, Justice, Supreme Court",,REP,Paul Green,172,56,116
Travis,259,"Place 5, Justice, Supreme Court",,REP,Paul Green,187,78,109
Travis,260,"Place 5, Justice, Supreme Court",,REP,Paul Green,32,10,22
Travis,262,"Place 5, Justice, Supreme Court",,REP,Paul Green,309,160,149
Travis,263,"Place 5, Justice, Supreme Court",,REP,Paul Green,163,45,118
Travis,266,"Place 5, Justice, Supreme Court",,REP,Paul Green,72,38,34
Travis,267,"Place 5, Justice, Supreme Court",,REP,Paul Green,96,47,49
Travis,268,"Place 5, Justice, Supreme Court",,REP,Paul Green,51,13,38
Travis,273,"Place 5, Justice, Supreme Court",,REP,Paul Green,141,72,69
Travis,274,"Place 5, Justice, Supreme Court",,REP,Paul Green,61,37,24
Travis,275,"Place 5, Justice, Supreme Court",,REP,Paul Green,66,24,42
Travis,277,"Place 5, Justice, Supreme Court",,REP,Paul Green,224,86,138
Travis,301,"Place 5, Justice, Supreme Court",,REP,Paul Green,77,31,46
Travis,302,"Place 5, Justice, Supreme Court",,REP,Paul Green,308,169,139
Travis,303,"Place 5, Justice, Supreme Court",,REP,Paul Green,288,118,170
Travis,304,"Place 5, Justice, Supreme Court",,REP,Paul Green,419,169,250
Travis,305,"Place 5, Justice, Supreme Court",,REP,Paul Green,3,3,0
Travis,306,"Place 5, Justice, Supreme Court",,REP,Paul Green,384,228,156
Travis,307,"Place 5, Justice, Supreme Court",,REP,Paul Green,120,56,64
Travis,308,"Place 5, Justice, Supreme Court",,REP,Paul Green,722,298,424
Travis,309,"Place 5, Justice, Supreme Court",,REP,Paul Green,166,90,76
Travis,310,"Place 5, Justice, Supreme Court",,REP,Paul Green,336,144,192
Travis,311,"Place 5, Justice, Supreme Court",,REP,Paul Green,161,71,90
Travis,312,"Place 5, Justice, Supreme Court",,REP,Paul Green,203,100,103
Travis,313,"Place 5, Justice, Supreme Court",,REP,Paul Green,4,2,2
Travis,314,"Place 5, Justice, Supreme Court",,REP,Paul Green,612,303,309
Travis,315,"Place 5, Justice, Supreme Court",,REP,Paul Green,369,162,207
Travis,316,"Place 5, Justice, Supreme Court",,REP,Paul Green,314,135,179
Travis,317,"Place 5, Justice, Supreme Court",,REP,Paul Green,275,111,164
Travis,318,"Place 5, Justice, Supreme Court",,REP,Paul Green,68,20,48
Travis,319,"Place 5, Justice, Supreme Court",,REP,Paul Green,273,150,123
Travis,320,"Place 5, Justice, Supreme Court",,REP,Paul Green,294,169,125
Travis,321,"Place 5, Justice, Supreme Court",,REP,Paul Green,62,34,28
Travis,323,"Place 5, Justice, Supreme Court",,REP,Paul Green,79,33,46
Travis,324,"Place 5, Justice, Supreme Court",,REP,Paul Green,588,278,310
Travis,325,"Place 5, Justice, Supreme Court",,REP,Paul Green,1,1,0
Travis,326,"Place 5, Justice, Supreme Court",,REP,Paul Green,191,72,119
Travis,327,"Place 5, Justice, Supreme Court",,REP,Paul Green,275,122,153
Travis,328,"Place 5, Justice, Supreme Court",,REP,Paul Green,241,119,122
Travis,329,"Place 5, Justice, Supreme Court",,REP,Paul Green,194,92,102
Travis,330,"Place 5, Justice, Supreme Court",,REP,Paul Green,355,160,195
Travis,331,"Place 5, Justice, Supreme Court",,REP,Paul Green,244,105,139
Travis,332,"Place 5, Justice, Supreme Court",,REP,Paul Green,76,31,45
Travis,333,"Place 5, Justice, Supreme Court",,REP,Paul Green,278,70,208
Travis,334,"Place 5, Justice, Supreme Court",,REP,Paul Green,321,116,205
Travis,335,"Place 5, Justice, Supreme Court",,REP,Paul Green,203,81,122
Travis,336,"Place 5, Justice, Supreme Court",,REP,Paul Green,216,80,136
Travis,337,"Place 5, Justice, Supreme Court",,REP,Paul Green,337,103,234
Travis,338,"Place 5, Justice, Supreme Court",,REP,Paul Green,440,169,271
Travis,339,"Place 5, Justice, Supreme Court",,REP,Paul Green,117,59,58
Travis,340,"Place 5, Justice, Supreme Court",,REP,Paul Green,93,38,55
Travis,341,"Place 5, Justice, Supreme Court",,REP,Paul Green,6,2,4
Travis,342,"Place 5, Justice, Supreme Court",,REP,Paul Green,186,81,105
Travis,343,"Place 5, Justice, Supreme Court",,REP,Paul Green,112,35,77
Travis,344,"Place 5, Justice, Supreme Court",,REP,Paul Green,91,30,61
Travis,345,"Place 5, Justice, Supreme Court",,REP,Paul Green,0,0,0
Travis,346,"Place 5, Justice, Supreme Court",,REP,Paul Green,607,374,233
Travis,347,"Place 5, Justice, Supreme Court",,REP,Paul Green,261,136,125
Travis,349,"Place 5, Justice, Supreme Court",,REP,Paul Green,335,158,177
Travis,350,"Place 5, Justice, Supreme Court",,REP,Paul Green,210,92,118
Travis,351,"Place 5, Justice, Supreme Court",,REP,Paul Green,83,43,40
Travis,352,"Place 5, Justice, Supreme Court",,REP,Paul Green,131,70,61
Travis,354,"Place 5, Justice, Supreme Court",,REP,Paul Green,400,211,189
Travis,356,"Place 5, Justice, Supreme Court",,REP,Paul Green,91,41,50
Travis,357,"Place 5, Justice, Supreme Court",,REP,Paul Green,59,29,30
Travis,358,"Place 5, Justice, Supreme Court",,REP,Paul Green,184,69,115
Travis,359,"Place 5, Justice, Supreme Court",,REP,Paul Green,450,209,241
Travis,360,"Place 5, Justice, Supreme Court",,REP,Paul Green,305,138,167
Travis,361,"Place 5, Justice, Supreme Court",,REP,Paul Green,149,76,73
Travis,362,"Place 5, Justice, Supreme Court",,REP,Paul Green,202,102,100
Travis,363,"Place 5, Justice, Supreme Court",,REP,Paul Green,141,61,80
Travis,364,"Place 5, Justice, Supreme Court",,REP,Paul Green,329,175,154
Travis,365,"Place 5, Justice, Supreme Court",,REP,Paul Green,155,65,90
Travis,366,"Place 5, Justice, Supreme Court",,REP,Paul Green,376,162,214
Travis,367,"Place 5, Justice, Supreme Court",,REP,Paul Green,500,228,272
Travis,368,"Place 5, Justice, Supreme Court",,REP,Paul Green,47,33,14
Travis,369,"Place 5, Justice, Supreme Court",,REP,Paul Green,315,78,237
Travis,370,"Place 5, Justice, Supreme Court",,REP,Paul Green,144,12,132
Travis,371,"Place 5, Justice, Supreme Court",,REP,Paul Green,293,77,216
Travis,372,"Place 5, Justice, Supreme Court",,REP,Paul Green,164,26,138
Travis,373,"Place 5, Justice, Supreme Court",,REP,Paul Green,610,238,372
Travis,374,"Place 5, Justice, Supreme Court",,REP,Paul Green,469,169,300
Travis,375,"Place 5, Justice, Supreme Court",,REP,Paul Green,91,29,62
Travis,401,"Place 5, Justice, Supreme Court",,REP,Paul Green,99,42,57
Travis,402,"Place 5, Justice, Supreme Court",,REP,Paul Green,108,31,77
Travis,403,"Place 5, Justice, Supreme Court",,REP,Paul Green,83,20,63
Travis,404,"Place 5, Justice, Supreme Court",,REP,Paul Green,80,18,62
Travis,405,"Place 5, Justice, Supreme Court",,REP,Paul Green,19,6,13
Travis,406,"Place 5, Justice, Supreme Court",,REP,Paul Green,393,223,170
Travis,407,"Place 5, Justice, Supreme Court",,REP,Paul Green,41,21,20
Travis,408,"Place 5, Justice, Supreme Court",,REP,Paul Green,151,65,86
Travis,409,"Place 5, Justice, Supreme Court",,REP,Paul Green,38,16,22
Travis,410,"Place 5, Justice, Supreme Court",,REP,Paul Green,98,46,52
Travis,411,"Place 5, Justice, Supreme Court",,REP,Paul Green,68,21,47
Travis,412,"Place 5, Justice, Supreme Court",,REP,Paul Green,2,1,1
Travis,413,"Place 5, Justice, Supreme Court",,REP,Paul Green,24,9,15
Travis,414,"Place 5, Justice, Supreme Court",,REP,Paul Green,146,41,105
Travis,415,"Place 5, Justice, Supreme Court",,REP,Paul Green,56,12,44
Travis,416,"Place 5, Justice, Supreme Court",,REP,Paul Green,6,2,4
Travis,417,"Place 5, Justice, Supreme Court",,REP,Paul Green,69,33,36
Travis,418,"Place 5, Justice, Supreme Court",,REP,Paul Green,1,1,0
Travis,419,"Place 5, Justice, Supreme Court",,REP,Paul Green,29,3,26
Travis,420,"Place 5, Justice, Supreme Court",,REP,Paul Green,55,25,30
Travis,421,"Place 5, Justice, Supreme Court",,REP,Paul Green,77,27,50
Travis,422,"Place 5, Justice, Supreme Court",,REP,Paul Green,48,22,26
Travis,423,"Place 5, Justice, Supreme Court",,REP,Paul Green,49,15,34
Travis,424,"Place 5, Justice, Supreme Court",,REP,Paul Green,51,23,28
Travis,425,"Place 5, Justice, Supreme Court",,REP,Paul Green,21,7,14
Travis,426,"Place 5, Justice, Supreme Court",,REP,Paul Green,38,17,21
Travis,427,"Place 5, Justice, Supreme Court",,REP,Paul Green,22,10,12
Travis,428,"Place 5, Justice, Supreme Court",,REP,Paul Green,87,37,50
Travis,429,"Place 5, Justice, Supreme Court",,REP,Paul Green,116,40,76
Travis,430,"Place 5, Justice, Supreme Court",,REP,Paul Green,18,7,11
Travis,431,"Place 5, Justice, Supreme Court",,REP,Paul Green,101,38,63
Travis,432,"Place 5, Justice, Supreme Court",,REP,Paul Green,0,0,0
Travis,433,"Place 5, Justice, Supreme Court",,REP,Paul Green,51,27,24
Travis,434,"Place 5, Justice, Supreme Court",,REP,Paul Green,0,0,0
Travis,435,"Place 5, Justice, Supreme Court",,REP,Paul Green,267,126,141
Travis,436,"Place 5, Justice, Supreme Court",,REP,Paul Green,0,0,0
Travis,437,"Place 5, Justice, Supreme Court",,REP,Paul Green,55,21,34
Travis,438,"Place 5, Justice, Supreme Court",,REP,Paul Green,29,9,20
Travis,439,"Place 5, Justice, Supreme Court",,REP,Paul Green,34,8,26
Travis,440,"Place 5, Justice, Supreme Court",,REP,Paul Green,23,7,16
Travis,441,"Place 5, Justice, Supreme Court",,REP,Paul Green,96,35,61
Travis,442,"Place 5, Justice, Supreme Court",,REP,Paul Green,30,9,21
Travis,443,"Place 5, Justice, Supreme Court",,REP,Paul Green,81,35,46
Travis,444,"Place 5, Justice, Supreme Court",,REP,Paul Green,0,0,0
Travis,446,"Place 5, Justice, Supreme Court",,REP,Paul Green,35,7,28
Travis,447,"Place 5, Justice, Supreme Court",,REP,Paul Green,92,33,59
Travis,448,"Place 5, Justice, Supreme Court",,REP,Paul Green,66,29,37
Travis,450,"Place 5, Justice, Supreme Court",,REP,Paul Green,89,38,51
Travis,451,"Place 5, Justice, Supreme Court",,REP,Paul Green,87,28,59
Travis,452,"Place 5, Justice, Supreme Court",,REP,Paul Green,46,20,26
Travis,454,"Place 5, Justice, Supreme Court",,REP,Paul Green,109,63,46
Travis,458,"Place 5, Justice, Supreme Court",,REP,Paul Green,160,65,95
Travis,460,"Place 5, Justice, Supreme Court",,REP,Paul Green,86,51,35
Travis,461,"Place 5, Justice, Supreme Court",,REP,Paul Green,86,35,51
Travis,463,"Place 5, Justice, Supreme Court",,REP,Paul Green,109,43,66
Travis,101,"Place 5, Justice, Supreme Court",,REP,Rick Green,58,16,42
Travis,102,"Place 5, Justice, Supreme Court",,REP,Rick Green,20,7,13
Travis,103,"Place 5, Justice, Supreme Court",,REP,Rick Green,54,20,34
Travis,104,"Place 5, Justice, Supreme Court",,REP,Rick Green,32,16,16
Travis,105,"Place 5, Justice, Supreme Court",,REP,Rick Green,173,66,107
Travis,106,"Place 5, Justice, Supreme Court",,REP,Rick Green,159,59,100
Travis,107,"Place 5, Justice, Supreme Court",,REP,Rick Green,28,4,24
Travis,108,"Place 5, Justice, Supreme Court",,REP,Rick Green,38,10,28
Travis,109,"Place 5, Justice, Supreme Court",,REP,Rick Green,66,25,41
Travis,110,"Place 5, Justice, Supreme Court",,REP,Rick Green,199,73,126
Travis,111,"Place 5, Justice, Supreme Court",,REP,Rick Green,78,22,56
Travis,112,"Place 5, Justice, Supreme Court",,REP,Rick Green,13,2,11
Travis,113,"Place 5, Justice, Supreme Court",,REP,Rick Green,111,44,67
Travis,114,"Place 5, Justice, Supreme Court",,REP,Rick Green,7,1,6
Travis,115,"Place 5, Justice, Supreme Court",,REP,Rick Green,0,0,0
Travis,116,"Place 5, Justice, Supreme Court",,REP,Rick Green,0,0,0
Travis,117,"Place 5, Justice, Supreme Court",,REP,Rick Green,19,6,13
Travis,118,"Place 5, Justice, Supreme Court",,REP,Rick Green,8,1,7
Travis,119,"Place 5, Justice, Supreme Court",,REP,Rick Green,0,0,0
Travis,120,"Place 5, Justice, Supreme Court",,REP,Rick Green,5,2,3
Travis,121,"Place 5, Justice, Supreme Court",,REP,Rick Green,4,1,3
Travis,122,"Place 5, Justice, Supreme Court",,REP,Rick Green,9,5,4
Travis,123,"Place 5, Justice, Supreme Court",,REP,Rick Green,203,64,139
Travis,124,"Place 5, Justice, Supreme Court",,REP,Rick Green,31,16,15
Travis,125,"Place 5, Justice, Supreme Court",,REP,Rick Green,0,0,0
Travis,126,"Place 5, Justice, Supreme Court",,REP,Rick Green,28,10,18
Travis,127,"Place 5, Justice, Supreme Court",,REP,Rick Green,0,0,0
Travis,128,"Place 5, Justice, Supreme Court",,REP,Rick Green,0,0,0
Travis,129,"Place 5, Justice, Supreme Court",,REP,Rick Green,13,5,8
Travis,130,"Place 5, Justice, Supreme Court",,REP,Rick Green,31,4,27
Travis,131,"Place 5, Justice, Supreme Court",,REP,Rick Green,0,0,0
Travis,132,"Place 5, Justice, Supreme Court",,REP,Rick Green,23,5,18
Travis,133,"Place 5, Justice, Supreme Court",,REP,Rick Green,31,9,22
Travis,134,"Place 5, Justice, Supreme Court",,REP,Rick Green,0,0,0
Travis,135,"Place 5, Justice, Supreme Court",,REP,Rick Green,75,25,50
Travis,136,"Place 5, Justice, Supreme Court",,REP,Rick Green,159,61,98
Travis,137,"Place 5, Justice, Supreme Court",,REP,Rick Green,384,130,254
Travis,138,"Place 5, Justice, Supreme Court",,REP,Rick Green,0,0,0
Travis,139,"Place 5, Justice, Supreme Court",,REP,Rick Green,60,24,36
Travis,140,"Place 5, Justice, Supreme Court",,REP,Rick Green,48,13,35
Travis,141,"Place 5, Justice, Supreme Court",,REP,Rick Green,12,1,11
Travis,142,"Place 5, Justice, Supreme Court",,REP,Rick Green,5,3,2
Travis,145,"Place 5, Justice, Supreme Court",,REP,Rick Green,67,21,46
Travis,146,"Place 5, Justice, Supreme Court",,REP,Rick Green,130,47,83
Travis,148,"Place 5, Justice, Supreme Court",,REP,Rick Green,116,43,73
Travis,149,"Place 5, Justice, Supreme Court",,REP,Rick Green,13,5,8
Travis,150,"Place 5, Justice, Supreme Court",,REP,Rick Green,120,40,80
Travis,151,"Place 5, Justice, Supreme Court",,REP,Rick Green,30,12,18
Travis,152,"Place 5, Justice, Supreme Court",,REP,Rick Green,26,9,17
Travis,153,"Place 5, Justice, Supreme Court",,REP,Rick Green,112,40,72
Travis,154,"Place 5, Justice, Supreme Court",,REP,Rick Green,81,22,59
Travis,156,"Place 5, Justice, Supreme Court",,REP,Rick Green,68,21,47
Travis,160,"Place 5, Justice, Supreme Court",,REP,Rick Green,56,24,32
Travis,161,"Place 5, Justice, Supreme Court",,REP,Rick Green,52,18,34
Travis,163,"Place 5, Justice, Supreme Court",,REP,Rick Green,21,11,10
Travis,164,"Place 5, Justice, Supreme Court",,REP,Rick Green,23,6,17
Travis,200,"Place 5, Justice, Supreme Court",,REP,Rick Green,40,15,25
Travis,202,"Place 5, Justice, Supreme Court",,REP,Rick Green,34,7,27
Travis,203,"Place 5, Justice, Supreme Court",,REP,Rick Green,25,5,20
Travis,205,"Place 5, Justice, Supreme Court",,REP,Rick Green,59,14,45
Travis,206,"Place 5, Justice, Supreme Court",,REP,Rick Green,16,3,13
Travis,207,"Place 5, Justice, Supreme Court",,REP,Rick Green,153,61,92
Travis,208,"Place 5, Justice, Supreme Court",,REP,Rick Green,74,36,38
Travis,209,"Place 5, Justice, Supreme Court",,REP,Rick Green,21,6,15
Travis,210,"Place 5, Justice, Supreme Court",,REP,Rick Green,52,23,29
Travis,211,"Place 5, Justice, Supreme Court",,REP,Rick Green,37,12,25
Travis,212,"Place 5, Justice, Supreme Court",,REP,Rick Green,167,75,92
Travis,213,"Place 5, Justice, Supreme Court",,REP,Rick Green,0,0,0
Travis,214,"Place 5, Justice, Supreme Court",,REP,Rick Green,86,27,59
Travis,215,"Place 5, Justice, Supreme Court",,REP,Rick Green,64,23,41
Travis,216,"Place 5, Justice, Supreme Court",,REP,Rick Green,38,19,19
Travis,217,"Place 5, Justice, Supreme Court",,REP,Rick Green,53,18,35
Travis,218,"Place 5, Justice, Supreme Court",,REP,Rick Green,111,53,58
Travis,219,"Place 5, Justice, Supreme Court",,REP,Rick Green,107,39,68
Travis,220,"Place 5, Justice, Supreme Court",,REP,Rick Green,59,22,37
Travis,221,"Place 5, Justice, Supreme Court",,REP,Rick Green,45,11,34
Travis,222,"Place 5, Justice, Supreme Court",,REP,Rick Green,72,29,43
Travis,223,"Place 5, Justice, Supreme Court",,REP,Rick Green,11,5,6
Travis,224,"Place 5, Justice, Supreme Court",,REP,Rick Green,3,0,3
Travis,225,"Place 5, Justice, Supreme Court",,REP,Rick Green,102,41,61
Travis,226,"Place 5, Justice, Supreme Court",,REP,Rick Green,44,16,28
Travis,227,"Place 5, Justice, Supreme Court",,REP,Rick Green,9,4,5
Travis,228,"Place 5, Justice, Supreme Court",,REP,Rick Green,81,38,43
Travis,229,"Place 5, Justice, Supreme Court",,REP,Rick Green,75,18,57
Travis,231,"Place 5, Justice, Supreme Court",,REP,Rick Green,119,51,68
Travis,232,"Place 5, Justice, Supreme Court",,REP,Rick Green,359,187,172
Travis,233,"Place 5, Justice, Supreme Court",,REP,Rick Green,183,74,109
Travis,234,"Place 5, Justice, Supreme Court",,REP,Rick Green,141,51,90
Travis,235,"Place 5, Justice, Supreme Court",,REP,Rick Green,22,5,17
Travis,236,"Place 5, Justice, Supreme Court",,REP,Rick Green,51,17,34
Travis,237,"Place 5, Justice, Supreme Court",,REP,Rick Green,61,19,42
Travis,238,"Place 5, Justice, Supreme Court",,REP,Rick Green,87,27,60
Travis,239,"Place 5, Justice, Supreme Court",,REP,Rick Green,72,21,51
Travis,240,"Place 5, Justice, Supreme Court",,REP,Rick Green,42,13,29
Travis,241,"Place 5, Justice, Supreme Court",,REP,Rick Green,31,11,20
Travis,242,"Place 5, Justice, Supreme Court",,REP,Rick Green,75,29,46
Travis,243,"Place 5, Justice, Supreme Court",,REP,Rick Green,56,27,29
Travis,244,"Place 5, Justice, Supreme Court",,REP,Rick Green,199,92,107
Travis,245,"Place 5, Justice, Supreme Court",,REP,Rick Green,58,17,41
Travis,246,"Place 5, Justice, Supreme Court",,REP,Rick Green,75,30,45
Travis,247,"Place 5, Justice, Supreme Court",,REP,Rick Green,50,20,30
Travis,248,"Place 5, Justice, Supreme Court",,REP,Rick Green,59,24,35
Travis,249,"Place 5, Justice, Supreme Court",,REP,Rick Green,89,29,60
Travis,250,"Place 5, Justice, Supreme Court",,REP,Rick Green,78,28,50
Travis,251,"Place 5, Justice, Supreme Court",,REP,Rick Green,81,28,53
Travis,252,"Place 5, Justice, Supreme Court",,REP,Rick Green,63,23,40
Travis,253,"Place 5, Justice, Supreme Court",,REP,Rick Green,152,60,92
Travis,254,"Place 5, Justice, Supreme Court",,REP,Rick Green,131,55,76
Travis,256,"Place 5, Justice, Supreme Court",,REP,Rick Green,70,35,35
Travis,258,"Place 5, Justice, Supreme Court",,REP,Rick Green,101,38,63
Travis,259,"Place 5, Justice, Supreme Court",,REP,Rick Green,121,56,65
Travis,260,"Place 5, Justice, Supreme Court",,REP,Rick Green,29,11,18
Travis,262,"Place 5, Justice, Supreme Court",,REP,Rick Green,137,58,79
Travis,263,"Place 5, Justice, Supreme Court",,REP,Rick Green,96,24,72
Travis,266,"Place 5, Justice, Supreme Court",,REP,Rick Green,20,10,10
Travis,267,"Place 5, Justice, Supreme Court",,REP,Rick Green,60,28,32
Travis,268,"Place 5, Justice, Supreme Court",,REP,Rick Green,22,8,14
Travis,273,"Place 5, Justice, Supreme Court",,REP,Rick Green,56,22,34
Travis,274,"Place 5, Justice, Supreme Court",,REP,Rick Green,25,8,17
Travis,275,"Place 5, Justice, Supreme Court",,REP,Rick Green,23,8,15
Travis,277,"Place 5, Justice, Supreme Court",,REP,Rick Green,111,46,65
Travis,301,"Place 5, Justice, Supreme Court",,REP,Rick Green,47,15,32
Travis,302,"Place 5, Justice, Supreme Court",,REP,Rick Green,184,99,85
Travis,303,"Place 5, Justice, Supreme Court",,REP,Rick Green,202,93,109
Travis,304,"Place 5, Justice, Supreme Court",,REP,Rick Green,217,83,134
Travis,305,"Place 5, Justice, Supreme Court",,REP,Rick Green,0,0,0
Travis,306,"Place 5, Justice, Supreme Court",,REP,Rick Green,218,129,89
Travis,307,"Place 5, Justice, Supreme Court",,REP,Rick Green,52,17,35
Travis,308,"Place 5, Justice, Supreme Court",,REP,Rick Green,388,162,226
Travis,309,"Place 5, Justice, Supreme Court",,REP,Rick Green,93,47,46
Travis,310,"Place 5, Justice, Supreme Court",,REP,Rick Green,207,83,124
Travis,311,"Place 5, Justice, Supreme Court",,REP,Rick Green,60,28,32
Travis,312,"Place 5, Justice, Supreme Court",,REP,Rick Green,123,62,61
Travis,313,"Place 5, Justice, Supreme Court",,REP,Rick Green,1,1,0
Travis,314,"Place 5, Justice, Supreme Court",,REP,Rick Green,270,143,127
Travis,315,"Place 5, Justice, Supreme Court",,REP,Rick Green,226,107,119
Travis,316,"Place 5, Justice, Supreme Court",,REP,Rick Green,174,67,107
Travis,317,"Place 5, Justice, Supreme Court",,REP,Rick Green,123,46,77
Travis,318,"Place 5, Justice, Supreme Court",,REP,Rick Green,32,7,25
Travis,319,"Place 5, Justice, Supreme Court",,REP,Rick Green,147,69,78
Travis,320,"Place 5, Justice, Supreme Court",,REP,Rick Green,132,76,56
Travis,321,"Place 5, Justice, Supreme Court",,REP,Rick Green,39,18,21
Travis,323,"Place 5, Justice, Supreme Court",,REP,Rick Green,31,15,16
Travis,324,"Place 5, Justice, Supreme Court",,REP,Rick Green,288,150,138
Travis,325,"Place 5, Justice, Supreme Court",,REP,Rick Green,8,6,2
Travis,326,"Place 5, Justice, Supreme Court",,REP,Rick Green,135,65,70
Travis,327,"Place 5, Justice, Supreme Court",,REP,Rick Green,153,65,88
Travis,328,"Place 5, Justice, Supreme Court",,REP,Rick Green,137,53,84
Travis,329,"Place 5, Justice, Supreme Court",,REP,Rick Green,78,37,41
Travis,330,"Place 5, Justice, Supreme Court",,REP,Rick Green,147,60,87
Travis,331,"Place 5, Justice, Supreme Court",,REP,Rick Green,130,50,80
Travis,332,"Place 5, Justice, Supreme Court",,REP,Rick Green,40,16,24
Travis,333,"Place 5, Justice, Supreme Court",,REP,Rick Green,144,30,114
Travis,334,"Place 5, Justice, Supreme Court",,REP,Rick Green,194,76,118
Travis,335,"Place 5, Justice, Supreme Court",,REP,Rick Green,115,54,61
Travis,336,"Place 5, Justice, Supreme Court",,REP,Rick Green,110,39,71
Travis,337,"Place 5, Justice, Supreme Court",,REP,Rick Green,185,54,131
Travis,338,"Place 5, Justice, Supreme Court",,REP,Rick Green,203,78,125
Travis,339,"Place 5, Justice, Supreme Court",,REP,Rick Green,67,41,26
Travis,340,"Place 5, Justice, Supreme Court",,REP,Rick Green,57,19,38
Travis,341,"Place 5, Justice, Supreme Court",,REP,Rick Green,6,2,4
Travis,342,"Place 5, Justice, Supreme Court",,REP,Rick Green,93,43,50
Travis,343,"Place 5, Justice, Supreme Court",,REP,Rick Green,67,21,46
Travis,344,"Place 5, Justice, Supreme Court",,REP,Rick Green,62,23,39
Travis,345,"Place 5, Justice, Supreme Court",,REP,Rick Green,0,0,0
Travis,346,"Place 5, Justice, Supreme Court",,REP,Rick Green,305,176,129
Travis,347,"Place 5, Justice, Supreme Court",,REP,Rick Green,118,60,58
Travis,349,"Place 5, Justice, Supreme Court",,REP,Rick Green,173,72,101
Travis,350,"Place 5, Justice, Supreme Court",,REP,Rick Green,121,53,68
Travis,351,"Place 5, Justice, Supreme Court",,REP,Rick Green,49,29,20
Travis,352,"Place 5, Justice, Supreme Court",,REP,Rick Green,100,43,57
Travis,354,"Place 5, Justice, Supreme Court",,REP,Rick Green,169,74,95
Travis,356,"Place 5, Justice, Supreme Court",,REP,Rick Green,32,11,21
Travis,357,"Place 5, Justice, Supreme Court",,REP,Rick Green,42,12,30
Travis,358,"Place 5, Justice, Supreme Court",,REP,Rick Green,139,68,71
Travis,359,"Place 5, Justice, Supreme Court",,REP,Rick Green,261,123,138
Travis,360,"Place 5, Justice, Supreme Court",,REP,Rick Green,178,95,83
Travis,361,"Place 5, Justice, Supreme Court",,REP,Rick Green,68,23,45
Travis,362,"Place 5, Justice, Supreme Court",,REP,Rick Green,121,54,67
Travis,363,"Place 5, Justice, Supreme Court",,REP,Rick Green,102,56,46
Travis,364,"Place 5, Justice, Supreme Court",,REP,Rick Green,133,67,66
Travis,365,"Place 5, Justice, Supreme Court",,REP,Rick Green,108,47,61
Travis,366,"Place 5, Justice, Supreme Court",,REP,Rick Green,199,91,108
Travis,367,"Place 5, Justice, Supreme Court",,REP,Rick Green,308,135,173
Travis,368,"Place 5, Justice, Supreme Court",,REP,Rick Green,19,8,11
Travis,369,"Place 5, Justice, Supreme Court",,REP,Rick Green,199,53,146
Travis,370,"Place 5, Justice, Supreme Court",,REP,Rick Green,105,7,98
Travis,371,"Place 5, Justice, Supreme Court",,REP,Rick Green,185,50,135
Travis,372,"Place 5, Justice, Supreme Court",,REP,Rick Green,111,16,95
Travis,373,"Place 5, Justice, Supreme Court",,REP,Rick Green,419,140,279
Travis,374,"Place 5, Justice, Supreme Court",,REP,Rick Green,496,114,382
Travis,375,"Place 5, Justice, Supreme Court",,REP,Rick Green,45,11,34
Travis,401,"Place 5, Justice, Supreme Court",,REP,Rick Green,58,15,43
Travis,402,"Place 5, Justice, Supreme Court",,REP,Rick Green,65,16,49
Travis,403,"Place 5, Justice, Supreme Court",,REP,Rick Green,57,15,42
Travis,404,"Place 5, Justice, Supreme Court",,REP,Rick Green,49,17,32
Travis,405,"Place 5, Justice, Supreme Court",,REP,Rick Green,10,3,7
Travis,406,"Place 5, Justice, Supreme Court",,REP,Rick Green,180,96,84
Travis,407,"Place 5, Justice, Supreme Court",,REP,Rick Green,25,9,16
Travis,408,"Place 5, Justice, Supreme Court",,REP,Rick Green,108,48,60
Travis,409,"Place 5, Justice, Supreme Court",,REP,Rick Green,16,6,10
Travis,410,"Place 5, Justice, Supreme Court",,REP,Rick Green,50,16,34
Travis,411,"Place 5, Justice, Supreme Court",,REP,Rick Green,38,17,21
Travis,412,"Place 5, Justice, Supreme Court",,REP,Rick Green,0,0,0
Travis,413,"Place 5, Justice, Supreme Court",,REP,Rick Green,18,7,11
Travis,414,"Place 5, Justice, Supreme Court",,REP,Rick Green,92,32,60
Travis,415,"Place 5, Justice, Supreme Court",,REP,Rick Green,39,7,32
Travis,416,"Place 5, Justice, Supreme Court",,REP,Rick Green,2,0,2
Travis,417,"Place 5, Justice, Supreme Court",,REP,Rick Green,38,15,23
Travis,418,"Place 5, Justice, Supreme Court",,REP,Rick Green,1,0,1
Travis,419,"Place 5, Justice, Supreme Court",,REP,Rick Green,18,8,10
Travis,420,"Place 5, Justice, Supreme Court",,REP,Rick Green,37,21,16
Travis,421,"Place 5, Justice, Supreme Court",,REP,Rick Green,33,7,26
Travis,422,"Place 5, Justice, Supreme Court",,REP,Rick Green,19,10,9
Travis,423,"Place 5, Justice, Supreme Court",,REP,Rick Green,25,9,16
Travis,424,"Place 5, Justice, Supreme Court",,REP,Rick Green,21,5,16
Travis,425,"Place 5, Justice, Supreme Court",,REP,Rick Green,16,8,8
Travis,426,"Place 5, Justice, Supreme Court",,REP,Rick Green,25,4,21
Travis,427,"Place 5, Justice, Supreme Court",,REP,Rick Green,15,3,12
Travis,428,"Place 5, Justice, Supreme Court",,REP,Rick Green,33,14,19
Travis,429,"Place 5, Justice, Supreme Court",,REP,Rick Green,60,22,38
Travis,430,"Place 5, Justice, Supreme Court",,REP,Rick Green,18,6,12
Travis,431,"Place 5, Justice, Supreme Court",,REP,Rick Green,56,28,28
Travis,432,"Place 5, Justice, Supreme Court",,REP,Rick Green,0,0,0
Travis,433,"Place 5, Justice, Supreme Court",,REP,Rick Green,34,14,20
Travis,434,"Place 5, Justice, Supreme Court",,REP,Rick Green,0,0,0
Travis,435,"Place 5, Justice, Supreme Court",,REP,Rick Green,173,73,100
Travis,436,"Place 5, Justice, Supreme Court",,REP,Rick Green,1,0,1
Travis,437,"Place 5, Justice, Supreme Court",,REP,Rick Green,16,0,16
Travis,438,"Place 5, Justice, Supreme Court",,REP,Rick Green,10,1,9
Travis,439,"Place 5, Justice, Supreme Court",,REP,Rick Green,18,4,14
Travis,440,"Place 5, Justice, Supreme Court",,REP,Rick Green,19,5,14
Travis,441,"Place 5, Justice, Supreme Court",,REP,Rick Green,68,30,38
Travis,442,"Place 5, Justice, Supreme Court",,REP,Rick Green,14,3,11
Travis,443,"Place 5, Justice, Supreme Court",,REP,Rick Green,39,16,23
Travis,444,"Place 5, Justice, Supreme Court",,REP,Rick Green,0,0,0
Travis,446,"Place 5, Justice, Supreme Court",,REP,Rick Green,18,5,13
Travis,447,"Place 5, Justice, Supreme Court",,REP,Rick Green,72,30,42
Travis,448,"Place 5, Justice, Supreme Court",,REP,Rick Green,47,17,30
Travis,450,"Place 5, Justice, Supreme Court",,REP,Rick Green,50,18,32
Travis,451,"Place 5, Justice, Supreme Court",,REP,Rick Green,44,16,28
Travis,452,"Place 5, Justice, Supreme Court",,REP,Rick Green,17,7,10
Travis,454,"Place 5, Justice, Supreme Court",,REP,Rick Green,65,40,25
Travis,458,"Place 5, Justice, Supreme Court",,REP,Rick Green,112,51,61
Travis,460,"Place 5, Justice, Supreme Court",,REP,Rick Green,69,38,31
Travis,461,"Place 5, Justice, Supreme Court",,REP,Rick Green,51,26,25
Travis,463,"Place 5, Justice, Supreme Court",,REP,Rick Green,60,17,43
Travis,101,"Place 6, Judge, Court Of Criminal Appeals",,REP,Michael E. Keasler,110,37,73
Travis,102,"Place 6, Judge, Court Of Criminal Appeals",,REP,Michael E. Keasler,33,8,25
Travis,103,"Place 6, Judge, Court Of Criminal Appeals",,REP,Michael E. Keasler,85,39,46
Travis,104,"Place 6, Judge, Court Of Criminal Appeals",,REP,Michael E. Keasler,68,32,36
Travis,105,"Place 6, Judge, Court Of Criminal Appeals",,REP,Michael E. Keasler,256,102,154
Travis,106,"Place 6, Judge, Court Of Criminal Appeals",,REP,Michael E. Keasler,236,80,156
Travis,107,"Place 6, Judge, Court Of Criminal Appeals",,REP,Michael E. Keasler,38,5,33
Travis,108,"Place 6, Judge, Court Of Criminal Appeals",,REP,Michael E. Keasler,45,6,39
Travis,109,"Place 6, Judge, Court Of Criminal Appeals",,REP,Michael E. Keasler,101,30,71
Travis,110,"Place 6, Judge, Court Of Criminal Appeals",,REP,Michael E. Keasler,296,116,180
Travis,111,"Place 6, Judge, Court Of Criminal Appeals",,REP,Michael E. Keasler,155,59,96
Travis,112,"Place 6, Judge, Court Of Criminal Appeals",,REP,Michael E. Keasler,33,9,24
Travis,113,"Place 6, Judge, Court Of Criminal Appeals",,REP,Michael E. Keasler,212,80,132
Travis,114,"Place 6, Judge, Court Of Criminal Appeals",,REP,Michael E. Keasler,10,3,7
Travis,115,"Place 6, Judge, Court Of Criminal Appeals",,REP,Michael E. Keasler,0,0,0
Travis,116,"Place 6, Judge, Court Of Criminal Appeals",,REP,Michael E. Keasler,0,0,0
Travis,117,"Place 6, Judge, Court Of Criminal Appeals",,REP,Michael E. Keasler,20,8,12
Travis,118,"Place 6, Judge, Court Of Criminal Appeals",,REP,Michael E. Keasler,9,5,4
Travis,119,"Place 6, Judge, Court Of Criminal Appeals",,REP,Michael E. Keasler,0,0,0
Travis,120,"Place 6, Judge, Court Of Criminal Appeals",,REP,Michael E. Keasler,6,2,4
Travis,121,"Place 6, Judge, Court Of Criminal Appeals",,REP,Michael E. Keasler,8,2,6
Travis,122,"Place 6, Judge, Court Of Criminal Appeals",,REP,Michael E. Keasler,16,6,10
Travis,123,"Place 6, Judge, Court Of Criminal Appeals",,REP,Michael E. Keasler,307,79,228
Travis,124,"Place 6, Judge, Court Of Criminal Appeals",,REP,Michael E. Keasler,46,17,29
Travis,125,"Place 6, Judge, Court Of Criminal Appeals",,REP,Michael E. Keasler,0,0,0
Travis,126,"Place 6, Judge, Court Of Criminal Appeals",,REP,Michael E. Keasler,31,8,23
Travis,127,"Place 6, Judge, Court Of Criminal Appeals",,REP,Michael E. Keasler,0,0,0
Travis,128,"Place 6, Judge, Court Of Criminal Appeals",,REP,Michael E. Keasler,0,0,0
Travis,129,"Place 6, Judge, Court Of Criminal Appeals",,REP,Michael E. Keasler,13,6,7
Travis,130,"Place 6, Judge, Court Of Criminal Appeals",,REP,Michael E. Keasler,44,10,34
Travis,131,"Place 6, Judge, Court Of Criminal Appeals",,REP,Michael E. Keasler,0,0,0
Travis,132,"Place 6, Judge, Court Of Criminal Appeals",,REP,Michael E. Keasler,40,18,22
Travis,133,"Place 6, Judge, Court Of Criminal Appeals",,REP,Michael E. Keasler,42,11,31
Travis,134,"Place 6, Judge, Court Of Criminal Appeals",,REP,Michael E. Keasler,0,0,0
Travis,135,"Place 6, Judge, Court Of Criminal Appeals",,REP,Michael E. Keasler,139,56,83
Travis,136,"Place 6, Judge, Court Of Criminal Appeals",,REP,Michael E. Keasler,246,97,149
Travis,137,"Place 6, Judge, Court Of Criminal Appeals",,REP,Michael E. Keasler,619,210,409
Travis,138,"Place 6, Judge, Court Of Criminal Appeals",,REP,Michael E. Keasler,0,0,0
Travis,139,"Place 6, Judge, Court Of Criminal Appeals",,REP,Michael E. Keasler,87,31,56
Travis,140,"Place 6, Judge, Court Of Criminal Appeals",,REP,Michael E. Keasler,54,24,30
Travis,141,"Place 6, Judge, Court Of Criminal Appeals",,REP,Michael E. Keasler,12,3,9
Travis,142,"Place 6, Judge, Court Of Criminal Appeals",,REP,Michael E. Keasler,8,4,4
Travis,145,"Place 6, Judge, Court Of Criminal Appeals",,REP,Michael E. Keasler,138,53,85
Travis,146,"Place 6, Judge, Court Of Criminal Appeals",,REP,Michael E. Keasler,182,76,106
Travis,148,"Place 6, Judge, Court Of Criminal Appeals",,REP,Michael E. Keasler,157,70,87
Travis,149,"Place 6, Judge, Court Of Criminal Appeals",,REP,Michael E. Keasler,26,7,19
Travis,150,"Place 6, Judge, Court Of Criminal Appeals",,REP,Michael E. Keasler,217,91,126
Travis,151,"Place 6, Judge, Court Of Criminal Appeals",,REP,Michael E. Keasler,53,16,37
Travis,152,"Place 6, Judge, Court Of Criminal Appeals",,REP,Michael E. Keasler,45,15,30
Travis,153,"Place 6, Judge, Court Of Criminal Appeals",,REP,Michael E. Keasler,144,45,99
Travis,154,"Place 6, Judge, Court Of Criminal Appeals",,REP,Michael E. Keasler,116,27,89
Travis,156,"Place 6, Judge, Court Of Criminal Appeals",,REP,Michael E. Keasler,106,42,64
Travis,160,"Place 6, Judge, Court Of Criminal Appeals",,REP,Michael E. Keasler,90,44,46
Travis,161,"Place 6, Judge, Court Of Criminal Appeals",,REP,Michael E. Keasler,75,21,54
Travis,163,"Place 6, Judge, Court Of Criminal Appeals",,REP,Michael E. Keasler,29,11,18
Travis,164,"Place 6, Judge, Court Of Criminal Appeals",,REP,Michael E. Keasler,32,7,25
Travis,200,"Place 6, Judge, Court Of Criminal Appeals",,REP,Michael E. Keasler,74,23,51
Travis,202,"Place 6, Judge, Court Of Criminal Appeals",,REP,Michael E. Keasler,55,15,40
Travis,203,"Place 6, Judge, Court Of Criminal Appeals",,REP,Michael E. Keasler,32,11,21
Travis,205,"Place 6, Judge, Court Of Criminal Appeals",,REP,Michael E. Keasler,80,24,56
Travis,206,"Place 6, Judge, Court Of Criminal Appeals",,REP,Michael E. Keasler,32,10,22
Travis,207,"Place 6, Judge, Court Of Criminal Appeals",,REP,Michael E. Keasler,257,101,156
Travis,208,"Place 6, Judge, Court Of Criminal Appeals",,REP,Michael E. Keasler,147,64,83
Travis,209,"Place 6, Judge, Court Of Criminal Appeals",,REP,Michael E. Keasler,30,7,23
Travis,210,"Place 6, Judge, Court Of Criminal Appeals",,REP,Michael E. Keasler,110,56,54
Travis,211,"Place 6, Judge, Court Of Criminal Appeals",,REP,Michael E. Keasler,83,34,49
Travis,212,"Place 6, Judge, Court Of Criminal Appeals",,REP,Michael E. Keasler,376,173,203
Travis,213,"Place 6, Judge, Court Of Criminal Appeals",,REP,Michael E. Keasler,0,0,0
Travis,214,"Place 6, Judge, Court Of Criminal Appeals",,REP,Michael E. Keasler,228,89,139
Travis,215,"Place 6, Judge, Court Of Criminal Appeals",,REP,Michael E. Keasler,104,31,73
Travis,216,"Place 6, Judge, Court Of Criminal Appeals",,REP,Michael E. Keasler,58,24,34
Travis,217,"Place 6, Judge, Court Of Criminal Appeals",,REP,Michael E. Keasler,82,34,48
Travis,218,"Place 6, Judge, Court Of Criminal Appeals",,REP,Michael E. Keasler,161,64,97
Travis,219,"Place 6, Judge, Court Of Criminal Appeals",,REP,Michael E. Keasler,165,60,105
Travis,220,"Place 6, Judge, Court Of Criminal Appeals",,REP,Michael E. Keasler,127,53,74
Travis,221,"Place 6, Judge, Court Of Criminal Appeals",,REP,Michael E. Keasler,80,32,48
Travis,222,"Place 6, Judge, Court Of Criminal Appeals",,REP,Michael E. Keasler,123,44,79
Travis,223,"Place 6, Judge, Court Of Criminal Appeals",,REP,Michael E. Keasler,27,15,12
Travis,224,"Place 6, Judge, Court Of Criminal Appeals",,REP,Michael E. Keasler,7,1,6
Travis,225,"Place 6, Judge, Court Of Criminal Appeals",,REP,Michael E. Keasler,177,62,115
Travis,226,"Place 6, Judge, Court Of Criminal Appeals",,REP,Michael E. Keasler,79,34,45
Travis,227,"Place 6, Judge, Court Of Criminal Appeals",,REP,Michael E. Keasler,23,9,14
Travis,228,"Place 6, Judge, Court Of Criminal Appeals",,REP,Michael E. Keasler,119,59,60
Travis,229,"Place 6, Judge, Court Of Criminal Appeals",,REP,Michael E. Keasler,90,31,59
Travis,231,"Place 6, Judge, Court Of Criminal Appeals",,REP,Michael E. Keasler,227,92,135
Travis,232,"Place 6, Judge, Court Of Criminal Appeals",,REP,Michael E. Keasler,501,253,248
Travis,233,"Place 6, Judge, Court Of Criminal Appeals",,REP,Michael E. Keasler,328,125,203
Travis,234,"Place 6, Judge, Court Of Criminal Appeals",,REP,Michael E. Keasler,219,87,132
Travis,235,"Place 6, Judge, Court Of Criminal Appeals",,REP,Michael E. Keasler,46,19,27
Travis,236,"Place 6, Judge, Court Of Criminal Appeals",,REP,Michael E. Keasler,95,31,64
Travis,237,"Place 6, Judge, Court Of Criminal Appeals",,REP,Michael E. Keasler,161,61,100
Travis,238,"Place 6, Judge, Court Of Criminal Appeals",,REP,Michael E. Keasler,164,57,107
Travis,239,"Place 6, Judge, Court Of Criminal Appeals",,REP,Michael E. Keasler,118,49,69
Travis,240,"Place 6, Judge, Court Of Criminal Appeals",,REP,Michael E. Keasler,71,24,47
Travis,241,"Place 6, Judge, Court Of Criminal Appeals",,REP,Michael E. Keasler,65,22,43
Travis,242,"Place 6, Judge, Court Of Criminal Appeals",,REP,Michael E. Keasler,136,52,84
Travis,243,"Place 6, Judge, Court Of Criminal Appeals",,REP,Michael E. Keasler,98,48,50
Travis,244,"Place 6, Judge, Court Of Criminal Appeals",,REP,Michael E. Keasler,298,154,144
Travis,245,"Place 6, Judge, Court Of Criminal Appeals",,REP,Michael E. Keasler,100,29,71
Travis,246,"Place 6, Judge, Court Of Criminal Appeals",,REP,Michael E. Keasler,133,54,79
Travis,247,"Place 6, Judge, Court Of Criminal Appeals",,REP,Michael E. Keasler,88,35,53
Travis,248,"Place 6, Judge, Court Of Criminal Appeals",,REP,Michael E. Keasler,94,32,62
Travis,249,"Place 6, Judge, Court Of Criminal Appeals",,REP,Michael E. Keasler,181,68,113
Travis,250,"Place 6, Judge, Court Of Criminal Appeals",,REP,Michael E. Keasler,178,69,109
Travis,251,"Place 6, Judge, Court Of Criminal Appeals",,REP,Michael E. Keasler,148,57,91
Travis,252,"Place 6, Judge, Court Of Criminal Appeals",,REP,Michael E. Keasler,113,43,70
Travis,253,"Place 6, Judge, Court Of Criminal Appeals",,REP,Michael E. Keasler,265,121,144
Travis,254,"Place 6, Judge, Court Of Criminal Appeals",,REP,Michael E. Keasler,184,75,109
Travis,256,"Place 6, Judge, Court Of Criminal Appeals",,REP,Michael E. Keasler,189,92,97
Travis,258,"Place 6, Judge, Court Of Criminal Appeals",,REP,Michael E. Keasler,167,64,103
Travis,259,"Place 6, Judge, Court Of Criminal Appeals",,REP,Michael E. Keasler,174,74,100
Travis,260,"Place 6, Judge, Court Of Criminal Appeals",,REP,Michael E. Keasler,30,10,20
Travis,262,"Place 6, Judge, Court Of Criminal Appeals",,REP,Michael E. Keasler,273,137,136
Travis,263,"Place 6, Judge, Court Of Criminal Appeals",,REP,Michael E. Keasler,156,39,117
Travis,266,"Place 6, Judge, Court Of Criminal Appeals",,REP,Michael E. Keasler,59,23,36
Travis,267,"Place 6, Judge, Court Of Criminal Appeals",,REP,Michael E. Keasler,83,39,44
Travis,268,"Place 6, Judge, Court Of Criminal Appeals",,REP,Michael E. Keasler,51,17,34
Travis,273,"Place 6, Judge, Court Of Criminal Appeals",,REP,Michael E. Keasler,110,54,56
Travis,274,"Place 6, Judge, Court Of Criminal Appeals",,REP,Michael E. Keasler,53,31,22
Travis,275,"Place 6, Judge, Court Of Criminal Appeals",,REP,Michael E. Keasler,51,20,31
Travis,277,"Place 6, Judge, Court Of Criminal Appeals",,REP,Michael E. Keasler,179,72,107
Travis,301,"Place 6, Judge, Court Of Criminal Appeals",,REP,Michael E. Keasler,61,23,38
Travis,302,"Place 6, Judge, Court Of Criminal Appeals",,REP,Michael E. Keasler,297,169,128
Travis,303,"Place 6, Judge, Court Of Criminal Appeals",,REP,Michael E. Keasler,265,110,155
Travis,304,"Place 6, Judge, Court Of Criminal Appeals",,REP,Michael E. Keasler,360,140,220
Travis,305,"Place 6, Judge, Court Of Criminal Appeals",,REP,Michael E. Keasler,2,2,0
Travis,306,"Place 6, Judge, Court Of Criminal Appeals",,REP,Michael E. Keasler,360,220,140
Travis,307,"Place 6, Judge, Court Of Criminal Appeals",,REP,Michael E. Keasler,103,44,59
Travis,308,"Place 6, Judge, Court Of Criminal Appeals",,REP,Michael E. Keasler,625,261,364
Travis,309,"Place 6, Judge, Court Of Criminal Appeals",,REP,Michael E. Keasler,144,75,69
Travis,310,"Place 6, Judge, Court Of Criminal Appeals",,REP,Michael E. Keasler,278,129,149
Travis,311,"Place 6, Judge, Court Of Criminal Appeals",,REP,Michael E. Keasler,127,63,64
Travis,312,"Place 6, Judge, Court Of Criminal Appeals",,REP,Michael E. Keasler,155,86,69
Travis,313,"Place 6, Judge, Court Of Criminal Appeals",,REP,Michael E. Keasler,4,2,2
Travis,314,"Place 6, Judge, Court Of Criminal Appeals",,REP,Michael E. Keasler,516,273,243
Travis,315,"Place 6, Judge, Court Of Criminal Appeals",,REP,Michael E. Keasler,340,154,186
Travis,316,"Place 6, Judge, Court Of Criminal Appeals",,REP,Michael E. Keasler,261,111,150
Travis,317,"Place 6, Judge, Court Of Criminal Appeals",,REP,Michael E. Keasler,229,85,144
Travis,318,"Place 6, Judge, Court Of Criminal Appeals",,REP,Michael E. Keasler,68,17,51
Travis,319,"Place 6, Judge, Court Of Criminal Appeals",,REP,Michael E. Keasler,239,119,120
Travis,320,"Place 6, Judge, Court Of Criminal Appeals",,REP,Michael E. Keasler,233,135,98
Travis,321,"Place 6, Judge, Court Of Criminal Appeals",,REP,Michael E. Keasler,64,30,34
Travis,323,"Place 6, Judge, Court Of Criminal Appeals",,REP,Michael E. Keasler,73,31,42
Travis,324,"Place 6, Judge, Court Of Criminal Appeals",,REP,Michael E. Keasler,508,266,242
Travis,325,"Place 6, Judge, Court Of Criminal Appeals",,REP,Michael E. Keasler,1,1,0
Travis,326,"Place 6, Judge, Court Of Criminal Appeals",,REP,Michael E. Keasler,192,84,108
Travis,327,"Place 6, Judge, Court Of Criminal Appeals",,REP,Michael E. Keasler,257,112,145
Travis,328,"Place 6, Judge, Court Of Criminal Appeals",,REP,Michael E. Keasler,213,93,120
Travis,329,"Place 6, Judge, Court Of Criminal Appeals",,REP,Michael E. Keasler,167,82,85
Travis,330,"Place 6, Judge, Court Of Criminal Appeals",,REP,Michael E. Keasler,299,130,169
Travis,331,"Place 6, Judge, Court Of Criminal Appeals",,REP,Michael E. Keasler,231,104,127
Travis,332,"Place 6, Judge, Court Of Criminal Appeals",,REP,Michael E. Keasler,67,27,40
Travis,333,"Place 6, Judge, Court Of Criminal Appeals",,REP,Michael E. Keasler,247,66,181
Travis,334,"Place 6, Judge, Court Of Criminal Appeals",,REP,Michael E. Keasler,308,115,193
Travis,335,"Place 6, Judge, Court Of Criminal Appeals",,REP,Michael E. Keasler,180,77,103
Travis,336,"Place 6, Judge, Court Of Criminal Appeals",,REP,Michael E. Keasler,198,72,126
Travis,337,"Place 6, Judge, Court Of Criminal Appeals",,REP,Michael E. Keasler,320,99,221
Travis,338,"Place 6, Judge, Court Of Criminal Appeals",,REP,Michael E. Keasler,374,146,228
Travis,339,"Place 6, Judge, Court Of Criminal Appeals",,REP,Michael E. Keasler,99,47,52
Travis,340,"Place 6, Judge, Court Of Criminal Appeals",,REP,Michael E. Keasler,74,31,43
Travis,341,"Place 6, Judge, Court Of Criminal Appeals",,REP,Michael E. Keasler,8,3,5
Travis,342,"Place 6, Judge, Court Of Criminal Appeals",,REP,Michael E. Keasler,152,62,90
Travis,343,"Place 6, Judge, Court Of Criminal Appeals",,REP,Michael E. Keasler,113,42,71
Travis,344,"Place 6, Judge, Court Of Criminal Appeals",,REP,Michael E. Keasler,90,35,55
Travis,345,"Place 6, Judge, Court Of Criminal Appeals",,REP,Michael E. Keasler,0,0,0
Travis,346,"Place 6, Judge, Court Of Criminal Appeals",,REP,Michael E. Keasler,519,315,204
Travis,347,"Place 6, Judge, Court Of Criminal Appeals",,REP,Michael E. Keasler,237,124,113
Travis,349,"Place 6, Judge, Court Of Criminal Appeals",,REP,Michael E. Keasler,269,124,145
Travis,350,"Place 6, Judge, Court Of Criminal Appeals",,REP,Michael E. Keasler,200,90,110
Travis,351,"Place 6, Judge, Court Of Criminal Appeals",,REP,Michael E. Keasler,89,52,37
Travis,352,"Place 6, Judge, Court Of Criminal Appeals",,REP,Michael E. Keasler,126,69,57
Travis,354,"Place 6, Judge, Court Of Criminal Appeals",,REP,Michael E. Keasler,342,189,153
Travis,356,"Place 6, Judge, Court Of Criminal Appeals",,REP,Michael E. Keasler,72,27,45
Travis,357,"Place 6, Judge, Court Of Criminal Appeals",,REP,Michael E. Keasler,63,27,36
Travis,358,"Place 6, Judge, Court Of Criminal Appeals",,REP,Michael E. Keasler,178,77,101
Travis,359,"Place 6, Judge, Court Of Criminal Appeals",,REP,Michael E. Keasler,434,202,232
Travis,360,"Place 6, Judge, Court Of Criminal Appeals",,REP,Michael E. Keasler,261,126,135
Travis,361,"Place 6, Judge, Court Of Criminal Appeals",,REP,Michael E. Keasler,113,50,63
Travis,362,"Place 6, Judge, Court Of Criminal Appeals",,REP,Michael E. Keasler,198,102,96
Travis,363,"Place 6, Judge, Court Of Criminal Appeals",,REP,Michael E. Keasler,155,81,74
Travis,364,"Place 6, Judge, Court Of Criminal Appeals",,REP,Michael E. Keasler,254,138,116
Travis,365,"Place 6, Judge, Court Of Criminal Appeals",,REP,Michael E. Keasler,136,66,70
Travis,366,"Place 6, Judge, Court Of Criminal Appeals",,REP,Michael E. Keasler,324,155,169
Travis,367,"Place 6, Judge, Court Of Criminal Appeals",,REP,Michael E. Keasler,428,196,232
Travis,368,"Place 6, Judge, Court Of Criminal Appeals",,REP,Michael E. Keasler,42,29,13
Travis,369,"Place 6, Judge, Court Of Criminal Appeals",,REP,Michael E. Keasler,296,68,228
Travis,370,"Place 6, Judge, Court Of Criminal Appeals",,REP,Michael E. Keasler,133,10,123
Travis,371,"Place 6, Judge, Court Of Criminal Appeals",,REP,Michael E. Keasler,266,63,203
Travis,372,"Place 6, Judge, Court Of Criminal Appeals",,REP,Michael E. Keasler,135,20,115
Travis,373,"Place 6, Judge, Court Of Criminal Appeals",,REP,Michael E. Keasler,593,223,370
Travis,374,"Place 6, Judge, Court Of Criminal Appeals",,REP,Michael E. Keasler,534,176,358
Travis,375,"Place 6, Judge, Court Of Criminal Appeals",,REP,Michael E. Keasler,81,25,56
Travis,401,"Place 6, Judge, Court Of Criminal Appeals",,REP,Michael E. Keasler,89,39,50
Travis,402,"Place 6, Judge, Court Of Criminal Appeals",,REP,Michael E. Keasler,90,23,67
Travis,403,"Place 6, Judge, Court Of Criminal Appeals",,REP,Michael E. Keasler,68,16,52
Travis,404,"Place 6, Judge, Court Of Criminal Appeals",,REP,Michael E. Keasler,71,19,52
Travis,405,"Place 6, Judge, Court Of Criminal Appeals",,REP,Michael E. Keasler,21,6,15
Travis,406,"Place 6, Judge, Court Of Criminal Appeals",,REP,Michael E. Keasler,334,189,145
Travis,407,"Place 6, Judge, Court Of Criminal Appeals",,REP,Michael E. Keasler,36,18,18
Travis,408,"Place 6, Judge, Court Of Criminal Appeals",,REP,Michael E. Keasler,132,56,76
Travis,409,"Place 6, Judge, Court Of Criminal Appeals",,REP,Michael E. Keasler,30,11,19
Travis,410,"Place 6, Judge, Court Of Criminal Appeals",,REP,Michael E. Keasler,85,32,53
Travis,411,"Place 6, Judge, Court Of Criminal Appeals",,REP,Michael E. Keasler,48,20,28
Travis,412,"Place 6, Judge, Court Of Criminal Appeals",,REP,Michael E. Keasler,1,0,1
Travis,413,"Place 6, Judge, Court Of Criminal Appeals",,REP,Michael E. Keasler,23,7,16
Travis,414,"Place 6, Judge, Court Of Criminal Appeals",,REP,Michael E. Keasler,143,45,98
Travis,415,"Place 6, Judge, Court Of Criminal Appeals",,REP,Michael E. Keasler,45,10,35
Travis,416,"Place 6, Judge, Court Of Criminal Appeals",,REP,Michael E. Keasler,6,1,5
Travis,417,"Place 6, Judge, Court Of Criminal Appeals",,REP,Michael E. Keasler,60,29,31
Travis,418,"Place 6, Judge, Court Of Criminal Appeals",,REP,Michael E. Keasler,2,1,1
Travis,419,"Place 6, Judge, Court Of Criminal Appeals",,REP,Michael E. Keasler,22,7,15
Travis,420,"Place 6, Judge, Court Of Criminal Appeals",,REP,Michael E. Keasler,54,29,25
Travis,421,"Place 6, Judge, Court Of Criminal Appeals",,REP,Michael E. Keasler,62,22,40
Travis,422,"Place 6, Judge, Court Of Criminal Appeals",,REP,Michael E. Keasler,44,22,22
Travis,423,"Place 6, Judge, Court Of Criminal Appeals",,REP,Michael E. Keasler,42,14,28
Travis,424,"Place 6, Judge, Court Of Criminal Appeals",,REP,Michael E. Keasler,41,19,22
Travis,425,"Place 6, Judge, Court Of Criminal Appeals",,REP,Michael E. Keasler,19,8,11
Travis,426,"Place 6, Judge, Court Of Criminal Appeals",,REP,Michael E. Keasler,30,13,17
Travis,427,"Place 6, Judge, Court Of Criminal Appeals",,REP,Michael E. Keasler,24,6,18
Travis,428,"Place 6, Judge, Court Of Criminal Appeals",,REP,Michael E. Keasler,63,34,29
Travis,429,"Place 6, Judge, Court Of Criminal Appeals",,REP,Michael E. Keasler,102,45,57
Travis,430,"Place 6, Judge, Court Of Criminal Appeals",,REP,Michael E. Keasler,21,7,14
Travis,431,"Place 6, Judge, Court Of Criminal Appeals",,REP,Michael E. Keasler,86,39,47
Travis,432,"Place 6, Judge, Court Of Criminal Appeals",,REP,Michael E. Keasler,0,0,0
Travis,433,"Place 6, Judge, Court Of Criminal Appeals",,REP,Michael E. Keasler,34,17,17
Travis,434,"Place 6, Judge, Court Of Criminal Appeals",,REP,Michael E. Keasler,0,0,0
Travis,435,"Place 6, Judge, Court Of Criminal Appeals",,REP,Michael E. Keasler,251,110,141
Travis,436,"Place 6, Judge, Court Of Criminal Appeals",,REP,Michael E. Keasler,1,0,1
Travis,437,"Place 6, Judge, Court Of Criminal Appeals",,REP,Michael E. Keasler,38,10,28
Travis,438,"Place 6, Judge, Court Of Criminal Appeals",,REP,Michael E. Keasler,22,7,15
Travis,439,"Place 6, Judge, Court Of Criminal Appeals",,REP,Michael E. Keasler,30,5,25
Travis,440,"Place 6, Judge, Court Of Criminal Appeals",,REP,Michael E. Keasler,28,7,21
Travis,441,"Place 6, Judge, Court Of Criminal Appeals",,REP,Michael E. Keasler,87,36,51
Travis,442,"Place 6, Judge, Court Of Criminal Appeals",,REP,Michael E. Keasler,23,5,18
Travis,443,"Place 6, Judge, Court Of Criminal Appeals",,REP,Michael E. Keasler,64,22,42
Travis,444,"Place 6, Judge, Court Of Criminal Appeals",,REP,Michael E. Keasler,0,0,0
Travis,446,"Place 6, Judge, Court Of Criminal Appeals",,REP,Michael E. Keasler,30,8,22
Travis,447,"Place 6, Judge, Court Of Criminal Appeals",,REP,Michael E. Keasler,95,32,63
Travis,448,"Place 6, Judge, Court Of Criminal Appeals",,REP,Michael E. Keasler,57,22,35
Travis,450,"Place 6, Judge, Court Of Criminal Appeals",,REP,Michael E. Keasler,72,29,43
Travis,451,"Place 6, Judge, Court Of Criminal Appeals",,REP,Michael E. Keasler,74,22,52
Travis,452,"Place 6, Judge, Court Of Criminal Appeals",,REP,Michael E. Keasler,33,18,15
Travis,454,"Place 6, Judge, Court Of Criminal Appeals",,REP,Michael E. Keasler,107,60,47
Travis,458,"Place 6, Judge, Court Of Criminal Appeals",,REP,Michael E. Keasler,147,66,81
Travis,460,"Place 6, Judge, Court Of Criminal Appeals",,REP,Michael E. Keasler,88,52,36
Travis,461,"Place 6, Judge, Court Of Criminal Appeals",,REP,Michael E. Keasler,83,38,45
Travis,463,"Place 6, Judge, Court Of Criminal Appeals",,REP,Michael E. Keasler,83,25,58
Travis,101,"Place 6, Judge, Court Of Criminal Appeals",,REP,Richard Davis,83,24,59
Travis,102,"Place 6, Judge, Court Of Criminal Appeals",,REP,Richard Davis,23,9,14
Travis,103,"Place 6, Judge, Court Of Criminal Appeals",,REP,Richard Davis,47,13,34
Travis,104,"Place 6, Judge, Court Of Criminal Appeals",,REP,Richard Davis,31,7,24
Travis,105,"Place 6, Judge, Court Of Criminal Appeals",,REP,Richard Davis,161,68,93
Travis,106,"Place 6, Judge, Court Of Criminal Appeals",,REP,Richard Davis,152,52,100
Travis,107,"Place 6, Judge, Court Of Criminal Appeals",,REP,Richard Davis,31,1,30
Travis,108,"Place 6, Judge, Court Of Criminal Appeals",,REP,Richard Davis,43,9,34
Travis,109,"Place 6, Judge, Court Of Criminal Appeals",,REP,Richard Davis,54,21,33
Travis,110,"Place 6, Judge, Court Of Criminal Appeals",,REP,Richard Davis,178,68,110
Travis,111,"Place 6, Judge, Court Of Criminal Appeals",,REP,Richard Davis,101,35,66
Travis,112,"Place 6, Judge, Court Of Criminal Appeals",,REP,Richard Davis,18,2,16
Travis,113,"Place 6, Judge, Court Of Criminal Appeals",,REP,Richard Davis,138,48,90
Travis,114,"Place 6, Judge, Court Of Criminal Appeals",,REP,Richard Davis,7,2,5
Travis,115,"Place 6, Judge, Court Of Criminal Appeals",,REP,Richard Davis,0,0,0
Travis,116,"Place 6, Judge, Court Of Criminal Appeals",,REP,Richard Davis,0,0,0
Travis,117,"Place 6, Judge, Court Of Criminal Appeals",,REP,Richard Davis,24,13,11
Travis,118,"Place 6, Judge, Court Of Criminal Appeals",,REP,Richard Davis,8,4,4
Travis,119,"Place 6, Judge, Court Of Criminal Appeals",,REP,Richard Davis,0,0,0
Travis,120,"Place 6, Judge, Court Of Criminal Appeals",,REP,Richard Davis,6,1,5
Travis,121,"Place 6, Judge, Court Of Criminal Appeals",,REP,Richard Davis,7,1,6
Travis,122,"Place 6, Judge, Court Of Criminal Appeals",,REP,Richard Davis,18,10,8
Travis,123,"Place 6, Judge, Court Of Criminal Appeals",,REP,Richard Davis,155,42,113
Travis,124,"Place 6, Judge, Court Of Criminal Appeals",,REP,Richard Davis,25,10,15
Travis,125,"Place 6, Judge, Court Of Criminal Appeals",,REP,Richard Davis,0,0,0
Travis,126,"Place 6, Judge, Court Of Criminal Appeals",,REP,Richard Davis,31,13,18
Travis,127,"Place 6, Judge, Court Of Criminal Appeals",,REP,Richard Davis,0,0,0
Travis,128,"Place 6, Judge, Court Of Criminal Appeals",,REP,Richard Davis,0,0,0
Travis,129,"Place 6, Judge, Court Of Criminal Appeals",,REP,Richard Davis,12,5,7
Travis,130,"Place 6, Judge, Court Of Criminal Appeals",,REP,Richard Davis,23,2,21
Travis,131,"Place 6, Judge, Court Of Criminal Appeals",,REP,Richard Davis,0,0,0
Travis,132,"Place 6, Judge, Court Of Criminal Appeals",,REP,Richard Davis,24,4,20
Travis,133,"Place 6, Judge, Court Of Criminal Appeals",,REP,Richard Davis,36,11,25
Travis,134,"Place 6, Judge, Court Of Criminal Appeals",,REP,Richard Davis,0,0,0
Travis,135,"Place 6, Judge, Court Of Criminal Appeals",,REP,Richard Davis,52,16,36
Travis,136,"Place 6, Judge, Court Of Criminal Appeals",,REP,Richard Davis,137,39,98
Travis,137,"Place 6, Judge, Court Of Criminal Appeals",,REP,Richard Davis,353,111,242
Travis,138,"Place 6, Judge, Court Of Criminal Appeals",,REP,Richard Davis,0,0,0
Travis,139,"Place 6, Judge, Court Of Criminal Appeals",,REP,Richard Davis,59,23,36
Travis,140,"Place 6, Judge, Court Of Criminal Appeals",,REP,Richard Davis,34,13,21
Travis,141,"Place 6, Judge, Court Of Criminal Appeals",,REP,Richard Davis,7,1,6
Travis,142,"Place 6, Judge, Court Of Criminal Appeals",,REP,Richard Davis,6,4,2
Travis,145,"Place 6, Judge, Court Of Criminal Appeals",,REP,Richard Davis,70,16,54
Travis,146,"Place 6, Judge, Court Of Criminal Appeals",,REP,Richard Davis,124,42,82
Travis,148,"Place 6, Judge, Court Of Criminal Appeals",,REP,Richard Davis,104,35,69
Travis,149,"Place 6, Judge, Court Of Criminal Appeals",,REP,Richard Davis,12,3,9
Travis,150,"Place 6, Judge, Court Of Criminal Appeals",,REP,Richard Davis,100,30,70
Travis,151,"Place 6, Judge, Court Of Criminal Appeals",,REP,Richard Davis,35,11,24
Travis,152,"Place 6, Judge, Court Of Criminal Appeals",,REP,Richard Davis,20,10,10
Travis,153,"Place 6, Judge, Court Of Criminal Appeals",,REP,Richard Davis,100,25,75
Travis,154,"Place 6, Judge, Court Of Criminal Appeals",,REP,Richard Davis,63,19,44
Travis,156,"Place 6, Judge, Court Of Criminal Appeals",,REP,Richard Davis,73,22,51
Travis,160,"Place 6, Judge, Court Of Criminal Appeals",,REP,Richard Davis,68,29,39
Travis,161,"Place 6, Judge, Court Of Criminal Appeals",,REP,Richard Davis,62,23,39
Travis,163,"Place 6, Judge, Court Of Criminal Appeals",,REP,Richard Davis,18,7,11
Travis,164,"Place 6, Judge, Court Of Criminal Appeals",,REP,Richard Davis,32,12,20
Travis,200,"Place 6, Judge, Court Of Criminal Appeals",,REP,Richard Davis,39,11,28
Travis,202,"Place 6, Judge, Court Of Criminal Appeals",,REP,Richard Davis,35,12,23
Travis,203,"Place 6, Judge, Court Of Criminal Appeals",,REP,Richard Davis,21,6,15
Travis,205,"Place 6, Judge, Court Of Criminal Appeals",,REP,Richard Davis,66,15,51
Travis,206,"Place 6, Judge, Court Of Criminal Appeals",,REP,Richard Davis,14,5,9
Travis,207,"Place 6, Judge, Court Of Criminal Appeals",,REP,Richard Davis,140,47,93
Travis,208,"Place 6, Judge, Court Of Criminal Appeals",,REP,Richard Davis,92,45,47
Travis,209,"Place 6, Judge, Court Of Criminal Appeals",,REP,Richard Davis,20,7,13
Travis,210,"Place 6, Judge, Court Of Criminal Appeals",,REP,Richard Davis,52,25,27
Travis,211,"Place 6, Judge, Court Of Criminal Appeals",,REP,Richard Davis,37,3,34
Travis,212,"Place 6, Judge, Court Of Criminal Appeals",,REP,Richard Davis,176,79,97
Travis,213,"Place 6, Judge, Court Of Criminal Appeals",,REP,Richard Davis,0,0,0
Travis,214,"Place 6, Judge, Court Of Criminal Appeals",,REP,Richard Davis,95,31,64
Travis,215,"Place 6, Judge, Court Of Criminal Appeals",,REP,Richard Davis,58,23,35
Travis,216,"Place 6, Judge, Court Of Criminal Appeals",,REP,Richard Davis,45,15,30
Travis,217,"Place 6, Judge, Court Of Criminal Appeals",,REP,Richard Davis,50,8,42
Travis,218,"Place 6, Judge, Court Of Criminal Appeals",,REP,Richard Davis,87,39,48
Travis,219,"Place 6, Judge, Court Of Criminal Appeals",,REP,Richard Davis,100,36,64
Travis,220,"Place 6, Judge, Court Of Criminal Appeals",,REP,Richard Davis,75,32,43
Travis,221,"Place 6, Judge, Court Of Criminal Appeals",,REP,Richard Davis,42,12,30
Travis,222,"Place 6, Judge, Court Of Criminal Appeals",,REP,Richard Davis,64,22,42
Travis,223,"Place 6, Judge, Court Of Criminal Appeals",,REP,Richard Davis,10,3,7
Travis,224,"Place 6, Judge, Court Of Criminal Appeals",,REP,Richard Davis,1,0,1
Travis,225,"Place 6, Judge, Court Of Criminal Appeals",,REP,Richard Davis,91,28,63
Travis,226,"Place 6, Judge, Court Of Criminal Appeals",,REP,Richard Davis,38,8,30
Travis,227,"Place 6, Judge, Court Of Criminal Appeals",,REP,Richard Davis,17,6,11
Travis,228,"Place 6, Judge, Court Of Criminal Appeals",,REP,Richard Davis,61,21,40
Travis,229,"Place 6, Judge, Court Of Criminal Appeals",,REP,Richard Davis,72,14,58
Travis,231,"Place 6, Judge, Court Of Criminal Appeals",,REP,Richard Davis,122,45,77
Travis,232,"Place 6, Judge, Court Of Criminal Appeals",,REP,Richard Davis,331,164,167
Travis,233,"Place 6, Judge, Court Of Criminal Appeals",,REP,Richard Davis,142,60,82
Travis,234,"Place 6, Judge, Court Of Criminal Appeals",,REP,Richard Davis,117,48,69
Travis,235,"Place 6, Judge, Court Of Criminal Appeals",,REP,Richard Davis,34,11,23
Travis,236,"Place 6, Judge, Court Of Criminal Appeals",,REP,Richard Davis,50,17,33
Travis,237,"Place 6, Judge, Court Of Criminal Appeals",,REP,Richard Davis,82,26,56
Travis,238,"Place 6, Judge, Court Of Criminal Appeals",,REP,Richard Davis,88,29,59
Travis,239,"Place 6, Judge, Court Of Criminal Appeals",,REP,Richard Davis,62,14,48
Travis,240,"Place 6, Judge, Court Of Criminal Appeals",,REP,Richard Davis,34,12,22
Travis,241,"Place 6, Judge, Court Of Criminal Appeals",,REP,Richard Davis,30,8,22
Travis,242,"Place 6, Judge, Court Of Criminal Appeals",,REP,Richard Davis,74,31,43
Travis,243,"Place 6, Judge, Court Of Criminal Appeals",,REP,Richard Davis,48,18,30
Travis,244,"Place 6, Judge, Court Of Criminal Appeals",,REP,Richard Davis,174,98,76
Travis,245,"Place 6, Judge, Court Of Criminal Appeals",,REP,Richard Davis,62,18,44
Travis,246,"Place 6, Judge, Court Of Criminal Appeals",,REP,Richard Davis,64,19,45
Travis,247,"Place 6, Judge, Court Of Criminal Appeals",,REP,Richard Davis,38,7,31
Travis,248,"Place 6, Judge, Court Of Criminal Appeals",,REP,Richard Davis,47,24,23
Travis,249,"Place 6, Judge, Court Of Criminal Appeals",,REP,Richard Davis,91,32,59
Travis,250,"Place 6, Judge, Court Of Criminal Appeals",,REP,Richard Davis,73,17,56
Travis,251,"Place 6, Judge, Court Of Criminal Appeals",,REP,Richard Davis,80,23,57
Travis,252,"Place 6, Judge, Court Of Criminal Appeals",,REP,Richard Davis,54,25,29
Travis,253,"Place 6, Judge, Court Of Criminal Appeals",,REP,Richard Davis,116,50,66
Travis,254,"Place 6, Judge, Court Of Criminal Appeals",,REP,Richard Davis,109,41,68
Travis,256,"Place 6, Judge, Court Of Criminal Appeals",,REP,Richard Davis,77,39,38
Travis,258,"Place 6, Judge, Court Of Criminal Appeals",,REP,Richard Davis,90,25,65
Travis,259,"Place 6, Judge, Court Of Criminal Appeals",,REP,Richard Davis,116,47,69
Travis,260,"Place 6, Judge, Court Of Criminal Appeals",,REP,Richard Davis,25,10,15
Travis,262,"Place 6, Judge, Court Of Criminal Appeals",,REP,Richard Davis,134,64,70
Travis,263,"Place 6, Judge, Court Of Criminal Appeals",,REP,Richard Davis,80,20,60
Travis,266,"Place 6, Judge, Court Of Criminal Appeals",,REP,Richard Davis,19,10,9
Travis,267,"Place 6, Judge, Court Of Criminal Appeals",,REP,Richard Davis,57,29,28
Travis,268,"Place 6, Judge, Court Of Criminal Appeals",,REP,Richard Davis,17,4,13
Travis,273,"Place 6, Judge, Court Of Criminal Appeals",,REP,Richard Davis,58,27,31
Travis,274,"Place 6, Judge, Court Of Criminal Appeals",,REP,Richard Davis,24,10,14
Travis,275,"Place 6, Judge, Court Of Criminal Appeals",,REP,Richard Davis,30,9,21
Travis,277,"Place 6, Judge, Court Of Criminal Appeals",,REP,Richard Davis,124,47,77
Travis,301,"Place 6, Judge, Court Of Criminal Appeals",,REP,Richard Davis,45,13,32
Travis,302,"Place 6, Judge, Court Of Criminal Appeals",,REP,Richard Davis,156,75,81
Travis,303,"Place 6, Judge, Court Of Criminal Appeals",,REP,Richard Davis,168,74,94
Travis,304,"Place 6, Judge, Court Of Criminal Appeals",,REP,Richard Davis,205,77,128
Travis,305,"Place 6, Judge, Court Of Criminal Appeals",,REP,Richard Davis,0,0,0
Travis,306,"Place 6, Judge, Court Of Criminal Appeals",,REP,Richard Davis,200,107,93
Travis,307,"Place 6, Judge, Court Of Criminal Appeals",,REP,Richard Davis,40,14,26
Travis,308,"Place 6, Judge, Court Of Criminal Appeals",,REP,Richard Davis,383,151,232
Travis,309,"Place 6, Judge, Court Of Criminal Appeals",,REP,Richard Davis,86,46,40
Travis,310,"Place 6, Judge, Court Of Criminal Appeals",,REP,Richard Davis,221,83,138
Travis,311,"Place 6, Judge, Court Of Criminal Appeals",,REP,Richard Davis,76,29,47
Travis,312,"Place 6, Judge, Court Of Criminal Appeals",,REP,Richard Davis,139,65,74
Travis,313,"Place 6, Judge, Court Of Criminal Appeals",,REP,Richard Davis,1,1,0
Travis,314,"Place 6, Judge, Court Of Criminal Appeals",,REP,Richard Davis,262,121,141
Travis,315,"Place 6, Judge, Court Of Criminal Appeals",,REP,Richard Davis,202,92,110
Travis,316,"Place 6, Judge, Court Of Criminal Appeals",,REP,Richard Davis,182,69,113
Travis,317,"Place 6, Judge, Court Of Criminal Appeals",,REP,Richard Davis,104,44,60
Travis,318,"Place 6, Judge, Court Of Criminal Appeals",,REP,Richard Davis,24,6,18
Travis,319,"Place 6, Judge, Court Of Criminal Appeals",,REP,Richard Davis,148,81,67
Travis,320,"Place 6, Judge, Court Of Criminal Appeals",,REP,Richard Davis,146,77,69
Travis,321,"Place 6, Judge, Court Of Criminal Appeals",,REP,Richard Davis,27,16,11
Travis,323,"Place 6, Judge, Court Of Criminal Appeals",,REP,Richard Davis,34,16,18
Travis,324,"Place 6, Judge, Court Of Criminal Appeals",,REP,Richard Davis,291,133,158
Travis,325,"Place 6, Judge, Court Of Criminal Appeals",,REP,Richard Davis,3,3,0
Travis,326,"Place 6, Judge, Court Of Criminal Appeals",,REP,Richard Davis,93,40,53
Travis,327,"Place 6, Judge, Court Of Criminal Appeals",,REP,Richard Davis,123,43,80
Travis,328,"Place 6, Judge, Court Of Criminal Appeals",,REP,Richard Davis,138,63,75
Travis,329,"Place 6, Judge, Court Of Criminal Appeals",,REP,Richard Davis,71,31,40
Travis,330,"Place 6, Judge, Court Of Criminal Appeals",,REP,Richard Davis,154,68,86
Travis,331,"Place 6, Judge, Court Of Criminal Appeals",,REP,Richard Davis,112,34,78
Travis,332,"Place 6, Judge, Court Of Criminal Appeals",,REP,Richard Davis,39,16,23
Travis,333,"Place 6, Judge, Court Of Criminal Appeals",,REP,Richard Davis,136,27,109
Travis,334,"Place 6, Judge, Court Of Criminal Appeals",,REP,Richard Davis,159,56,103
Travis,335,"Place 6, Judge, Court Of Criminal Appeals",,REP,Richard Davis,107,41,66
Travis,336,"Place 6, Judge, Court Of Criminal Appeals",,REP,Richard Davis,88,30,58
Travis,337,"Place 6, Judge, Court Of Criminal Appeals",,REP,Richard Davis,142,31,111
Travis,338,"Place 6, Judge, Court Of Criminal Appeals",,REP,Richard Davis,203,66,137
Travis,339,"Place 6, Judge, Court Of Criminal Appeals",,REP,Richard Davis,56,35,21
Travis,340,"Place 6, Judge, Court Of Criminal Appeals",,REP,Richard Davis,51,15,36
Travis,341,"Place 6, Judge, Court Of Criminal Appeals",,REP,Richard Davis,2,0,2
Travis,342,"Place 6, Judge, Court Of Criminal Appeals",,REP,Richard Davis,100,37,63
Travis,343,"Place 6, Judge, Court Of Criminal Appeals",,REP,Richard Davis,62,13,49
Travis,344,"Place 6, Judge, Court Of Criminal Appeals",,REP,Richard Davis,54,17,37
Travis,345,"Place 6, Judge, Court Of Criminal Appeals",,REP,Richard Davis,0,0,0
Travis,346,"Place 6, Judge, Court Of Criminal Appeals",,REP,Richard Davis,302,181,121
Travis,347,"Place 6, Judge, Court Of Criminal Appeals",,REP,Richard Davis,87,45,42
Travis,349,"Place 6, Judge, Court Of Criminal Appeals",,REP,Richard Davis,195,86,109
Travis,350,"Place 6, Judge, Court Of Criminal Appeals",,REP,Richard Davis,103,40,63
Travis,351,"Place 6, Judge, Court Of Criminal Appeals",,REP,Richard Davis,37,19,18
Travis,352,"Place 6, Judge, Court Of Criminal Appeals",,REP,Richard Davis,90,39,51
Travis,354,"Place 6, Judge, Court Of Criminal Appeals",,REP,Richard Davis,158,67,91
Travis,356,"Place 6, Judge, Court Of Criminal Appeals",,REP,Richard Davis,38,16,22
Travis,357,"Place 6, Judge, Court Of Criminal Appeals",,REP,Richard Davis,33,11,22
Travis,358,"Place 6, Judge, Court Of Criminal Appeals",,REP,Richard Davis,123,48,75
Travis,359,"Place 6, Judge, Court Of Criminal Appeals",,REP,Richard Davis,233,106,127
Travis,360,"Place 6, Judge, Court Of Criminal Appeals",,REP,Richard Davis,170,74,96
Travis,361,"Place 6, Judge, Court Of Criminal Appeals",,REP,Richard Davis,74,31,43
Travis,362,"Place 6, Judge, Court Of Criminal Appeals",,REP,Richard Davis,100,39,61
Travis,363,"Place 6, Judge, Court Of Criminal Appeals",,REP,Richard Davis,64,24,40
Travis,364,"Place 6, Judge, Court Of Criminal Appeals",,REP,Richard Davis,135,71,64
Travis,365,"Place 6, Judge, Court Of Criminal Appeals",,REP,Richard Davis,95,36,59
Travis,366,"Place 6, Judge, Court Of Criminal Appeals",,REP,Richard Davis,193,70,123
Travis,367,"Place 6, Judge, Court Of Criminal Appeals",,REP,Richard Davis,282,121,161
Travis,368,"Place 6, Judge, Court Of Criminal Appeals",,REP,Richard Davis,15,8,7
Travis,369,"Place 6, Judge, Court Of Criminal Appeals",,REP,Richard Davis,182,50,132
Travis,370,"Place 6, Judge, Court Of Criminal Appeals",,REP,Richard Davis,107,6,101
Travis,371,"Place 6, Judge, Court Of Criminal Appeals",,REP,Richard Davis,172,48,124
Travis,372,"Place 6, Judge, Court Of Criminal Appeals",,REP,Richard Davis,117,20,97
Travis,373,"Place 6, Judge, Court Of Criminal Appeals",,REP,Richard Davis,367,120,247
Travis,374,"Place 6, Judge, Court Of Criminal Appeals",,REP,Richard Davis,285,72,213
Travis,375,"Place 6, Judge, Court Of Criminal Appeals",,REP,Richard Davis,43,12,31
Travis,401,"Place 6, Judge, Court Of Criminal Appeals",,REP,Richard Davis,63,17,46
Travis,402,"Place 6, Judge, Court Of Criminal Appeals",,REP,Richard Davis,75,21,54
Travis,403,"Place 6, Judge, Court Of Criminal Appeals",,REP,Richard Davis,66,18,48
Travis,404,"Place 6, Judge, Court Of Criminal Appeals",,REP,Richard Davis,47,13,34
Travis,405,"Place 6, Judge, Court Of Criminal Appeals",,REP,Richard Davis,9,2,7
Travis,406,"Place 6, Judge, Court Of Criminal Appeals",,REP,Richard Davis,185,105,80
Travis,407,"Place 6, Judge, Court Of Criminal Appeals",,REP,Richard Davis,30,14,16
Travis,408,"Place 6, Judge, Court Of Criminal Appeals",,REP,Richard Davis,101,42,59
Travis,409,"Place 6, Judge, Court Of Criminal Appeals",,REP,Richard Davis,21,8,13
Travis,410,"Place 6, Judge, Court Of Criminal Appeals",,REP,Richard Davis,57,27,30
Travis,411,"Place 6, Judge, Court Of Criminal Appeals",,REP,Richard Davis,51,18,33
Travis,412,"Place 6, Judge, Court Of Criminal Appeals",,REP,Richard Davis,1,1,0
Travis,413,"Place 6, Judge, Court Of Criminal Appeals",,REP,Richard Davis,17,8,9
Travis,414,"Place 6, Judge, Court Of Criminal Appeals",,REP,Richard Davis,75,19,56
Travis,415,"Place 6, Judge, Court Of Criminal Appeals",,REP,Richard Davis,41,9,32
Travis,416,"Place 6, Judge, Court Of Criminal Appeals",,REP,Richard Davis,2,1,1
Travis,417,"Place 6, Judge, Court Of Criminal Appeals",,REP,Richard Davis,39,17,22
Travis,418,"Place 6, Judge, Court Of Criminal Appeals",,REP,Richard Davis,0,0,0
Travis,419,"Place 6, Judge, Court Of Criminal Appeals",,REP,Richard Davis,21,3,18
Travis,420,"Place 6, Judge, Court Of Criminal Appeals",,REP,Richard Davis,30,12,18
Travis,421,"Place 6, Judge, Court Of Criminal Appeals",,REP,Richard Davis,40,10,30
Travis,422,"Place 6, Judge, Court Of Criminal Appeals",,REP,Richard Davis,18,6,12
Travis,423,"Place 6, Judge, Court Of Criminal Appeals",,REP,Richard Davis,29,8,21
Travis,424,"Place 6, Judge, Court Of Criminal Appeals",,REP,Richard Davis,25,9,16
Travis,425,"Place 6, Judge, Court Of Criminal Appeals",,REP,Richard Davis,18,5,13
Travis,426,"Place 6, Judge, Court Of Criminal Appeals",,REP,Richard Davis,31,9,22
Travis,427,"Place 6, Judge, Court Of Criminal Appeals",,REP,Richard Davis,10,5,5
Travis,428,"Place 6, Judge, Court Of Criminal Appeals",,REP,Richard Davis,39,16,23
Travis,429,"Place 6, Judge, Court Of Criminal Appeals",,REP,Richard Davis,60,14,46
Travis,430,"Place 6, Judge, Court Of Criminal Appeals",,REP,Richard Davis,12,5,7
Travis,431,"Place 6, Judge, Court Of Criminal Appeals",,REP,Richard Davis,58,22,36
Travis,432,"Place 6, Judge, Court Of Criminal Appeals",,REP,Richard Davis,0,0,0
Travis,433,"Place 6, Judge, Court Of Criminal Appeals",,REP,Richard Davis,39,16,23
Travis,434,"Place 6, Judge, Court Of Criminal Appeals",,REP,Richard Davis,0,0,0
Travis,435,"Place 6, Judge, Court Of Criminal Appeals",,REP,Richard Davis,172,80,92
Travis,436,"Place 6, Judge, Court Of Criminal Appeals",,REP,Richard Davis,0,0,0
Travis,437,"Place 6, Judge, Court Of Criminal Appeals",,REP,Richard Davis,16,6,10
Travis,438,"Place 6, Judge, Court Of Criminal Appeals",,REP,Richard Davis,12,1,11
Travis,439,"Place 6, Judge, Court Of Criminal Appeals",,REP,Richard Davis,15,4,11
Travis,440,"Place 6, Judge, Court Of Criminal Appeals",,REP,Richard Davis,11,3,8
Travis,441,"Place 6, Judge, Court Of Criminal Appeals",,REP,Richard Davis,65,25,40
Travis,442,"Place 6, Judge, Court Of Criminal Appeals",,REP,Richard Davis,13,3,10
Travis,443,"Place 6, Judge, Court Of Criminal Appeals",,REP,Richard Davis,48,20,28
Travis,444,"Place 6, Judge, Court Of Criminal Appeals",,REP,Richard Davis,0,0,0
Travis,446,"Place 6, Judge, Court Of Criminal Appeals",,REP,Richard Davis,21,3,18
Travis,447,"Place 6, Judge, Court Of Criminal Appeals",,REP,Richard Davis,69,29,40
Travis,448,"Place 6, Judge, Court Of Criminal Appeals",,REP,Richard Davis,54,23,31
Travis,450,"Place 6, Judge, Court Of Criminal Appeals",,REP,Richard Davis,59,21,38
Travis,451,"Place 6, Judge, Court Of Criminal Appeals",,REP,Richard Davis,51,21,30
Travis,452,"Place 6, Judge, Court Of Criminal Appeals",,REP,Richard Davis,28,8,20
Travis,454,"Place 6, Judge, Court Of Criminal Appeals",,REP,Richard Davis,54,31,23
Travis,458,"Place 6, Judge, Court Of Criminal Appeals",,REP,Richard Davis,100,42,58
Travis,460,"Place 6, Judge, Court Of Criminal Appeals",,REP,Richard Davis,58,32,26
Travis,461,"Place 6, Judge, Court Of Criminal Appeals",,REP,Richard Davis,40,13,27
Travis,463,"Place 6, Judge, Court Of Criminal Appeals",,REP,Richard Davis,73,31,42
Travis,101,"Place 9, Justice, Supreme Court",,REP,Eva Guzman,134,48,86
Travis,102,"Place 9, Justice, Supreme Court",,REP,Eva Guzman,37,12,25
Travis,103,"Place 9, Justice, Supreme Court",,REP,Eva Guzman,99,35,64
Travis,104,"Place 9, Justice, Supreme Court",,REP,Eva Guzman,72,32,40
Travis,105,"Place 9, Justice, Supreme Court",,REP,Eva Guzman,265,106,159
Travis,106,"Place 9, Justice, Supreme Court",,REP,Eva Guzman,250,94,156
Travis,107,"Place 9, Justice, Supreme Court",,REP,Eva Guzman,42,3,39
Travis,108,"Place 9, Justice, Supreme Court",,REP,Eva Guzman,64,13,51
Travis,109,"Place 9, Justice, Supreme Court",,REP,Eva Guzman,111,38,73
Travis,110,"Place 9, Justice, Supreme Court",,REP,Eva Guzman,315,130,185
Travis,111,"Place 9, Justice, Supreme Court",,REP,Eva Guzman,204,82,122
Travis,112,"Place 9, Justice, Supreme Court",,REP,Eva Guzman,36,10,26
Travis,113,"Place 9, Justice, Supreme Court",,REP,Eva Guzman,235,88,147
Travis,114,"Place 9, Justice, Supreme Court",,REP,Eva Guzman,9,5,4
Travis,115,"Place 9, Justice, Supreme Court",,REP,Eva Guzman,0,0,0
Travis,116,"Place 9, Justice, Supreme Court",,REP,Eva Guzman,0,0,0
Travis,117,"Place 9, Justice, Supreme Court",,REP,Eva Guzman,29,15,14
Travis,118,"Place 9, Justice, Supreme Court",,REP,Eva Guzman,15,6,9
Travis,119,"Place 9, Justice, Supreme Court",,REP,Eva Guzman,0,0,0
Travis,120,"Place 9, Justice, Supreme Court",,REP,Eva Guzman,10,3,7
Travis,121,"Place 9, Justice, Supreme Court",,REP,Eva Guzman,9,3,6
Travis,122,"Place 9, Justice, Supreme Court",,REP,Eva Guzman,23,13,10
Travis,123,"Place 9, Justice, Supreme Court",,REP,Eva Guzman,339,90,249
Travis,124,"Place 9, Justice, Supreme Court",,REP,Eva Guzman,63,23,40
Travis,125,"Place 9, Justice, Supreme Court",,REP,Eva Guzman,0,0,0
Travis,126,"Place 9, Justice, Supreme Court",,REP,Eva Guzman,64,21,43
Travis,127,"Place 9, Justice, Supreme Court",,REP,Eva Guzman,0,0,0
Travis,128,"Place 9, Justice, Supreme Court",,REP,Eva Guzman,0,0,0
Travis,129,"Place 9, Justice, Supreme Court",,REP,Eva Guzman,14,7,7
Travis,130,"Place 9, Justice, Supreme Court",,REP,Eva Guzman,43,10,33
Travis,131,"Place 9, Justice, Supreme Court",,REP,Eva Guzman,0,0,0
Travis,132,"Place 9, Justice, Supreme Court",,REP,Eva Guzman,53,15,38
Travis,133,"Place 9, Justice, Supreme Court",,REP,Eva Guzman,57,18,39
Travis,134,"Place 9, Justice, Supreme Court",,REP,Eva Guzman,0,0,0
Travis,135,"Place 9, Justice, Supreme Court",,REP,Eva Guzman,174,67,107
Travis,136,"Place 9, Justice, Supreme Court",,REP,Eva Guzman,262,106,156
Travis,137,"Place 9, Justice, Supreme Court",,REP,Eva Guzman,708,238,470
Travis,138,"Place 9, Justice, Supreme Court",,REP,Eva Guzman,0,0,0
Travis,139,"Place 9, Justice, Supreme Court",,REP,Eva Guzman,102,35,67
Travis,140,"Place 9, Justice, Supreme Court",,REP,Eva Guzman,53,20,33
Travis,141,"Place 9, Justice, Supreme Court",,REP,Eva Guzman,11,3,8
Travis,142,"Place 9, Justice, Supreme Court",,REP,Eva Guzman,12,6,6
Travis,145,"Place 9, Justice, Supreme Court",,REP,Eva Guzman,146,46,100
Travis,146,"Place 9, Justice, Supreme Court",,REP,Eva Guzman,234,99,135
Travis,148,"Place 9, Justice, Supreme Court",,REP,Eva Guzman,169,70,99
Travis,149,"Place 9, Justice, Supreme Court",,REP,Eva Guzman,30,8,22
Travis,150,"Place 9, Justice, Supreme Court",,REP,Eva Guzman,240,95,145
Travis,151,"Place 9, Justice, Supreme Court",,REP,Eva Guzman,65,23,42
Travis,152,"Place 9, Justice, Supreme Court",,REP,Eva Guzman,57,29,28
Travis,153,"Place 9, Justice, Supreme Court",,REP,Eva Guzman,182,55,127
Travis,154,"Place 9, Justice, Supreme Court",,REP,Eva Guzman,124,28,96
Travis,156,"Place 9, Justice, Supreme Court",,REP,Eva Guzman,140,46,94
Travis,160,"Place 9, Justice, Supreme Court",,REP,Eva Guzman,109,52,57
Travis,161,"Place 9, Justice, Supreme Court",,REP,Eva Guzman,92,30,62
Travis,163,"Place 9, Justice, Supreme Court",,REP,Eva Guzman,35,14,21
Travis,164,"Place 9, Justice, Supreme Court",,REP,Eva Guzman,35,11,24
Travis,200,"Place 9, Justice, Supreme Court",,REP,Eva Guzman,99,28,71
Travis,202,"Place 9, Justice, Supreme Court",,REP,Eva Guzman,85,33,52
Travis,203,"Place 9, Justice, Supreme Court",,REP,Eva Guzman,37,12,25
Travis,205,"Place 9, Justice, Supreme Court",,REP,Eva Guzman,104,28,76
Travis,206,"Place 9, Justice, Supreme Court",,REP,Eva Guzman,46,16,30
Travis,207,"Place 9, Justice, Supreme Court",,REP,Eva Guzman,278,110,168
Travis,208,"Place 9, Justice, Supreme Court",,REP,Eva Guzman,175,78,97
Travis,209,"Place 9, Justice, Supreme Court",,REP,Eva Guzman,35,10,25
Travis,210,"Place 9, Justice, Supreme Court",,REP,Eva Guzman,169,88,81
Travis,211,"Place 9, Justice, Supreme Court",,REP,Eva Guzman,87,28,59
Travis,212,"Place 9, Justice, Supreme Court",,REP,Eva Guzman,483,226,257
Travis,213,"Place 9, Justice, Supreme Court",,REP,Eva Guzman,0,0,0
Travis,214,"Place 9, Justice, Supreme Court",,REP,Eva Guzman,277,104,173
Travis,215,"Place 9, Justice, Supreme Court",,REP,Eva Guzman,111,38,73
Travis,216,"Place 9, Justice, Supreme Court",,REP,Eva Guzman,66,31,35
Travis,217,"Place 9, Justice, Supreme Court",,REP,Eva Guzman,100,31,69
Travis,218,"Place 9, Justice, Supreme Court",,REP,Eva Guzman,194,78,116
Travis,219,"Place 9, Justice, Supreme Court",,REP,Eva Guzman,178,69,109
Travis,220,"Place 9, Justice, Supreme Court",,REP,Eva Guzman,180,75,105
Travis,221,"Place 9, Justice, Supreme Court",,REP,Eva Guzman,106,41,65
Travis,222,"Place 9, Justice, Supreme Court",,REP,Eva Guzman,125,43,82
Travis,223,"Place 9, Justice, Supreme Court",,REP,Eva Guzman,23,13,10
Travis,224,"Place 9, Justice, Supreme Court",,REP,Eva Guzman,6,1,5
Travis,225,"Place 9, Justice, Supreme Court",,REP,Eva Guzman,199,70,129
Travis,226,"Place 9, Justice, Supreme Court",,REP,Eva Guzman,90,38,52
Travis,227,"Place 9, Justice, Supreme Court",,REP,Eva Guzman,31,15,16
Travis,228,"Place 9, Justice, Supreme Court",,REP,Eva Guzman,141,62,79
Travis,229,"Place 9, Justice, Supreme Court",,REP,Eva Guzman,130,37,93
Travis,231,"Place 9, Justice, Supreme Court",,REP,Eva Guzman,319,135,184
Travis,232,"Place 9, Justice, Supreme Court",,REP,Eva Guzman,615,324,291
Travis,233,"Place 9, Justice, Supreme Court",,REP,Eva Guzman,390,158,232
Travis,234,"Place 9, Justice, Supreme Court",,REP,Eva Guzman,305,121,184
Travis,235,"Place 9, Justice, Supreme Court",,REP,Eva Guzman,72,32,40
Travis,236,"Place 9, Justice, Supreme Court",,REP,Eva Guzman,133,46,87
Travis,237,"Place 9, Justice, Supreme Court",,REP,Eva Guzman,219,79,140
Travis,238,"Place 9, Justice, Supreme Court",,REP,Eva Guzman,210,72,138
Travis,239,"Place 9, Justice, Supreme Court",,REP,Eva Guzman,142,55,87
Travis,240,"Place 9, Justice, Supreme Court",,REP,Eva Guzman,91,30,61
Travis,241,"Place 9, Justice, Supreme Court",,REP,Eva Guzman,69,22,47
Travis,242,"Place 9, Justice, Supreme Court",,REP,Eva Guzman,142,62,80
Travis,243,"Place 9, Justice, Supreme Court",,REP,Eva Guzman,117,60,57
Travis,244,"Place 9, Justice, Supreme Court",,REP,Eva Guzman,341,177,164
Travis,245,"Place 9, Justice, Supreme Court",,REP,Eva Guzman,138,38,100
Travis,246,"Place 9, Justice, Supreme Court",,REP,Eva Guzman,177,68,109
Travis,247,"Place 9, Justice, Supreme Court",,REP,Eva Guzman,108,37,71
Travis,248,"Place 9, Justice, Supreme Court",,REP,Eva Guzman,92,36,56
Travis,249,"Place 9, Justice, Supreme Court",,REP,Eva Guzman,231,90,141
Travis,250,"Place 9, Justice, Supreme Court",,REP,Eva Guzman,248,101,147
Travis,251,"Place 9, Justice, Supreme Court",,REP,Eva Guzman,208,74,134
Travis,252,"Place 9, Justice, Supreme Court",,REP,Eva Guzman,128,50,78
Travis,253,"Place 9, Justice, Supreme Court",,REP,Eva Guzman,342,154,188
Travis,254,"Place 9, Justice, Supreme Court",,REP,Eva Guzman,212,83,129
Travis,256,"Place 9, Justice, Supreme Court",,REP,Eva Guzman,260,126,134
Travis,258,"Place 9, Justice, Supreme Court",,REP,Eva Guzman,171,68,103
Travis,259,"Place 9, Justice, Supreme Court",,REP,Eva Guzman,209,93,116
Travis,260,"Place 9, Justice, Supreme Court",,REP,Eva Guzman,42,15,27
Travis,262,"Place 9, Justice, Supreme Court",,REP,Eva Guzman,330,163,167
Travis,263,"Place 9, Justice, Supreme Court",,REP,Eva Guzman,170,51,119
Travis,266,"Place 9, Justice, Supreme Court",,REP,Eva Guzman,67,35,32
Travis,267,"Place 9, Justice, Supreme Court",,REP,Eva Guzman,109,52,57
Travis,268,"Place 9, Justice, Supreme Court",,REP,Eva Guzman,54,18,36
Travis,273,"Place 9, Justice, Supreme Court",,REP,Eva Guzman,151,65,86
Travis,274,"Place 9, Justice, Supreme Court",,REP,Eva Guzman,63,33,30
Travis,275,"Place 9, Justice, Supreme Court",,REP,Eva Guzman,74,27,47
Travis,277,"Place 9, Justice, Supreme Court",,REP,Eva Guzman,230,89,141
Travis,301,"Place 9, Justice, Supreme Court",,REP,Eva Guzman,91,31,60
Travis,302,"Place 9, Justice, Supreme Court",,REP,Eva Guzman,375,205,170
Travis,303,"Place 9, Justice, Supreme Court",,REP,Eva Guzman,323,137,186
Travis,304,"Place 9, Justice, Supreme Court",,REP,Eva Guzman,470,184,286
Travis,305,"Place 9, Justice, Supreme Court",,REP,Eva Guzman,2,2,0
Travis,306,"Place 9, Justice, Supreme Court",,REP,Eva Guzman,439,280,159
Travis,307,"Place 9, Justice, Supreme Court",,REP,Eva Guzman,138,59,79
Travis,308,"Place 9, Justice, Supreme Court",,REP,Eva Guzman,721,310,411
Travis,309,"Place 9, Justice, Supreme Court",,REP,Eva Guzman,179,93,86
Travis,310,"Place 9, Justice, Supreme Court",,REP,Eva Guzman,383,161,222
Travis,311,"Place 9, Justice, Supreme Court",,REP,Eva Guzman,152,73,79
Travis,312,"Place 9, Justice, Supreme Court",,REP,Eva Guzman,200,93,107
Travis,313,"Place 9, Justice, Supreme Court",,REP,Eva Guzman,4,2,2
Travis,314,"Place 9, Justice, Supreme Court",,REP,Eva Guzman,659,348,311
Travis,315,"Place 9, Justice, Supreme Court",,REP,Eva Guzman,441,210,231
Travis,316,"Place 9, Justice, Supreme Court",,REP,Eva Guzman,317,144,173
Travis,317,"Place 9, Justice, Supreme Court",,REP,Eva Guzman,289,108,181
Travis,318,"Place 9, Justice, Supreme Court",,REP,Eva Guzman,74,20,54
Travis,319,"Place 9, Justice, Supreme Court",,REP,Eva Guzman,290,155,135
Travis,320,"Place 9, Justice, Supreme Court",,REP,Eva Guzman,312,188,124
Travis,321,"Place 9, Justice, Supreme Court",,REP,Eva Guzman,73,40,33
Travis,323,"Place 9, Justice, Supreme Court",,REP,Eva Guzman,82,36,46
Travis,324,"Place 9, Justice, Supreme Court",,REP,Eva Guzman,623,313,310
Travis,325,"Place 9, Justice, Supreme Court",,REP,Eva Guzman,8,7,1
Travis,326,"Place 9, Justice, Supreme Court",,REP,Eva Guzman,245,95,150
Travis,327,"Place 9, Justice, Supreme Court",,REP,Eva Guzman,331,150,181
Travis,328,"Place 9, Justice, Supreme Court",,REP,Eva Guzman,239,98,141
Travis,329,"Place 9, Justice, Supreme Court",,REP,Eva Guzman,203,107,96
Travis,330,"Place 9, Justice, Supreme Court",,REP,Eva Guzman,368,164,204
Travis,331,"Place 9, Justice, Supreme Court",,REP,Eva Guzman,282,114,168
Travis,332,"Place 9, Justice, Supreme Court",,REP,Eva Guzman,87,38,49
Travis,333,"Place 9, Justice, Supreme Court",,REP,Eva Guzman,333,85,248
Travis,334,"Place 9, Justice, Supreme Court",,REP,Eva Guzman,394,146,248
Travis,335,"Place 9, Justice, Supreme Court",,REP,Eva Guzman,209,91,118
Travis,336,"Place 9, Justice, Supreme Court",,REP,Eva Guzman,245,92,153
Travis,337,"Place 9, Justice, Supreme Court",,REP,Eva Guzman,399,127,272
Travis,338,"Place 9, Justice, Supreme Court",,REP,Eva Guzman,478,184,294
Travis,339,"Place 9, Justice, Supreme Court",,REP,Eva Guzman,137,71,66
Travis,340,"Place 9, Justice, Supreme Court",,REP,Eva Guzman,96,43,53
Travis,341,"Place 9, Justice, Supreme Court",,REP,Eva Guzman,9,3,6
Travis,342,"Place 9, Justice, Supreme Court",,REP,Eva Guzman,223,108,115
Travis,343,"Place 9, Justice, Supreme Court",,REP,Eva Guzman,116,42,74
Travis,344,"Place 9, Justice, Supreme Court",,REP,Eva Guzman,110,42,68
Travis,345,"Place 9, Justice, Supreme Court",,REP,Eva Guzman,0,0,0
Travis,346,"Place 9, Justice, Supreme Court",,REP,Eva Guzman,614,380,234
Travis,347,"Place 9, Justice, Supreme Court",,REP,Eva Guzman,303,156,147
Travis,349,"Place 9, Justice, Supreme Court",,REP,Eva Guzman,338,166,172
Travis,350,"Place 9, Justice, Supreme Court",,REP,Eva Guzman,242,106,136
Travis,351,"Place 9, Justice, Supreme Court",,REP,Eva Guzman,102,54,48
Travis,352,"Place 9, Justice, Supreme Court",,REP,Eva Guzman,161,88,73
Travis,354,"Place 9, Justice, Supreme Court",,REP,Eva Guzman,434,227,207
Travis,356,"Place 9, Justice, Supreme Court",,REP,Eva Guzman,88,40,48
Travis,357,"Place 9, Justice, Supreme Court",,REP,Eva Guzman,76,31,45
Travis,358,"Place 9, Justice, Supreme Court",,REP,Eva Guzman,223,93,130
Travis,359,"Place 9, Justice, Supreme Court",,REP,Eva Guzman,466,225,241
Travis,360,"Place 9, Justice, Supreme Court",,REP,Eva Guzman,340,168,172
Travis,361,"Place 9, Justice, Supreme Court",,REP,Eva Guzman,138,64,74
Travis,362,"Place 9, Justice, Supreme Court",,REP,Eva Guzman,234,106,128
Travis,363,"Place 9, Justice, Supreme Court",,REP,Eva Guzman,174,82,92
Travis,364,"Place 9, Justice, Supreme Court",,REP,Eva Guzman,335,177,158
Travis,365,"Place 9, Justice, Supreme Court",,REP,Eva Guzman,170,78,92
Travis,366,"Place 9, Justice, Supreme Court",,REP,Eva Guzman,439,210,229
Travis,367,"Place 9, Justice, Supreme Court",,REP,Eva Guzman,630,281,349
Travis,368,"Place 9, Justice, Supreme Court",,REP,Eva Guzman,54,38,16
Travis,369,"Place 9, Justice, Supreme Court",,REP,Eva Guzman,319,88,231
Travis,370,"Place 9, Justice, Supreme Court",,REP,Eva Guzman,136,9,127
Travis,371,"Place 9, Justice, Supreme Court",,REP,Eva Guzman,289,82,207
Travis,372,"Place 9, Justice, Supreme Court",,REP,Eva Guzman,184,31,153
Travis,373,"Place 9, Justice, Supreme Court",,REP,Eva Guzman,661,264,397
Travis,374,"Place 9, Justice, Supreme Court",,REP,Eva Guzman,629,188,441
Travis,375,"Place 9, Justice, Supreme Court",,REP,Eva Guzman,87,27,60
Travis,401,"Place 9, Justice, Supreme Court",,REP,Eva Guzman,87,37,50
Travis,402,"Place 9, Justice, Supreme Court",,REP,Eva Guzman,107,29,78
Travis,403,"Place 9, Justice, Supreme Court",,REP,Eva Guzman,66,14,52
Travis,404,"Place 9, Justice, Supreme Court",,REP,Eva Guzman,88,23,65
Travis,405,"Place 9, Justice, Supreme Court",,REP,Eva Guzman,15,4,11
Travis,406,"Place 9, Justice, Supreme Court",,REP,Eva Guzman,401,224,177
Travis,407,"Place 9, Justice, Supreme Court",,REP,Eva Guzman,43,22,21
Travis,408,"Place 9, Justice, Supreme Court",,REP,Eva Guzman,168,79,89
Travis,409,"Place 9, Justice, Supreme Court",,REP,Eva Guzman,48,16,32
Travis,410,"Place 9, Justice, Supreme Court",,REP,Eva Guzman,107,49,58
Travis,411,"Place 9, Justice, Supreme Court",,REP,Eva Guzman,77,25,52
Travis,412,"Place 9, Justice, Supreme Court",,REP,Eva Guzman,0,0,0
Travis,413,"Place 9, Justice, Supreme Court",,REP,Eva Guzman,28,10,18
Travis,414,"Place 9, Justice, Supreme Court",,REP,Eva Guzman,160,51,109
Travis,415,"Place 9, Justice, Supreme Court",,REP,Eva Guzman,64,16,48
Travis,416,"Place 9, Justice, Supreme Court",,REP,Eva Guzman,4,1,3
Travis,417,"Place 9, Justice, Supreme Court",,REP,Eva Guzman,78,32,46
Travis,418,"Place 9, Justice, Supreme Court",,REP,Eva Guzman,1,0,1
Travis,419,"Place 9, Justice, Supreme Court",,REP,Eva Guzman,31,9,22
Travis,420,"Place 9, Justice, Supreme Court",,REP,Eva Guzman,61,30,31
Travis,421,"Place 9, Justice, Supreme Court",,REP,Eva Guzman,85,27,58
Travis,422,"Place 9, Justice, Supreme Court",,REP,Eva Guzman,43,23,20
Travis,423,"Place 9, Justice, Supreme Court",,REP,Eva Guzman,63,20,43
Travis,424,"Place 9, Justice, Supreme Court",,REP,Eva Guzman,52,23,29
Travis,425,"Place 9, Justice, Supreme Court",,REP,Eva Guzman,34,14,20
Travis,426,"Place 9, Justice, Supreme Court",,REP,Eva Guzman,54,19,35
Travis,427,"Place 9, Justice, Supreme Court",,REP,Eva Guzman,37,12,25
Travis,428,"Place 9, Justice, Supreme Court",,REP,Eva Guzman,96,47,49
Travis,429,"Place 9, Justice, Supreme Court",,REP,Eva Guzman,119,47,72
Travis,430,"Place 9, Justice, Supreme Court",,REP,Eva Guzman,21,9,12
Travis,431,"Place 9, Justice, Supreme Court",,REP,Eva Guzman,105,50,55
Travis,432,"Place 9, Justice, Supreme Court",,REP,Eva Guzman,0,0,0
Travis,433,"Place 9, Justice, Supreme Court",,REP,Eva Guzman,60,29,31
Travis,434,"Place 9, Justice, Supreme Court",,REP,Eva Guzman,0,0,0
Travis,435,"Place 9, Justice, Supreme Court",,REP,Eva Guzman,285,123,162
Travis,436,"Place 9, Justice, Supreme Court",,REP,Eva Guzman,1,0,1
Travis,437,"Place 9, Justice, Supreme Court",,REP,Eva Guzman,49,16,33
Travis,438,"Place 9, Justice, Supreme Court",,REP,Eva Guzman,34,8,26
Travis,439,"Place 9, Justice, Supreme Court",,REP,Eva Guzman,42,10,32
Travis,440,"Place 9, Justice, Supreme Court",,REP,Eva Guzman,25,10,15
Travis,441,"Place 9, Justice, Supreme Court",,REP,Eva Guzman,107,34,73
Travis,442,"Place 9, Justice, Supreme Court",,REP,Eva Guzman,31,10,21
Travis,443,"Place 9, Justice, Supreme Court",,REP,Eva Guzman,78,30,48
Travis,444,"Place 9, Justice, Supreme Court",,REP,Eva Guzman,0,0,0
Travis,446,"Place 9, Justice, Supreme Court",,REP,Eva Guzman,32,7,25
Travis,447,"Place 9, Justice, Supreme Court",,REP,Eva Guzman,105,40,65
Travis,448,"Place 9, Justice, Supreme Court",,REP,Eva Guzman,81,34,47
Travis,450,"Place 9, Justice, Supreme Court",,REP,Eva Guzman,96,36,60
Travis,451,"Place 9, Justice, Supreme Court",,REP,Eva Guzman,97,34,63
Travis,452,"Place 9, Justice, Supreme Court",,REP,Eva Guzman,38,18,20
Travis,454,"Place 9, Justice, Supreme Court",,REP,Eva Guzman,105,61,44
Travis,458,"Place 9, Justice, Supreme Court",,REP,Eva Guzman,192,86,106
Travis,460,"Place 9, Justice, Supreme Court",,REP,Eva Guzman,98,54,44
Travis,461,"Place 9, Justice, Supreme Court",,REP,Eva Guzman,104,43,61
Travis,463,"Place 9, Justice, Supreme Court",,REP,Eva Guzman,114,41,73
Travis,101,"Place 9, Justice, Supreme Court",,REP,Joe Pool,72,20,52
Travis,102,"Place 9, Justice, Supreme Court",,REP,Joe Pool,26,10,16
Travis,103,"Place 9, Justice, Supreme Court",,REP,Joe Pool,51,22,29
Travis,104,"Place 9, Justice, Supreme Court",,REP,Joe Pool,30,8,22
Travis,105,"Place 9, Justice, Supreme Court",,REP,Joe Pool,175,68,107
Travis,106,"Place 9, Justice, Supreme Court",,REP,Joe Pool,177,57,120
Travis,107,"Place 9, Justice, Supreme Court",,REP,Joe Pool,35,4,31
Travis,108,"Place 9, Justice, Supreme Court",,REP,Joe Pool,30,3,27
Travis,109,"Place 9, Justice, Supreme Court",,REP,Joe Pool,59,16,43
Travis,110,"Place 9, Justice, Supreme Court",,REP,Joe Pool,195,64,131
Travis,111,"Place 9, Justice, Supreme Court",,REP,Joe Pool,97,31,66
Travis,112,"Place 9, Justice, Supreme Court",,REP,Joe Pool,22,3,19
Travis,113,"Place 9, Justice, Supreme Court",,REP,Joe Pool,142,55,87
Travis,114,"Place 9, Justice, Supreme Court",,REP,Joe Pool,11,2,9
Travis,115,"Place 9, Justice, Supreme Court",,REP,Joe Pool,0,0,0
Travis,116,"Place 9, Justice, Supreme Court",,REP,Joe Pool,0,0,0
Travis,117,"Place 9, Justice, Supreme Court",,REP,Joe Pool,17,6,11
Travis,118,"Place 9, Justice, Supreme Court",,REP,Joe Pool,7,3,4
Travis,119,"Place 9, Justice, Supreme Court",,REP,Joe Pool,0,0,0
Travis,120,"Place 9, Justice, Supreme Court",,REP,Joe Pool,4,2,2
Travis,121,"Place 9, Justice, Supreme Court",,REP,Joe Pool,7,0,7
Travis,122,"Place 9, Justice, Supreme Court",,REP,Joe Pool,11,4,7
Travis,123,"Place 9, Justice, Supreme Court",,REP,Joe Pool,161,48,113
Travis,124,"Place 9, Justice, Supreme Court",,REP,Joe Pool,25,12,13
Travis,125,"Place 9, Justice, Supreme Court",,REP,Joe Pool,0,0,0
Travis,126,"Place 9, Justice, Supreme Court",,REP,Joe Pool,16,9,7
Travis,127,"Place 9, Justice, Supreme Court",,REP,Joe Pool,0,0,0
Travis,128,"Place 9, Justice, Supreme Court",,REP,Joe Pool,0,0,0
Travis,129,"Place 9, Justice, Supreme Court",,REP,Joe Pool,13,8,5
Travis,130,"Place 9, Justice, Supreme Court",,REP,Joe Pool,24,2,22
Travis,131,"Place 9, Justice, Supreme Court",,REP,Joe Pool,0,0,0
Travis,132,"Place 9, Justice, Supreme Court",,REP,Joe Pool,19,7,12
Travis,133,"Place 9, Justice, Supreme Court",,REP,Joe Pool,36,11,25
Travis,134,"Place 9, Justice, Supreme Court",,REP,Joe Pool,0,0,0
Travis,135,"Place 9, Justice, Supreme Court",,REP,Joe Pool,53,15,38
Travis,136,"Place 9, Justice, Supreme Court",,REP,Joe Pool,163,54,109
Travis,137,"Place 9, Justice, Supreme Court",,REP,Joe Pool,351,109,242
Travis,138,"Place 9, Justice, Supreme Court",,REP,Joe Pool,0,0,0
Travis,139,"Place 9, Justice, Supreme Court",,REP,Joe Pool,57,20,37
Travis,140,"Place 9, Justice, Supreme Court",,REP,Joe Pool,42,17,25
Travis,141,"Place 9, Justice, Supreme Court",,REP,Joe Pool,9,1,8
Travis,142,"Place 9, Justice, Supreme Court",,REP,Joe Pool,8,5,3
Travis,145,"Place 9, Justice, Supreme Court",,REP,Joe Pool,82,27,55
Travis,146,"Place 9, Justice, Supreme Court",,REP,Joe Pool,113,38,75
Travis,148,"Place 9, Justice, Supreme Court",,REP,Joe Pool,114,44,70
Travis,149,"Place 9, Justice, Supreme Court",,REP,Joe Pool,13,2,11
Travis,150,"Place 9, Justice, Supreme Court",,REP,Joe Pool,127,51,76
Travis,151,"Place 9, Justice, Supreme Court",,REP,Joe Pool,36,5,31
Travis,152,"Place 9, Justice, Supreme Court",,REP,Joe Pool,25,5,20
Travis,153,"Place 9, Justice, Supreme Court",,REP,Joe Pool,94,28,66
Travis,154,"Place 9, Justice, Supreme Court",,REP,Joe Pool,72,21,51
Travis,156,"Place 9, Justice, Supreme Court",,REP,Joe Pool,67,27,40
Travis,160,"Place 9, Justice, Supreme Court",,REP,Joe Pool,61,26,35
Travis,161,"Place 9, Justice, Supreme Court",,REP,Joe Pool,55,19,36
Travis,163,"Place 9, Justice, Supreme Court",,REP,Joe Pool,18,7,11
Travis,164,"Place 9, Justice, Supreme Court",,REP,Joe Pool,31,8,23
Travis,200,"Place 9, Justice, Supreme Court",,REP,Joe Pool,44,16,28
Travis,202,"Place 9, Justice, Supreme Court",,REP,Joe Pool,35,10,25
Travis,203,"Place 9, Justice, Supreme Court",,REP,Joe Pool,21,5,16
Travis,205,"Place 9, Justice, Supreme Court",,REP,Joe Pool,58,12,46
Travis,206,"Place 9, Justice, Supreme Court",,REP,Joe Pool,13,6,7
Travis,207,"Place 9, Justice, Supreme Court",,REP,Joe Pool,158,53,105
Travis,208,"Place 9, Justice, Supreme Court",,REP,Joe Pool,85,41,44
Travis,209,"Place 9, Justice, Supreme Court",,REP,Joe Pool,20,5,15
Travis,210,"Place 9, Justice, Supreme Court",,REP,Joe Pool,41,16,25
Travis,211,"Place 9, Justice, Supreme Court",,REP,Joe Pool,47,11,36
Travis,212,"Place 9, Justice, Supreme Court",,REP,Joe Pool,198,87,111
Travis,213,"Place 9, Justice, Supreme Court",,REP,Joe Pool,0,0,0
Travis,214,"Place 9, Justice, Supreme Court",,REP,Joe Pool,103,32,71
Travis,215,"Place 9, Justice, Supreme Court",,REP,Joe Pool,67,19,48
Travis,216,"Place 9, Justice, Supreme Court",,REP,Joe Pool,52,14,38
Travis,217,"Place 9, Justice, Supreme Court",,REP,Joe Pool,41,13,28
Travis,218,"Place 9, Justice, Supreme Court",,REP,Joe Pool,76,34,42
Travis,219,"Place 9, Justice, Supreme Court",,REP,Joe Pool,100,34,66
Travis,220,"Place 9, Justice, Supreme Court",,REP,Joe Pool,69,26,43
Travis,221,"Place 9, Justice, Supreme Court",,REP,Joe Pool,44,15,29
Travis,222,"Place 9, Justice, Supreme Court",,REP,Joe Pool,80,24,56
Travis,223,"Place 9, Justice, Supreme Court",,REP,Joe Pool,16,7,9
Travis,224,"Place 9, Justice, Supreme Court",,REP,Joe Pool,4,1,3
Travis,225,"Place 9, Justice, Supreme Court",,REP,Joe Pool,86,25,61
Travis,226,"Place 9, Justice, Supreme Court",,REP,Joe Pool,35,8,27
Travis,227,"Place 9, Justice, Supreme Court",,REP,Joe Pool,14,3,11
Travis,228,"Place 9, Justice, Supreme Court",,REP,Joe Pool,68,29,39
Travis,229,"Place 9, Justice, Supreme Court",,REP,Joe Pool,56,14,42
Travis,231,"Place 9, Justice, Supreme Court",,REP,Joe Pool,119,39,80
Travis,232,"Place 9, Justice, Supreme Court",,REP,Joe Pool,365,172,193
Travis,233,"Place 9, Justice, Supreme Court",,REP,Joe Pool,165,59,106
Travis,234,"Place 9, Justice, Supreme Court",,REP,Joe Pool,106,43,63
Travis,235,"Place 9, Justice, Supreme Court",,REP,Joe Pool,33,11,22
Travis,236,"Place 9, Justice, Supreme Court",,REP,Joe Pool,45,12,33
Travis,237,"Place 9, Justice, Supreme Court",,REP,Joe Pool,85,29,56
Travis,238,"Place 9, Justice, Supreme Court",,REP,Joe Pool,89,31,58
Travis,239,"Place 9, Justice, Supreme Court",,REP,Joe Pool,73,22,51
Travis,240,"Place 9, Justice, Supreme Court",,REP,Joe Pool,29,7,22
Travis,241,"Place 9, Justice, Supreme Court",,REP,Joe Pool,34,12,22
Travis,242,"Place 9, Justice, Supreme Court",,REP,Joe Pool,89,31,58
Travis,243,"Place 9, Justice, Supreme Court",,REP,Joe Pool,48,18,30
Travis,244,"Place 9, Justice, Supreme Court",,REP,Joe Pool,209,119,90
Travis,245,"Place 9, Justice, Supreme Court",,REP,Joe Pool,59,16,43
Travis,246,"Place 9, Justice, Supreme Court",,REP,Joe Pool,62,22,40
Travis,247,"Place 9, Justice, Supreme Court",,REP,Joe Pool,41,14,27
Travis,248,"Place 9, Justice, Supreme Court",,REP,Joe Pool,68,22,46
Travis,249,"Place 9, Justice, Supreme Court",,REP,Joe Pool,101,39,62
Travis,250,"Place 9, Justice, Supreme Court",,REP,Joe Pool,72,20,52
Travis,251,"Place 9, Justice, Supreme Court",,REP,Joe Pool,88,23,65
Travis,252,"Place 9, Justice, Supreme Court",,REP,Joe Pool,60,25,35
Travis,253,"Place 9, Justice, Supreme Court",,REP,Joe Pool,132,59,73
Travis,254,"Place 9, Justice, Supreme Court",,REP,Joe Pool,109,42,67
Travis,256,"Place 9, Justice, Supreme Court",,REP,Joe Pool,84,43,41
Travis,258,"Place 9, Justice, Supreme Court",,REP,Joe Pool,115,29,86
Travis,259,"Place 9, Justice, Supreme Court",,REP,Joe Pool,106,41,65
Travis,260,"Place 9, Justice, Supreme Court",,REP,Joe Pool,24,8,16
Travis,262,"Place 9, Justice, Supreme Court",,REP,Joe Pool,160,73,87
Travis,263,"Place 9, Justice, Supreme Court",,REP,Joe Pool,90,21,69
Travis,266,"Place 9, Justice, Supreme Court",,REP,Joe Pool,26,12,14
Travis,267,"Place 9, Justice, Supreme Court",,REP,Joe Pool,56,25,31
Travis,268,"Place 9, Justice, Supreme Court",,REP,Joe Pool,21,4,17
Travis,273,"Place 9, Justice, Supreme Court",,REP,Joe Pool,57,31,26
Travis,274,"Place 9, Justice, Supreme Court",,REP,Joe Pool,23,11,12
Travis,275,"Place 9, Justice, Supreme Court",,REP,Joe Pool,24,8,16
Travis,277,"Place 9, Justice, Supreme Court",,REP,Joe Pool,108,47,61
Travis,301,"Place 9, Justice, Supreme Court",,REP,Joe Pool,39,17,22
Travis,302,"Place 9, Justice, Supreme Court",,REP,Joe Pool,148,73,75
Travis,303,"Place 9, Justice, Supreme Court",,REP,Joe Pool,183,75,108
Travis,304,"Place 9, Justice, Supreme Court",,REP,Joe Pool,201,82,119
Travis,305,"Place 9, Justice, Supreme Court",,REP,Joe Pool,1,1,0
Travis,306,"Place 9, Justice, Supreme Court",,REP,Joe Pool,214,107,107
Travis,307,"Place 9, Justice, Supreme Court",,REP,Joe Pool,53,20,33
Travis,308,"Place 9, Justice, Supreme Court",,REP,Joe Pool,444,175,269
Travis,309,"Place 9, Justice, Supreme Court",,REP,Joe Pool,84,45,39
Travis,310,"Place 9, Justice, Supreme Court",,REP,Joe Pool,187,80,107
Travis,311,"Place 9, Justice, Supreme Court",,REP,Joe Pool,77,33,44
Travis,312,"Place 9, Justice, Supreme Court",,REP,Joe Pool,149,76,73
Travis,313,"Place 9, Justice, Supreme Court",,REP,Joe Pool,3,1,2
Travis,314,"Place 9, Justice, Supreme Court",,REP,Joe Pool,266,122,144
Travis,315,"Place 9, Justice, Supreme Court",,REP,Joe Pool,177,73,104
Travis,316,"Place 9, Justice, Supreme Court",,REP,Joe Pool,202,75,127
Travis,317,"Place 9, Justice, Supreme Court",,REP,Joe Pool,126,57,69
Travis,318,"Place 9, Justice, Supreme Court",,REP,Joe Pool,36,10,26
Travis,319,"Place 9, Justice, Supreme Court",,REP,Joe Pool,156,74,82
Travis,320,"Place 9, Justice, Supreme Court",,REP,Joe Pool,156,82,74
Travis,321,"Place 9, Justice, Supreme Court",,REP,Joe Pool,30,14,16
Travis,323,"Place 9, Justice, Supreme Court",,REP,Joe Pool,36,13,23
Travis,324,"Place 9, Justice, Supreme Court",,REP,Joe Pool,309,141,168
Travis,325,"Place 9, Justice, Supreme Court",,REP,Joe Pool,1,0,1
Travis,326,"Place 9, Justice, Supreme Court",,REP,Joe Pool,103,39,64
Travis,327,"Place 9, Justice, Supreme Court",,REP,Joe Pool,136,46,90
Travis,328,"Place 9, Justice, Supreme Court",,REP,Joe Pool,141,67,74
Travis,329,"Place 9, Justice, Supreme Court",,REP,Joe Pool,84,33,51
Travis,330,"Place 9, Justice, Supreme Court",,REP,Joe Pool,163,66,97
Travis,331,"Place 9, Justice, Supreme Court",,REP,Joe Pool,116,44,72
Travis,332,"Place 9, Justice, Supreme Court",,REP,Joe Pool,34,13,21
Travis,333,"Place 9, Justice, Supreme Court",,REP,Joe Pool,116,23,93
Travis,334,"Place 9, Justice, Supreme Court",,REP,Joe Pool,149,53,96
Travis,335,"Place 9, Justice, Supreme Court",,REP,Joe Pool,117,46,71
Travis,336,"Place 9, Justice, Supreme Court",,REP,Joe Pool,96,28,68
Travis,337,"Place 9, Justice, Supreme Court",,REP,Joe Pool,149,35,114
Travis,338,"Place 9, Justice, Supreme Court",,REP,Joe Pool,225,79,146
Travis,339,"Place 9, Justice, Supreme Court",,REP,Joe Pool,51,30,21
Travis,340,"Place 9, Justice, Supreme Court",,REP,Joe Pool,60,16,44
Travis,341,"Place 9, Justice, Supreme Court",,REP,Joe Pool,2,1,1
Travis,342,"Place 9, Justice, Supreme Court",,REP,Joe Pool,79,23,56
Travis,343,"Place 9, Justice, Supreme Court",,REP,Joe Pool,76,16,60
Travis,344,"Place 9, Justice, Supreme Court",,REP,Joe Pool,47,13,34
Travis,345,"Place 9, Justice, Supreme Court",,REP,Joe Pool,0,0,0
Travis,346,"Place 9, Justice, Supreme Court",,REP,Joe Pool,347,192,155
Travis,347,"Place 9, Justice, Supreme Court",,REP,Joe Pool,109,52,57
Travis,349,"Place 9, Justice, Supreme Court",,REP,Joe Pool,190,75,115
Travis,350,"Place 9, Justice, Supreme Court",,REP,Joe Pool,97,39,58
Travis,351,"Place 9, Justice, Supreme Court",,REP,Joe Pool,37,22,15
Travis,352,"Place 9, Justice, Supreme Court",,REP,Joe Pool,77,31,46
Travis,354,"Place 9, Justice, Supreme Court",,REP,Joe Pool,160,74,86
Travis,356,"Place 9, Justice, Supreme Court",,REP,Joe Pool,33,9,24
Travis,357,"Place 9, Justice, Supreme Court",,REP,Joe Pool,33,13,20
Travis,358,"Place 9, Justice, Supreme Court",,REP,Joe Pool,110,45,65
Travis,359,"Place 9, Justice, Supreme Court",,REP,Joe Pool,293,129,164
Travis,360,"Place 9, Justice, Supreme Court",,REP,Joe Pool,165,74,91
Travis,361,"Place 9, Justice, Supreme Court",,REP,Joe Pool,81,31,50
Travis,362,"Place 9, Justice, Supreme Court",,REP,Joe Pool,111,57,54
Travis,363,"Place 9, Justice, Supreme Court",,REP,Joe Pool,73,34,39
Travis,364,"Place 9, Justice, Supreme Court",,REP,Joe Pool,152,74,78
Travis,365,"Place 9, Justice, Supreme Court",,REP,Joe Pool,107,43,64
Travis,366,"Place 9, Justice, Supreme Court",,REP,Joe Pool,160,60,100
Travis,367,"Place 9, Justice, Supreme Court",,REP,Joe Pool,222,94,128
Travis,368,"Place 9, Justice, Supreme Court",,REP,Joe Pool,14,5,9
Travis,369,"Place 9, Justice, Supreme Court",,REP,Joe Pool,205,43,162
Travis,370,"Place 9, Justice, Supreme Court",,REP,Joe Pool,121,9,112
Travis,371,"Place 9, Justice, Supreme Court",,REP,Joe Pool,215,52,163
Travis,372,"Place 9, Justice, Supreme Court",,REP,Joe Pool,114,18,96
Travis,373,"Place 9, Justice, Supreme Court",,REP,Joe Pool,410,134,276
Travis,374,"Place 9, Justice, Supreme Court",,REP,Joe Pool,321,98,223
Travis,375,"Place 9, Justice, Supreme Court",,REP,Joe Pool,56,15,41
Travis,401,"Place 9, Justice, Supreme Court",,REP,Joe Pool,72,20,52
Travis,402,"Place 9, Justice, Supreme Court",,REP,Joe Pool,66,19,47
Travis,403,"Place 9, Justice, Supreme Court",,REP,Joe Pool,78,22,56
Travis,404,"Place 9, Justice, Supreme Court",,REP,Joe Pool,44,12,32
Travis,405,"Place 9, Justice, Supreme Court",,REP,Joe Pool,15,4,11
Travis,406,"Place 9, Justice, Supreme Court",,REP,Joe Pool,204,115,89
Travis,407,"Place 9, Justice, Supreme Court",,REP,Joe Pool,26,11,15
Travis,408,"Place 9, Justice, Supreme Court",,REP,Joe Pool,99,38,61
Travis,409,"Place 9, Justice, Supreme Court",,REP,Joe Pool,15,6,9
Travis,410,"Place 9, Justice, Supreme Court",,REP,Joe Pool,47,15,32
Travis,411,"Place 9, Justice, Supreme Court",,REP,Joe Pool,35,17,18
Travis,412,"Place 9, Justice, Supreme Court",,REP,Joe Pool,2,1,1
Travis,413,"Place 9, Justice, Supreme Court",,REP,Joe Pool,15,5,10
Travis,414,"Place 9, Justice, Supreme Court",,REP,Joe Pool,90,24,66
Travis,415,"Place 9, Justice, Supreme Court",,REP,Joe Pool,32,6,26
Travis,416,"Place 9, Justice, Supreme Court",,REP,Joe Pool,4,1,3
Travis,417,"Place 9, Justice, Supreme Court",,REP,Joe Pool,33,16,17
Travis,418,"Place 9, Justice, Supreme Court",,REP,Joe Pool,0,0,0
Travis,419,"Place 9, Justice, Supreme Court",,REP,Joe Pool,22,6,16
Travis,420,"Place 9, Justice, Supreme Court",,REP,Joe Pool,32,18,14
Travis,421,"Place 9, Justice, Supreme Court",,REP,Joe Pool,38,12,26
Travis,422,"Place 9, Justice, Supreme Court",,REP,Joe Pool,30,11,19
Travis,423,"Place 9, Justice, Supreme Court",,REP,Joe Pool,15,5,10
Travis,424,"Place 9, Justice, Supreme Court",,REP,Joe Pool,27,9,18
Travis,425,"Place 9, Justice, Supreme Court",,REP,Joe Pool,7,1,6
Travis,426,"Place 9, Justice, Supreme Court",,REP,Joe Pool,12,3,9
Travis,427,"Place 9, Justice, Supreme Court",,REP,Joe Pool,6,2,4
Travis,428,"Place 9, Justice, Supreme Court",,REP,Joe Pool,32,12,20
Travis,429,"Place 9, Justice, Supreme Court",,REP,Joe Pool,58,15,43
Travis,430,"Place 9, Justice, Supreme Court",,REP,Joe Pool,14,3,11
Travis,431,"Place 9, Justice, Supreme Court",,REP,Joe Pool,57,16,41
Travis,432,"Place 9, Justice, Supreme Court",,REP,Joe Pool,0,0,0
Travis,433,"Place 9, Justice, Supreme Court",,REP,Joe Pool,25,12,13
Travis,434,"Place 9, Justice, Supreme Court",,REP,Joe Pool,0,0,0
Travis,435,"Place 9, Justice, Supreme Court",,REP,Joe Pool,172,80,92
Travis,436,"Place 9, Justice, Supreme Court",,REP,Joe Pool,0,0,0
Travis,437,"Place 9, Justice, Supreme Court",,REP,Joe Pool,24,6,18
Travis,438,"Place 9, Justice, Supreme Court",,REP,Joe Pool,7,3,4
Travis,439,"Place 9, Justice, Supreme Court",,REP,Joe Pool,11,2,9
Travis,440,"Place 9, Justice, Supreme Court",,REP,Joe Pool,18,2,16
Travis,441,"Place 9, Justice, Supreme Court",,REP,Joe Pool,60,28,32
Travis,442,"Place 9, Justice, Supreme Court",,REP,Joe Pool,12,1,11
Travis,443,"Place 9, Justice, Supreme Court",,REP,Joe Pool,47,22,25
Travis,444,"Place 9, Justice, Supreme Court",,REP,Joe Pool,0,0,0
Travis,446,"Place 9, Justice, Supreme Court",,REP,Joe Pool,22,6,16
Travis,447,"Place 9, Justice, Supreme Court",,REP,Joe Pool,62,22,40
Travis,448,"Place 9, Justice, Supreme Court",,REP,Joe Pool,34,12,22
Travis,450,"Place 9, Justice, Supreme Court",,REP,Joe Pool,49,22,27
Travis,451,"Place 9, Justice, Supreme Court",,REP,Joe Pool,43,15,28
Travis,452,"Place 9, Justice, Supreme Court",,REP,Joe Pool,28,9,19
Travis,454,"Place 9, Justice, Supreme Court",,REP,Joe Pool,71,41,30
Travis,458,"Place 9, Justice, Supreme Court",,REP,Joe Pool,97,41,56
Travis,460,"Place 9, Justice, Supreme Court",,REP,Joe Pool,64,36,28
Travis,461,"Place 9, Justice, Supreme Court",,REP,Joe Pool,39,17,22
Travis,463,"Place 9, Justice, Supreme Court",,REP,Joe Pool,63,23,40
Travis,308,"Precinct 308, Precinct Chairman",,REP,Mike Tibbets,338,138,200
Travis,308,"Precinct 308, Precinct Chairman",,REP,Paul Eagan,646,256,390
Travis,312,"Precinct 312, Precinct Chairman",,REP,Alton Moore,158,78,80
Travis,312,"Precinct 312, Precinct Chairman",,REP,Jerri Lynn Ward,188,84,104
Travis,316,"Precinct 316, Precinct Chairman",,REP,Brendan Steinhauser,251,95,156
Travis,316,"Precinct 316, Precinct Chairman",,REP,Susan Shivers Setters,214,93,121
Travis,334,"Precinct 334, Precinct Chairman",,REP,Don Zimmerman,446,159,287
Travis,334,"Precinct 334, Precinct Chairman",,REP,Steve Jarvis,194,65,129
Travis,429,"Precinct 429, Precinct Chairman",,REP,Michael R. Goldman,71,31,40
Travis,429,"Precinct 429, Precinct Chairman",,REP,Shane R. Saum,81,28,53
Travis,101,"Precinct No. 1, County Commissioner",,REP,Pat McCord,187,59,128
Travis,102,"Precinct No. 1, County Commissioner",,REP,Pat McCord,43,14,29
Travis,103,"Precinct No. 1, County Commissioner",,REP,Pat McCord,117,44,73
Travis,104,"Precinct No. 1, County Commissioner",,REP,Pat McCord,88,33,55
Travis,105,"Precinct No. 1, County Commissioner",,REP,Pat McCord,404,158,246
Travis,106,"Precinct No. 1, County Commissioner",,REP,Pat McCord,380,125,255
Travis,107,"Precinct No. 1, County Commissioner",,REP,Pat McCord,66,5,61
Travis,108,"Precinct No. 1, County Commissioner",,REP,Pat McCord,83,17,66
Travis,109,"Precinct No. 1, County Commissioner",,REP,Pat McCord,147,47,100
Travis,110,"Precinct No. 1, County Commissioner",,REP,Pat McCord,457,180,277
Travis,111,"Precinct No. 1, County Commissioner",,REP,Pat McCord,253,92,161
Travis,112,"Precinct No. 1, County Commissioner",,REP,Pat McCord,48,10,38
Travis,113,"Precinct No. 1, County Commissioner",,REP,Pat McCord,327,125,202
Travis,114,"Precinct No. 1, County Commissioner",,REP,Pat McCord,15,5,10
Travis,115,"Precinct No. 1, County Commissioner",,REP,Pat McCord,0,0,0
Travis,116,"Precinct No. 1, County Commissioner",,REP,Pat McCord,0,0,0
Travis,117,"Precinct No. 1, County Commissioner",,REP,Pat McCord,43,20,23
Travis,118,"Precinct No. 1, County Commissioner",,REP,Pat McCord,16,8,8
Travis,119,"Precinct No. 1, County Commissioner",,REP,Pat McCord,0,0,0
Travis,120,"Precinct No. 1, County Commissioner",,REP,Pat McCord,14,5,9
Travis,121,"Precinct No. 1, County Commissioner",,REP,Pat McCord,13,3,10
Travis,122,"Precinct No. 1, County Commissioner",,REP,Pat McCord,31,14,17
Travis,123,"Precinct No. 1, County Commissioner",,REP,Pat McCord,459,124,335
Travis,124,"Precinct No. 1, County Commissioner",,REP,Pat McCord,55,20,35
Travis,125,"Precinct No. 1, County Commissioner",,REP,Pat McCord,0,0,0
Travis,126,"Precinct No. 1, County Commissioner",,REP,Pat McCord,59,18,41
Travis,127,"Precinct No. 1, County Commissioner",,REP,Pat McCord,0,0,0
Travis,128,"Precinct No. 1, County Commissioner",,REP,Pat McCord,0,0,0
Travis,129,"Precinct No. 1, County Commissioner",,REP,Pat McCord,26,13,13
Travis,130,"Precinct No. 1, County Commissioner",,REP,Pat McCord,57,10,47
Travis,131,"Precinct No. 1, County Commissioner",,REP,Pat McCord,0,0,0
Travis,132,"Precinct No. 1, County Commissioner",,REP,Pat McCord,63,21,42
Travis,133,"Precinct No. 1, County Commissioner",,REP,Pat McCord,75,19,56
Travis,134,"Precinct No. 1, County Commissioner",,REP,Pat McCord,0,0,0
Travis,135,"Precinct No. 1, County Commissioner",,REP,Pat McCord,195,68,127
Travis,136,"Precinct No. 1, County Commissioner",,REP,Pat McCord,396,145,251
Travis,137,"Precinct No. 1, County Commissioner",,REP,Pat McCord,952,309,643
Travis,138,"Precinct No. 1, County Commissioner",,REP,Pat McCord,0,0,0
Travis,139,"Precinct No. 1, County Commissioner",,REP,Pat McCord,136,51,85
Travis,140,"Precinct No. 1, County Commissioner",,REP,Pat McCord,79,34,45
Travis,141,"Precinct No. 1, County Commissioner",,REP,Pat McCord,19,4,15
Travis,142,"Precinct No. 1, County Commissioner",,REP,Pat McCord,12,7,5
Travis,145,"Precinct No. 1, County Commissioner",,REP,Pat McCord,201,65,136
Travis,146,"Precinct No. 1, County Commissioner",,REP,Pat McCord,310,119,191
Travis,148,"Precinct No. 1, County Commissioner",,REP,Pat McCord,238,98,140
Travis,149,"Precinct No. 1, County Commissioner",,REP,Pat McCord,28,7,21
Travis,150,"Precinct No. 1, County Commissioner",,REP,Pat McCord,327,127,200
Travis,151,"Precinct No. 1, County Commissioner",,REP,Pat McCord,83,25,58
Travis,152,"Precinct No. 1, County Commissioner",,REP,Pat McCord,54,18,36
Travis,153,"Precinct No. 1, County Commissioner",,REP,Pat McCord,245,73,172
Travis,154,"Precinct No. 1, County Commissioner",,REP,Pat McCord,167,45,122
Travis,156,"Precinct No. 1, County Commissioner",,REP,Pat McCord,189,66,123
Travis,160,"Precinct No. 1, County Commissioner",,REP,Pat McCord,150,72,78
Travis,161,"Precinct No. 1, County Commissioner",,REP,Pat McCord,121,37,84
Travis,163,"Precinct No. 1, County Commissioner",,REP,Pat McCord,44,15,29
Travis,164,"Precinct No. 1, County Commissioner",,REP,Pat McCord,58,19,39
Travis,104,"Precinct No. 2, Constable",,REP,Deke Pierce,86,33,53
Travis,109,"Precinct No. 2, Constable",,REP,Deke Pierce,148,47,101
Travis,110,"Precinct No. 2, Constable",,REP,Deke Pierce,460,183,277
Travis,111,"Precinct No. 2, Constable",,REP,Deke Pierce,255,96,159
Travis,123,"Precinct No. 2, Constable",,REP,Deke Pierce,461,122,339
Travis,136,"Precinct No. 2, Constable",,REP,Deke Pierce,380,137,243
Travis,137,"Precinct No. 2, Constable",,REP,Deke Pierce,942,305,637
Travis,145,"Precinct No. 2, Constable",,REP,Deke Pierce,198,63,135
Travis,146,"Precinct No. 2, Constable",,REP,Deke Pierce,300,114,186
Travis,148,"Precinct No. 2, Constable",,REP,Deke Pierce,246,97,149
Travis,150,"Precinct No. 2, Constable",,REP,Deke Pierce,321,123,198
Travis,160,"Precinct No. 2, Constable",,REP,Deke Pierce,149,70,79
Travis,161,"Precinct No. 2, Constable",,REP,Deke Pierce,124,39,85
Travis,163,"Precinct No. 2, Constable",,REP,Deke Pierce,45,15,30
Travis,203,"Precinct No. 2, Constable",,REP,Deke Pierce,50,12,38
Travis,205,"Precinct No. 2, Constable",,REP,Deke Pierce,136,33,103
Travis,207,"Precinct No. 2, Constable",,REP,Deke Pierce,371,127,244
Travis,209,"Precinct No. 2, Constable",,REP,Deke Pierce,40,12,28
Travis,211,"Precinct No. 2, Constable",,REP,Deke Pierce,114,31,83
Travis,215,"Precinct No. 2, Constable",,REP,Deke Pierce,170,56,114
Travis,216,"Precinct No. 2, Constable",,REP,Deke Pierce,90,33,57
Travis,218,"Precinct No. 2, Constable",,REP,Deke Pierce,246,102,144
Travis,219,"Precinct No. 2, Constable",,REP,Deke Pierce,243,88,155
Travis,222,"Precinct No. 2, Constable",,REP,Deke Pierce,178,58,120
Travis,225,"Precinct No. 2, Constable",,REP,Deke Pierce,266,87,179
Travis,228,"Precinct No. 2, Constable",,REP,Deke Pierce,181,81,100
Travis,229,"Precinct No. 2, Constable",,REP,Deke Pierce,169,46,123
Travis,232,"Precinct No. 2, Constable",,REP,Deke Pierce,940,453,487
Travis,244,"Precinct No. 2, Constable",,REP,Deke Pierce,472,231,241
Travis,245,"Precinct No. 2, Constable",,REP,Deke Pierce,173,49,124
Travis,246,"Precinct No. 2, Constable",,REP,Deke Pierce,202,70,132
Travis,247,"Precinct No. 2, Constable",,REP,Deke Pierce,132,41,91
Travis,249,"Precinct No. 2, Constable",,REP,Deke Pierce,259,93,166
Travis,253,"Precinct No. 2, Constable",,REP,Deke Pierce,396,177,219
Travis,254,"Precinct No. 2, Constable",,REP,Deke Pierce,268,102,166
Travis,258,"Precinct No. 2, Constable",,REP,Deke Pierce,239,80,159
Travis,259,"Precinct No. 2, Constable",,REP,Deke Pierce,272,118,154
Travis,260,"Precinct No. 2, Constable",,REP,Deke Pierce,52,16,36
Travis,262,"Precinct No. 2, Constable",,REP,Deke Pierce,396,194,202
Travis,263,"Precinct No. 2, Constable",,REP,Deke Pierce,215,50,165
Travis,267,"Precinct No. 2, Constable",,REP,Deke Pierce,138,60,78
Travis,268,"Precinct No. 2, Constable",,REP,Deke Pierce,65,15,50
Travis,305,"Precinct No. 2, Constable",,REP,Deke Pierce,2,2,0
Travis,306,"Precinct No. 2, Constable",,REP,Deke Pierce,537,309,228
Travis,312,"Precinct No. 2, Constable",,REP,Deke Pierce,296,143,153
Travis,319,"Precinct No. 2, Constable",,REP,Deke Pierce,393,196,197
Travis,320,"Precinct No. 2, Constable",,REP,Deke Pierce,383,215,168
Travis,321,"Precinct No. 2, Constable",,REP,Deke Pierce,87,43,44
Travis,323,"Precinct No. 2, Constable",,REP,Deke Pierce,95,40,55
Travis,326,"Precinct No. 2, Constable",,REP,Deke Pierce,296,119,177
Travis,327,"Precinct No. 2, Constable",,REP,Deke Pierce,371,150,221
Travis,328,"Precinct No. 2, Constable",,REP,Deke Pierce,316,138,178
Travis,331,"Precinct No. 2, Constable",,REP,Deke Pierce,322,132,190
Travis,333,"Precinct No. 2, Constable",,REP,Deke Pierce,398,96,302
Travis,334,"Precinct No. 2, Constable",,REP,Deke Pierce,469,167,302
Travis,335,"Precinct No. 2, Constable",,REP,Deke Pierce,261,110,151
Travis,336,"Precinct No. 2, Constable",,REP,Deke Pierce,284,102,182
Travis,337,"Precinct No. 2, Constable",,REP,Deke Pierce,470,127,343
Travis,343,"Precinct No. 2, Constable",,REP,Deke Pierce,175,50,125
Travis,345,"Precinct No. 2, Constable",,REP,Deke Pierce,0,0,0
Travis,359,"Precinct No. 2, Constable",,REP,Deke Pierce,668,310,358
Travis,369,"Precinct No. 2, Constable",,REP,Deke Pierce,455,114,341
Travis,370,"Precinct No. 2, Constable",,REP,Deke Pierce,225,15,210
Travis,371,"Precinct No. 2, Constable",,REP,Deke Pierce,416,106,310
Travis,372,"Precinct No. 2, Constable",,REP,Deke Pierce,236,36,200
Travis,373,"Precinct No. 2, Constable",,REP,Deke Pierce,909,310,599
Travis,374,"Precinct No. 2, Constable",,REP,Deke Pierce,810,246,564
Travis,375,"Precinct No. 2, Constable",,REP,Deke Pierce,125,33,92
Travis,301,"Precinct No. 3, County Commissioner",,REP,Gerald Daugherty,92,28,64
Travis,302,"Precinct No. 3, County Commissioner",,REP,Gerald Daugherty,461,225,236
Travis,303,"Precinct No. 3, County Commissioner",,REP,Gerald Daugherty,431,186,245
Travis,304,"Precinct No. 3, County Commissioner",,REP,Gerald Daugherty,515,207,308
Travis,305,"Precinct No. 3, County Commissioner",,REP,Gerald Daugherty,2,2,0
Travis,306,"Precinct No. 3, County Commissioner",,REP,Gerald Daugherty,544,331,213
Travis,307,"Precinct No. 3, County Commissioner",,REP,Gerald Daugherty,166,66,100
Travis,308,"Precinct No. 3, County Commissioner",,REP,Gerald Daugherty,881,389,492
Travis,309,"Precinct No. 3, County Commissioner",,REP,Gerald Daugherty,200,110,90
Travis,310,"Precinct No. 3, County Commissioner",,REP,Gerald Daugherty,430,187,243
Travis,311,"Precinct No. 3, County Commissioner",,REP,Gerald Daugherty,110,43,67
Travis,312,"Precinct No. 3, County Commissioner",,REP,Gerald Daugherty,248,128,120
Travis,313,"Precinct No. 3, County Commissioner",,REP,Gerald Daugherty,0,0,0
Travis,314,"Precinct No. 3, County Commissioner",,REP,Gerald Daugherty,782,417,365
Travis,315,"Precinct No. 3, County Commissioner",,REP,Gerald Daugherty,527,240,287
Travis,316,"Precinct No. 3, County Commissioner",,REP,Gerald Daugherty,361,153,208
Travis,317,"Precinct No. 3, County Commissioner",,REP,Gerald Daugherty,309,126,183
Travis,318,"Precinct No. 3, County Commissioner",,REP,Gerald Daugherty,65,16,49
Travis,319,"Precinct No. 3, County Commissioner",,REP,Gerald Daugherty,368,196,172
Travis,320,"Precinct No. 3, County Commissioner",,REP,Gerald Daugherty,367,209,158
Travis,321,"Precinct No. 3, County Commissioner",,REP,Gerald Daugherty,80,39,41
Travis,323,"Precinct No. 3, County Commissioner",,REP,Gerald Daugherty,69,32,37
Travis,324,"Precinct No. 3, County Commissioner",,REP,Gerald Daugherty,677,351,326
Travis,325,"Precinct No. 3, County Commissioner",,REP,Gerald Daugherty,7,6,1
Travis,326,"Precinct No. 3, County Commissioner",,REP,Gerald Daugherty,238,98,140
Travis,327,"Precinct No. 3, County Commissioner",,REP,Gerald Daugherty,357,154,203
Travis,328,"Precinct No. 3, County Commissioner",,REP,Gerald Daugherty,257,116,141
Travis,329,"Precinct No. 3, County Commissioner",,REP,Gerald Daugherty,169,83,86
Travis,330,"Precinct No. 3, County Commissioner",,REP,Gerald Daugherty,365,173,192
Travis,331,"Precinct No. 3, County Commissioner",,REP,Gerald Daugherty,297,114,183
Travis,332,"Precinct No. 3, County Commissioner",,REP,Gerald Daugherty,83,35,48
Travis,333,"Precinct No. 3, County Commissioner",,REP,Gerald Daugherty,327,76,251
Travis,334,"Precinct No. 3, County Commissioner",,REP,Gerald Daugherty,413,148,265
Travis,335,"Precinct No. 3, County Commissioner",,REP,Gerald Daugherty,255,113,142
Travis,336,"Precinct No. 3, County Commissioner",,REP,Gerald Daugherty,271,94,177
Travis,337,"Precinct No. 3, County Commissioner",,REP,Gerald Daugherty,371,103,268
Travis,338,"Precinct No. 3, County Commissioner",,REP,Gerald Daugherty,529,224,305
Travis,339,"Precinct No. 3, County Commissioner",,REP,Gerald Daugherty,132,74,58
Travis,340,"Precinct No. 3, County Commissioner",,REP,Gerald Daugherty,110,47,63
Travis,341,"Precinct No. 3, County Commissioner",,REP,Gerald Daugherty,7,2,5
Travis,342,"Precinct No. 3, County Commissioner",,REP,Gerald Daugherty,210,95,115
Travis,343,"Precinct No. 3, County Commissioner",,REP,Gerald Daugherty,113,34,79
Travis,344,"Precinct No. 3, County Commissioner",,REP,Gerald Daugherty,99,37,62
Travis,345,"Precinct No. 3, County Commissioner",,REP,Gerald Daugherty,0,0,0
Travis,346,"Precinct No. 3, County Commissioner",,REP,Gerald Daugherty,771,484,287
Travis,347,"Precinct No. 3, County Commissioner",,REP,Gerald Daugherty,291,148,143
Travis,349,"Precinct No. 3, County Commissioner",,REP,Gerald Daugherty,375,190,185
Travis,350,"Precinct No. 3, County Commissioner",,REP,Gerald Daugherty,225,97,128
Travis,351,"Precinct No. 3, County Commissioner",,REP,Gerald Daugherty,89,49,40
Travis,352,"Precinct No. 3, County Commissioner",,REP,Gerald Daugherty,145,68,77
Travis,354,"Precinct No. 3, County Commissioner",,REP,Gerald Daugherty,426,216,210
Travis,356,"Precinct No. 3, County Commissioner",,REP,Gerald Daugherty,66,31,35
Travis,357,"Precinct No. 3, County Commissioner",,REP,Gerald Daugherty,79,33,46
Travis,358,"Precinct No. 3, County Commissioner",,REP,Gerald Daugherty,227,94,133
Travis,359,"Precinct No. 3, County Commissioner",,REP,Gerald Daugherty,512,245,267
Travis,360,"Precinct No. 3, County Commissioner",,REP,Gerald Daugherty,371,182,189
Travis,361,"Precinct No. 3, County Commissioner",,REP,Gerald Daugherty,172,81,91
Travis,362,"Precinct No. 3, County Commissioner",,REP,Gerald Daugherty,257,128,129
Travis,363,"Precinct No. 3, County Commissioner",,REP,Gerald Daugherty,198,97,101
Travis,364,"Precinct No. 3, County Commissioner",,REP,Gerald Daugherty,386,200,186
Travis,365,"Precinct No. 3, County Commissioner",,REP,Gerald Daugherty,222,99,123
Travis,366,"Precinct No. 3, County Commissioner",,REP,Gerald Daugherty,428,189,239
Travis,367,"Precinct No. 3, County Commissioner",,REP,Gerald Daugherty,587,249,338
Travis,368,"Precinct No. 3, County Commissioner",,REP,Gerald Daugherty,49,34,15
Travis,369,"Precinct No. 3, County Commissioner",,REP,Gerald Daugherty,333,88,245
Travis,370,"Precinct No. 3, County Commissioner",,REP,Gerald Daugherty,169,15,154
Travis,371,"Precinct No. 3, County Commissioner",,REP,Gerald Daugherty,365,97,268
Travis,372,"Precinct No. 3, County Commissioner",,REP,Gerald Daugherty,214,35,179
Travis,373,"Precinct No. 3, County Commissioner",,REP,Gerald Daugherty,743,267,476
Travis,374,"Precinct No. 3, County Commissioner",,REP,Gerald Daugherty,602,203,399
Travis,375,"Precinct No. 3, County Commissioner",,REP,Gerald Daugherty,125,39,86
Travis,301,"Precinct No. 3, County Commissioner",,REP,Jason Nassour,42,16,26
Travis,302,"Precinct No. 3, County Commissioner",,REP,Jason Nassour,114,70,44
Travis,303,"Precinct No. 3, County Commissioner",,REP,Jason Nassour,147,45,102
Travis,304,"Precinct No. 3, County Commissioner",,REP,Jason Nassour,203,65,138
Travis,305,"Precinct No. 3, County Commissioner",,REP,Jason Nassour,1,1,0
Travis,306,"Precinct No. 3, County Commissioner",,REP,Jason Nassour,155,70,85
Travis,307,"Precinct No. 3, County Commissioner",,REP,Jason Nassour,55,18,37
Travis,308,"Precinct No. 3, County Commissioner",,REP,Jason Nassour,349,117,232
Travis,309,"Precinct No. 3, County Commissioner",,REP,Jason Nassour,80,37,43
Travis,310,"Precinct No. 3, County Commissioner",,REP,Jason Nassour,156,64,92
Travis,311,"Precinct No. 3, County Commissioner",,REP,Jason Nassour,85,44,41
Travis,312,"Precinct No. 3, County Commissioner",,REP,Jason Nassour,112,45,67
Travis,313,"Precinct No. 3, County Commissioner",,REP,Jason Nassour,5,3,2
Travis,314,"Precinct No. 3, County Commissioner",,REP,Jason Nassour,232,84,148
Travis,315,"Precinct No. 3, County Commissioner",,REP,Jason Nassour,125,54,71
Travis,316,"Precinct No. 3, County Commissioner",,REP,Jason Nassour,175,70,105
Travis,317,"Precinct No. 3, County Commissioner",,REP,Jason Nassour,176,59,117
Travis,318,"Precinct No. 3, County Commissioner",,REP,Jason Nassour,56,16,40
Travis,319,"Precinct No. 3, County Commissioner",,REP,Jason Nassour,125,49,76
Travis,320,"Precinct No. 3, County Commissioner",,REP,Jason Nassour,109,63,46
Travis,321,"Precinct No. 3, County Commissioner",,REP,Jason Nassour,23,13,10
Travis,323,"Precinct No. 3, County Commissioner",,REP,Jason Nassour,34,11,23
Travis,324,"Precinct No. 3, County Commissioner",,REP,Jason Nassour,315,136,179
Travis,325,"Precinct No. 3, County Commissioner",,REP,Jason Nassour,1,0,1
Travis,326,"Precinct No. 3, County Commissioner",,REP,Jason Nassour,95,41,54
Travis,327,"Precinct No. 3, County Commissioner",,REP,Jason Nassour,107,31,76
Travis,328,"Precinct No. 3, County Commissioner",,REP,Jason Nassour,115,44,71
Travis,329,"Precinct No. 3, County Commissioner",,REP,Jason Nassour,93,41,52
Travis,330,"Precinct No. 3, County Commissioner",,REP,Jason Nassour,244,80,164
Travis,331,"Precinct No. 3, County Commissioner",,REP,Jason Nassour,109,43,66
Travis,332,"Precinct No. 3, County Commissioner",,REP,Jason Nassour,37,11,26
Travis,333,"Precinct No. 3, County Commissioner",,REP,Jason Nassour,132,33,99
Travis,334,"Precinct No. 3, County Commissioner",,REP,Jason Nassour,147,52,95
Travis,335,"Precinct No. 3, County Commissioner",,REP,Jason Nassour,78,29,49
Travis,336,"Precinct No. 3, County Commissioner",,REP,Jason Nassour,74,18,56
Travis,337,"Precinct No. 3, County Commissioner",,REP,Jason Nassour,174,56,118
Travis,338,"Precinct No. 3, County Commissioner",,REP,Jason Nassour,274,79,195
Travis,339,"Precinct No. 3, County Commissioner",,REP,Jason Nassour,60,28,32
Travis,340,"Precinct No. 3, County Commissioner",,REP,Jason Nassour,49,15,34
Travis,341,"Precinct No. 3, County Commissioner",,REP,Jason Nassour,3,1,2
Travis,342,"Precinct No. 3, County Commissioner",,REP,Jason Nassour,81,32,49
Travis,343,"Precinct No. 3, County Commissioner",,REP,Jason Nassour,72,20,52
Travis,344,"Precinct No. 3, County Commissioner",,REP,Jason Nassour,49,20,29
Travis,345,"Precinct No. 3, County Commissioner",,REP,Jason Nassour,0,0,0
Travis,346,"Precinct No. 3, County Commissioner",,REP,Jason Nassour,227,113,114
Travis,347,"Precinct No. 3, County Commissioner",,REP,Jason Nassour,137,68,69
Travis,349,"Precinct No. 3, County Commissioner",,REP,Jason Nassour,183,57,126
Travis,350,"Precinct No. 3, County Commissioner",,REP,Jason Nassour,103,45,58
Travis,351,"Precinct No. 3, County Commissioner",,REP,Jason Nassour,45,23,22
Travis,352,"Precinct No. 3, County Commissioner",,REP,Jason Nassour,83,45,38
Travis,354,"Precinct No. 3, County Commissioner",,REP,Jason Nassour,180,87,93
Travis,356,"Precinct No. 3, County Commissioner",,REP,Jason Nassour,46,15,31
Travis,357,"Precinct No. 3, County Commissioner",,REP,Jason Nassour,45,13,32
Travis,358,"Precinct No. 3, County Commissioner",,REP,Jason Nassour,104,39,65
Travis,359,"Precinct No. 3, County Commissioner",,REP,Jason Nassour,240,104,136
Travis,360,"Precinct No. 3, County Commissioner",,REP,Jason Nassour,155,61,94
Travis,361,"Precinct No. 3, County Commissioner",,REP,Jason Nassour,53,15,38
Travis,362,"Precinct No. 3, County Commissioner",,REP,Jason Nassour,82,34,48
Travis,363,"Precinct No. 3, County Commissioner",,REP,Jason Nassour,71,28,43
Travis,364,"Precinct No. 3, County Commissioner",,REP,Jason Nassour,181,77,104
Travis,365,"Precinct No. 3, County Commissioner",,REP,Jason Nassour,71,30,41
Travis,366,"Precinct No. 3, County Commissioner",,REP,Jason Nassour,196,73,123
Travis,367,"Precinct No. 3, County Commissioner",,REP,Jason Nassour,298,130,168
Travis,368,"Precinct No. 3, County Commissioner",,REP,Jason Nassour,17,8,9
Travis,369,"Precinct No. 3, County Commissioner",,REP,Jason Nassour,161,42,119
Travis,370,"Precinct No. 3, County Commissioner",,REP,Jason Nassour,87,5,82
Travis,371,"Precinct No. 3, County Commissioner",,REP,Jason Nassour,130,22,108
Travis,372,"Precinct No. 3, County Commissioner",,REP,Jason Nassour,82,14,68
Travis,373,"Precinct No. 3, County Commissioner",,REP,Jason Nassour,341,123,218
Travis,374,"Precinct No. 3, County Commissioner",,REP,Jason Nassour,301,83,218
Travis,375,"Precinct No. 3, County Commissioner",,REP,Jason Nassour,46,11,35
Travis,101,President,,REP,Ben Carson,15,5,10
Travis,102,President,,REP,Ben Carson,3,0,3
Travis,103,President,,REP,Ben Carson,10,3,7
Travis,104,President,,REP,Ben Carson,8,3,5
Travis,105,President,,REP,Ben Carson,29,15,14
Travis,106,President,,REP,Ben Carson,25,6,19
Travis,107,President,,REP,Ben Carson,6,0,6
Travis,108,President,,REP,Ben Carson,6,1,5
Travis,109,President,,REP,Ben Carson,6,1,5
Travis,110,President,,REP,Ben Carson,26,6,20
Travis,111,President,,REP,Ben Carson,15,2,13
Travis,112,President,,REP,Ben Carson,5,1,4
Travis,113,President,,REP,Ben Carson,21,4,17
Travis,114,President,,REP,Ben Carson,0,0,0
Travis,115,President,,REP,Ben Carson,0,0,0
Travis,116,President,,REP,Ben Carson,0,0,0
Travis,117,President,,REP,Ben Carson,3,3,0
Travis,118,President,,REP,Ben Carson,1,1,0
Travis,119,President,,REP,Ben Carson,0,0,0
Travis,120,President,,REP,Ben Carson,1,0,1
Travis,121,President,,REP,Ben Carson,0,0,0
Travis,122,President,,REP,Ben Carson,2,1,1
Travis,123,President,,REP,Ben Carson,27,5,22
Travis,124,President,,REP,Ben Carson,5,1,4
Travis,125,President,,REP,Ben Carson,0,0,0
Travis,126,President,,REP,Ben Carson,2,2,0
Travis,127,President,,REP,Ben Carson,0,0,0
Travis,128,President,,REP,Ben Carson,0,0,0
Travis,129,President,,REP,Ben Carson,4,2,2
Travis,130,President,,REP,Ben Carson,5,1,4
Travis,131,President,,REP,Ben Carson,0,0,0
Travis,132,President,,REP,Ben Carson,2,1,1
Travis,133,President,,REP,Ben Carson,4,2,2
Travis,134,President,,REP,Ben Carson,0,0,0
Travis,135,President,,REP,Ben Carson,7,0,7
Travis,136,President,,REP,Ben Carson,26,4,22
Travis,137,President,,REP,Ben Carson,65,21,44
Travis,138,President,,REP,Ben Carson,0,0,0
Travis,139,President,,REP,Ben Carson,10,3,7
Travis,140,President,,REP,Ben Carson,6,2,4
Travis,141,President,,REP,Ben Carson,0,0,0
Travis,142,President,,REP,Ben Carson,0,0,0
Travis,145,President,,REP,Ben Carson,15,1,14
Travis,146,President,,REP,Ben Carson,25,11,14
Travis,148,President,,REP,Ben Carson,16,5,11
Travis,149,President,,REP,Ben Carson,1,0,1
Travis,150,President,,REP,Ben Carson,20,6,14
Travis,151,President,,REP,Ben Carson,3,0,3
Travis,152,President,,REP,Ben Carson,2,2,0
Travis,153,President,,REP,Ben Carson,17,1,16
Travis,154,President,,REP,Ben Carson,11,4,7
Travis,156,President,,REP,Ben Carson,14,7,7
Travis,160,President,,REP,Ben Carson,6,1,5
Travis,161,President,,REP,Ben Carson,9,4,5
Travis,163,President,,REP,Ben Carson,3,1,2
Travis,164,President,,REP,Ben Carson,4,1,3
Travis,200,President,,REP,Ben Carson,3,3,0
Travis,202,President,,REP,Ben Carson,2,0,2
Travis,203,President,,REP,Ben Carson,6,3,3
Travis,205,President,,REP,Ben Carson,10,5,5
Travis,206,President,,REP,Ben Carson,1,0,1
Travis,207,President,,REP,Ben Carson,19,4,15
Travis,208,President,,REP,Ben Carson,8,2,6
Travis,209,President,,REP,Ben Carson,3,1,2
Travis,210,President,,REP,Ben Carson,2,1,1
Travis,211,President,,REP,Ben Carson,9,3,6
Travis,212,President,,REP,Ben Carson,15,3,12
Travis,213,President,,REP,Ben Carson,0,0,0
Travis,214,President,,REP,Ben Carson,12,3,9
Travis,215,President,,REP,Ben Carson,14,3,11
Travis,216,President,,REP,Ben Carson,12,5,7
Travis,217,President,,REP,Ben Carson,5,1,4
Travis,218,President,,REP,Ben Carson,13,5,8
Travis,219,President,,REP,Ben Carson,22,6,16
Travis,220,President,,REP,Ben Carson,5,1,4
Travis,221,President,,REP,Ben Carson,3,0,3
Travis,222,President,,REP,Ben Carson,10,1,9
Travis,223,President,,REP,Ben Carson,0,0,0
Travis,224,President,,REP,Ben Carson,0,0,0
Travis,225,President,,REP,Ben Carson,15,6,9
Travis,226,President,,REP,Ben Carson,8,1,7
Travis,227,President,,REP,Ben Carson,0,0,0
Travis,228,President,,REP,Ben Carson,13,4,9
Travis,229,President,,REP,Ben Carson,4,2,2
Travis,231,President,,REP,Ben Carson,12,3,9
Travis,232,President,,REP,Ben Carson,47,16,31
Travis,233,President,,REP,Ben Carson,12,4,8
Travis,234,President,,REP,Ben Carson,13,4,9
Travis,235,President,,REP,Ben Carson,5,0,5
Travis,236,President,,REP,Ben Carson,4,1,3
Travis,237,President,,REP,Ben Carson,17,4,13
Travis,238,President,,REP,Ben Carson,14,2,12
Travis,239,President,,REP,Ben Carson,6,3,3
Travis,240,President,,REP,Ben Carson,3,0,3
Travis,241,President,,REP,Ben Carson,2,0,2
Travis,242,President,,REP,Ben Carson,4,1,3
Travis,243,President,,REP,Ben Carson,10,2,8
Travis,244,President,,REP,Ben Carson,21,4,17
Travis,245,President,,REP,Ben Carson,6,1,5
Travis,246,President,,REP,Ben Carson,8,1,7
Travis,247,President,,REP,Ben Carson,3,0,3
Travis,248,President,,REP,Ben Carson,9,4,5
Travis,249,President,,REP,Ben Carson,17,9,8
Travis,250,President,,REP,Ben Carson,8,3,5
Travis,251,President,,REP,Ben Carson,10,3,7
Travis,252,President,,REP,Ben Carson,18,9,9
Travis,253,President,,REP,Ben Carson,14,4,10
Travis,254,President,,REP,Ben Carson,9,4,5
Travis,256,President,,REP,Ben Carson,3,1,2
Travis,258,President,,REP,Ben Carson,18,3,15
Travis,259,President,,REP,Ben Carson,15,6,9
Travis,260,President,,REP,Ben Carson,7,3,4
Travis,262,President,,REP,Ben Carson,17,2,15
Travis,263,President,,REP,Ben Carson,12,2,10
Travis,266,President,,REP,Ben Carson,0,0,0
Travis,267,President,,REP,Ben Carson,6,5,1
Travis,268,President,,REP,Ben Carson,3,2,1
Travis,273,President,,REP,Ben Carson,8,4,4
Travis,274,President,,REP,Ben Carson,8,2,6
Travis,275,President,,REP,Ben Carson,0,0,0
Travis,277,President,,REP,Ben Carson,9,4,5
Travis,301,President,,REP,Ben Carson,7,2,5
Travis,302,President,,REP,Ben Carson,25,10,15
Travis,303,President,,REP,Ben Carson,20,7,13
Travis,304,President,,REP,Ben Carson,24,9,15
Travis,305,President,,REP,Ben Carson,0,0,0
Travis,306,President,,REP,Ben Carson,35,17,18
Travis,307,President,,REP,Ben Carson,2,0,2
Travis,308,President,,REP,Ben Carson,56,19,37
Travis,309,President,,REP,Ben Carson,6,3,3
Travis,310,President,,REP,Ben Carson,33,11,22
Travis,311,President,,REP,Ben Carson,7,1,6
Travis,312,President,,REP,Ben Carson,16,6,10
Travis,313,President,,REP,Ben Carson,0,0,0
Travis,314,President,,REP,Ben Carson,23,6,17
Travis,315,President,,REP,Ben Carson,33,7,26
Travis,316,President,,REP,Ben Carson,37,11,26
Travis,317,President,,REP,Ben Carson,17,5,12
Travis,318,President,,REP,Ben Carson,6,1,5
Travis,319,President,,REP,Ben Carson,25,9,16
Travis,320,President,,REP,Ben Carson,12,5,7
Travis,321,President,,REP,Ben Carson,5,2,3
Travis,323,President,,REP,Ben Carson,8,3,5
Travis,324,President,,REP,Ben Carson,44,17,27
Travis,325,President,,REP,Ben Carson,1,0,1
Travis,326,President,,REP,Ben Carson,11,1,10
Travis,327,President,,REP,Ben Carson,23,6,17
Travis,328,President,,REP,Ben Carson,19,5,14
Travis,329,President,,REP,Ben Carson,5,1,4
Travis,330,President,,REP,Ben Carson,18,8,10
Travis,331,President,,REP,Ben Carson,11,5,6
Travis,332,President,,REP,Ben Carson,2,1,1
Travis,333,President,,REP,Ben Carson,13,0,13
Travis,334,President,,REP,Ben Carson,28,11,17
Travis,335,President,,REP,Ben Carson,14,9,5
Travis,336,President,,REP,Ben Carson,16,2,14
Travis,337,President,,REP,Ben Carson,17,10,7
Travis,338,President,,REP,Ben Carson,18,6,12
Travis,339,President,,REP,Ben Carson,7,3,4
Travis,340,President,,REP,Ben Carson,4,2,2
Travis,341,President,,REP,Ben Carson,0,0,0
Travis,342,President,,REP,Ben Carson,14,6,8
Travis,343,President,,REP,Ben Carson,13,1,12
Travis,344,President,,REP,Ben Carson,14,3,11
Travis,345,President,,REP,Ben Carson,0,0,0
Travis,346,President,,REP,Ben Carson,26,9,17
Travis,347,President,,REP,Ben Carson,16,7,9
Travis,349,President,,REP,Ben Carson,26,7,19
Travis,350,President,,REP,Ben Carson,14,4,10
Travis,351,President,,REP,Ben Carson,6,3,3
Travis,352,President,,REP,Ben Carson,10,4,6
Travis,354,President,,REP,Ben Carson,25,12,13
Travis,356,President,,REP,Ben Carson,4,2,2
Travis,357,President,,REP,Ben Carson,3,0,3
Travis,358,President,,REP,Ben Carson,16,8,8
Travis,359,President,,REP,Ben Carson,24,6,18
Travis,360,President,,REP,Ben Carson,28,8,20
Travis,361,President,,REP,Ben Carson,14,4,10
Travis,362,President,,REP,Ben Carson,15,9,6
Travis,363,President,,REP,Ben Carson,10,2,8
Travis,364,President,,REP,Ben Carson,12,6,6
Travis,365,President,,REP,Ben Carson,14,5,9
Travis,366,President,,REP,Ben Carson,28,8,20
Travis,367,President,,REP,Ben Carson,37,16,21
Travis,368,President,,REP,Ben Carson,2,0,2
Travis,369,President,,REP,Ben Carson,25,8,17
Travis,370,President,,REP,Ben Carson,16,0,16
Travis,371,President,,REP,Ben Carson,26,7,19
Travis,372,President,,REP,Ben Carson,25,3,22
Travis,373,President,,REP,Ben Carson,49,14,35
Travis,374,President,,REP,Ben Carson,57,9,48
Travis,375,President,,REP,Ben Carson,8,2,6
Travis,401,President,,REP,Ben Carson,6,3,3
Travis,402,President,,REP,Ben Carson,8,1,7
Travis,403,President,,REP,Ben Carson,10,2,8
Travis,404,President,,REP,Ben Carson,10,3,7
Travis,405,President,,REP,Ben Carson,0,0,0
Travis,406,President,,REP,Ben Carson,20,8,12
Travis,407,President,,REP,Ben Carson,4,0,4
Travis,408,President,,REP,Ben Carson,10,6,4
Travis,409,President,,REP,Ben Carson,4,1,3
Travis,410,President,,REP,Ben Carson,6,1,5
Travis,411,President,,REP,Ben Carson,11,1,10
Travis,412,President,,REP,Ben Carson,0,0,0
Travis,413,President,,REP,Ben Carson,1,0,1
Travis,414,President,,REP,Ben Carson,16,6,10
Travis,415,President,,REP,Ben Carson,8,2,6
Travis,416,President,,REP,Ben Carson,0,0,0
Travis,417,President,,REP,Ben Carson,5,1,4
Travis,418,President,,REP,Ben Carson,1,1,0
Travis,419,President,,REP,Ben Carson,3,0,3
Travis,420,President,,REP,Ben Carson,3,1,2
Travis,421,President,,REP,Ben Carson,5,0,5
Travis,422,President,,REP,Ben Carson,2,1,1
Travis,423,President,,REP,Ben Carson,5,0,5
Travis,424,President,,REP,Ben Carson,4,1,3
Travis,425,President,,REP,Ben Carson,1,0,1
Travis,426,President,,REP,Ben Carson,4,0,4
Travis,427,President,,REP,Ben Carson,0,0,0
Travis,428,President,,REP,Ben Carson,0,0,0
Travis,429,President,,REP,Ben Carson,12,2,10
Travis,430,President,,REP,Ben Carson,2,0,2
Travis,431,President,,REP,Ben Carson,9,4,5
Travis,432,President,,REP,Ben Carson,0,0,0
Travis,433,President,,REP,Ben Carson,5,4,1
Travis,434,President,,REP,Ben Carson,0,0,0
Travis,435,President,,REP,Ben Carson,26,10,16
Travis,436,President,,REP,Ben Carson,1,0,1
Travis,437,President,,REP,Ben Carson,3,0,3
Travis,438,President,,REP,Ben Carson,0,0,0
Travis,439,President,,REP,Ben Carson,1,0,1
Travis,440,President,,REP,Ben Carson,4,0,4
Travis,441,President,,REP,Ben Carson,6,1,5
Travis,442,President,,REP,Ben Carson,1,0,1
Travis,443,President,,REP,Ben Carson,11,3,8
Travis,444,President,,REP,Ben Carson,0,0,0
Travis,446,President,,REP,Ben Carson,3,0,3
Travis,447,President,,REP,Ben Carson,14,6,8
Travis,448,President,,REP,Ben Carson,2,1,1
Travis,450,President,,REP,Ben Carson,5,1,4
Travis,451,President,,REP,Ben Carson,9,4,5
Travis,452,President,,REP,Ben Carson,2,1,1
Travis,454,President,,REP,Ben Carson,12,6,6
Travis,458,President,,REP,Ben Carson,16,7,9
Travis,460,President,,REP,Ben Carson,12,8,4
Travis,461,President,,REP,Ben Carson,12,2,10
Travis,463,President,,REP,Ben Carson,12,5,7
Travis,101,President,,REP,Carly Fiorina,0,0,0
Travis,102,President,,REP,Carly Fiorina,1,0,1
Travis,103,President,,REP,Carly Fiorina,1,0,1
Travis,104,President,,REP,Carly Fiorina,1,0,1
Travis,105,President,,REP,Carly Fiorina,0,0,0
Travis,106,President,,REP,Carly Fiorina,0,0,0
Travis,107,President,,REP,Carly Fiorina,0,0,0
Travis,108,President,,REP,Carly Fiorina,0,0,0
Travis,109,President,,REP,Carly Fiorina,1,0,1
Travis,110,President,,REP,Carly Fiorina,0,0,0
Travis,111,President,,REP,Carly Fiorina,0,0,0
Travis,112,President,,REP,Carly Fiorina,2,0,2
Travis,113,President,,REP,Carly Fiorina,0,0,0
Travis,114,President,,REP,Carly Fiorina,0,0,0
Travis,115,President,,REP,Carly Fiorina,0,0,0
Travis,116,President,,REP,Carly Fiorina,0,0,0
Travis,117,President,,REP,Carly Fiorina,2,2,0
Travis,118,President,,REP,Carly Fiorina,0,0,0
Travis,119,President,,REP,Carly Fiorina,0,0,0
Travis,120,President,,REP,Carly Fiorina,0,0,0
Travis,121,President,,REP,Carly Fiorina,0,0,0
Travis,122,President,,REP,Carly Fiorina,0,0,0
Travis,123,President,,REP,Carly Fiorina,0,0,0
Travis,124,President,,REP,Carly Fiorina,1,0,1
Travis,125,President,,REP,Carly Fiorina,0,0,0
Travis,126,President,,REP,Carly Fiorina,0,0,0
Travis,127,President,,REP,Carly Fiorina,0,0,0
Travis,128,President,,REP,Carly Fiorina,0,0,0
Travis,129,President,,REP,Carly Fiorina,0,0,0
Travis,130,President,,REP,Carly Fiorina,0,0,0
Travis,131,President,,REP,Carly Fiorina,0,0,0
Travis,132,President,,REP,Carly Fiorina,0,0,0
Travis,133,President,,REP,Carly Fiorina,0,0,0
Travis,134,President,,REP,Carly Fiorina,0,0,0
Travis,135,President,,REP,Carly Fiorina,1,1,0
Travis,136,President,,REP,Carly Fiorina,0,0,0
Travis,137,President,,REP,Carly Fiorina,1,0,1
Travis,138,President,,REP,Carly Fiorina,0,0,0
Travis,139,President,,REP,Carly Fiorina,0,0,0
Travis,140,President,,REP,Carly Fiorina,0,0,0
Travis,141,President,,REP,Carly Fiorina,0,0,0
Travis,142,President,,REP,Carly Fiorina,0,0,0
Travis,145,President,,REP,Carly Fiorina,0,0,0
Travis,146,President,,REP,Carly Fiorina,2,0,2
Travis,148,President,,REP,Carly Fiorina,2,0,2
Travis,149,President,,REP,Carly Fiorina,1,0,1
Travis,150,President,,REP,Carly Fiorina,1,0,1
Travis,151,President,,REP,Carly Fiorina,0,0,0
Travis,152,President,,REP,Carly Fiorina,0,0,0
Travis,153,President,,REP,Carly Fiorina,0,0,0
Travis,154,President,,REP,Carly Fiorina,0,0,0
Travis,156,President,,REP,Carly Fiorina,1,1,0
Travis,160,President,,REP,Carly Fiorina,1,0,1
Travis,161,President,,REP,Carly Fiorina,0,0,0
Travis,163,President,,REP,Carly Fiorina,0,0,0
Travis,164,President,,REP,Carly Fiorina,0,0,0
Travis,200,President,,REP,Carly Fiorina,0,0,0
Travis,202,President,,REP,Carly Fiorina,0,0,0
Travis,203,President,,REP,Carly Fiorina,0,0,0
Travis,205,President,,REP,Carly Fiorina,0,0,0
Travis,206,President,,REP,Carly Fiorina,0,0,0
Travis,207,President,,REP,Carly Fiorina,2,1,1
Travis,208,President,,REP,Carly Fiorina,0,0,0
Travis,209,President,,REP,Carly Fiorina,1,0,1
Travis,210,President,,REP,Carly Fiorina,0,0,0
Travis,211,President,,REP,Carly Fiorina,0,0,0
Travis,212,President,,REP,Carly Fiorina,2,1,1
Travis,213,President,,REP,Carly Fiorina,0,0,0
Travis,214,President,,REP,Carly Fiorina,1,0,1
Travis,215,President,,REP,Carly Fiorina,1,0,1
Travis,216,President,,REP,Carly Fiorina,2,2,0
Travis,217,President,,REP,Carly Fiorina,0,0,0
Travis,218,President,,REP,Carly Fiorina,0,0,0
Travis,219,President,,REP,Carly Fiorina,0,0,0
Travis,220,President,,REP,Carly Fiorina,0,0,0
Travis,221,President,,REP,Carly Fiorina,0,0,0
Travis,222,President,,REP,Carly Fiorina,0,0,0
Travis,223,President,,REP,Carly Fiorina,0,0,0
Travis,224,President,,REP,Carly Fiorina,0,0,0
Travis,225,President,,REP,Carly Fiorina,0,0,0
Travis,226,President,,REP,Carly Fiorina,0,0,0
Travis,227,President,,REP,Carly Fiorina,0,0,0
Travis,228,President,,REP,Carly Fiorina,1,0,1
Travis,229,President,,REP,Carly Fiorina,0,0,0
Travis,231,President,,REP,Carly Fiorina,2,1,1
Travis,232,President,,REP,Carly Fiorina,2,2,0
Travis,233,President,,REP,Carly Fiorina,1,1,0
Travis,234,President,,REP,Carly Fiorina,0,0,0
Travis,235,President,,REP,Carly Fiorina,0,0,0
Travis,236,President,,REP,Carly Fiorina,1,1,0
Travis,237,President,,REP,Carly Fiorina,0,0,0
Travis,238,President,,REP,Carly Fiorina,0,0,0
Travis,239,President,,REP,Carly Fiorina,0,0,0
Travis,240,President,,REP,Carly Fiorina,0,0,0
Travis,241,President,,REP,Carly Fiorina,0,0,0
Travis,242,President,,REP,Carly Fiorina,0,0,0
Travis,243,President,,REP,Carly Fiorina,0,0,0
Travis,244,President,,REP,Carly Fiorina,4,2,2
Travis,245,President,,REP,Carly Fiorina,0,0,0
Travis,246,President,,REP,Carly Fiorina,1,0,1
Travis,247,President,,REP,Carly Fiorina,1,0,1
Travis,248,President,,REP,Carly Fiorina,0,0,0
Travis,249,President,,REP,Carly Fiorina,2,0,2
Travis,250,President,,REP,Carly Fiorina,3,3,0
Travis,251,President,,REP,Carly Fiorina,0,0,0
Travis,252,President,,REP,Carly Fiorina,0,0,0
Travis,253,President,,REP,Carly Fiorina,1,1,0
Travis,254,President,,REP,Carly Fiorina,2,0,2
Travis,256,President,,REP,Carly Fiorina,0,0,0
Travis,258,President,,REP,Carly Fiorina,1,1,0
Travis,259,President,,REP,Carly Fiorina,1,1,0
Travis,260,President,,REP,Carly Fiorina,0,0,0
Travis,262,President,,REP,Carly Fiorina,2,1,1
Travis,263,President,,REP,Carly Fiorina,0,0,0
Travis,266,President,,REP,Carly Fiorina,0,0,0
Travis,267,President,,REP,Carly Fiorina,1,0,1
Travis,268,President,,REP,Carly Fiorina,0,0,0
Travis,273,President,,REP,Carly Fiorina,2,1,1
Travis,274,President,,REP,Carly Fiorina,0,0,0
Travis,275,President,,REP,Carly Fiorina,0,0,0
Travis,277,President,,REP,Carly Fiorina,0,0,0
Travis,301,President,,REP,Carly Fiorina,2,1,1
Travis,302,President,,REP,Carly Fiorina,3,2,1
Travis,303,President,,REP,Carly Fiorina,0,0,0
Travis,304,President,,REP,Carly Fiorina,2,0,2
Travis,305,President,,REP,Carly Fiorina,0,0,0
Travis,306,President,,REP,Carly Fiorina,1,1,0
Travis,307,President,,REP,Carly Fiorina,1,1,0
Travis,308,President,,REP,Carly Fiorina,0,0,0
Travis,309,President,,REP,Carly Fiorina,0,0,0
Travis,310,President,,REP,Carly Fiorina,2,1,1
Travis,311,President,,REP,Carly Fiorina,1,1,0
Travis,312,President,,REP,Carly Fiorina,0,0,0
Travis,313,President,,REP,Carly Fiorina,0,0,0
Travis,314,President,,REP,Carly Fiorina,0,0,0
Travis,315,President,,REP,Carly Fiorina,3,1,2
Travis,316,President,,REP,Carly Fiorina,0,0,0
Travis,317,President,,REP,Carly Fiorina,0,0,0
Travis,318,President,,REP,Carly Fiorina,0,0,0
Travis,319,President,,REP,Carly Fiorina,1,1,0
Travis,320,President,,REP,Carly Fiorina,0,0,0
Travis,321,President,,REP,Carly Fiorina,0,0,0
Travis,323,President,,REP,Carly Fiorina,0,0,0
Travis,324,President,,REP,Carly Fiorina,2,2,0
Travis,325,President,,REP,Carly Fiorina,0,0,0
Travis,326,President,,REP,Carly Fiorina,2,1,1
Travis,327,President,,REP,Carly Fiorina,0,0,0
Travis,328,President,,REP,Carly Fiorina,5,3,2
Travis,329,President,,REP,Carly Fiorina,0,0,0
Travis,330,President,,REP,Carly Fiorina,0,0,0
Travis,331,President,,REP,Carly Fiorina,1,1,0
Travis,332,President,,REP,Carly Fiorina,1,1,0
Travis,333,President,,REP,Carly Fiorina,0,0,0
Travis,334,President,,REP,Carly Fiorina,1,0,1
Travis,335,President,,REP,Carly Fiorina,0,0,0
Travis,336,President,,REP,Carly Fiorina,0,0,0
Travis,337,President,,REP,Carly Fiorina,0,0,0
Travis,338,President,,REP,Carly Fiorina,2,0,2
Travis,339,President,,REP,Carly Fiorina,1,1,0
Travis,340,President,,REP,Carly Fiorina,0,0,0
Travis,341,President,,REP,Carly Fiorina,0,0,0
Travis,342,President,,REP,Carly Fiorina,1,0,1
Travis,343,President,,REP,Carly Fiorina,0,0,0
Travis,344,President,,REP,Carly Fiorina,2,0,2
Travis,345,President,,REP,Carly Fiorina,0,0,0
Travis,346,President,,REP,Carly Fiorina,2,1,1
Travis,347,President,,REP,Carly Fiorina,2,2,0
Travis,349,President,,REP,Carly Fiorina,1,1,0
Travis,350,President,,REP,Carly Fiorina,0,0,0
Travis,351,President,,REP,Carly Fiorina,0,0,0
Travis,352,President,,REP,Carly Fiorina,0,0,0
Travis,354,President,,REP,Carly Fiorina,4,4,0
Travis,356,President,,REP,Carly Fiorina,0,0,0
Travis,357,President,,REP,Carly Fiorina,0,0,0
Travis,358,President,,REP,Carly Fiorina,0,0,0
Travis,359,President,,REP,Carly Fiorina,0,0,0
Travis,360,President,,REP,Carly Fiorina,1,0,1
Travis,361,President,,REP,Carly Fiorina,0,0,0
Travis,362,President,,REP,Carly Fiorina,0,0,0
Travis,363,President,,REP,Carly Fiorina,0,0,0
Travis,364,President,,REP,Carly Fiorina,1,1,0
Travis,365,President,,REP,Carly Fiorina,0,0,0
Travis,366,President,,REP,Carly Fiorina,4,0,4
Travis,367,President,,REP,Carly Fiorina,1,1,0
Travis,368,President,,REP,Carly Fiorina,0,0,0
Travis,369,President,,REP,Carly Fiorina,0,0,0
Travis,370,President,,REP,Carly Fiorina,0,0,0
Travis,371,President,,REP,Carly Fiorina,1,0,1
Travis,372,President,,REP,Carly Fiorina,1,0,1
Travis,373,President,,REP,Carly Fiorina,0,0,0
Travis,374,President,,REP,Carly Fiorina,3,1,2
Travis,375,President,,REP,Carly Fiorina,1,1,0
Travis,401,President,,REP,Carly Fiorina,1,0,1
Travis,402,President,,REP,Carly Fiorina,0,0,0
Travis,403,President,,REP,Carly Fiorina,0,0,0
Travis,404,President,,REP,Carly Fiorina,0,0,0
Travis,405,President,,REP,Carly Fiorina,0,0,0
Travis,406,President,,REP,Carly Fiorina,2,1,1
Travis,407,President,,REP,Carly Fiorina,0,0,0
Travis,408,President,,REP,Carly Fiorina,1,1,0
Travis,409,President,,REP,Carly Fiorina,1,0,1
Travis,410,President,,REP,Carly Fiorina,0,0,0
Travis,411,President,,REP,Carly Fiorina,0,0,0
Travis,412,President,,REP,Carly Fiorina,0,0,0
Travis,413,President,,REP,Carly Fiorina,0,0,0
Travis,414,President,,REP,Carly Fiorina,1,0,1
Travis,415,President,,REP,Carly Fiorina,1,0,1
Travis,416,President,,REP,Carly Fiorina,0,0,0
Travis,417,President,,REP,Carly Fiorina,0,0,0
Travis,418,President,,REP,Carly Fiorina,0,0,0
Travis,419,President,,REP,Carly Fiorina,0,0,0
Travis,420,President,,REP,Carly Fiorina,0,0,0
Travis,421,President,,REP,Carly Fiorina,0,0,0
Travis,422,President,,REP,Carly Fiorina,0,0,0
Travis,423,President,,REP,Carly Fiorina,0,0,0
Travis,424,President,,REP,Carly Fiorina,0,0,0
Travis,425,President,,REP,Carly Fiorina,0,0,0
Travis,426,President,,REP,Carly Fiorina,0,0,0
Travis,427,President,,REP,Carly Fiorina,0,0,0
Travis,428,President,,REP,Carly Fiorina,2,1,1
Travis,429,President,,REP,Carly Fiorina,0,0,0
Travis,430,President,,REP,Carly Fiorina,0,0,0
Travis,431,President,,REP,Carly Fiorina,0,0,0
Travis,432,President,,REP,Carly Fiorina,0,0,0
Travis,433,President,,REP,Carly Fiorina,1,1,0
Travis,434,President,,REP,Carly Fiorina,0,0,0
Travis,435,President,,REP,Carly Fiorina,1,0,1
Travis,436,President,,REP,Carly Fiorina,0,0,0
Travis,437,President,,REP,Carly Fiorina,1,1,0
Travis,438,President,,REP,Carly Fiorina,0,0,0
Travis,439,President,,REP,Carly Fiorina,0,0,0
Travis,440,President,,REP,Carly Fiorina,0,0,0
Travis,441,President,,REP,Carly Fiorina,0,0,0
Travis,442,President,,REP,Carly Fiorina,0,0,0
Travis,443,President,,REP,Carly Fiorina,0,0,0
Travis,444,President,,REP,Carly Fiorina,0,0,0
Travis,446,President,,REP,Carly Fiorina,0,0,0
Travis,447,President,,REP,Carly Fiorina,0,0,0
Travis,448,President,,REP,Carly Fiorina,0,0,0
Travis,450,President,,REP,Carly Fiorina,1,0,1
Travis,451,President,,REP,Carly Fiorina,1,1,0
Travis,452,President,,REP,Carly Fiorina,0,0,0
Travis,454,President,,REP,Carly Fiorina,2,0,2
Travis,458,President,,REP,Carly Fiorina,0,0,0
Travis,460,President,,REP,Carly Fiorina,0,0,0
Travis,461,President,,REP,Carly Fiorina,1,0,1
Travis,463,President,,REP,Carly Fiorina,0,0,0
Travis,101,President,,REP,Chris Christie,0,0,0
Travis,102,President,,REP,Chris Christie,0,0,0
Travis,103,President,,REP,Chris Christie,0,0,0
Travis,104,President,,REP,Chris Christie,0,0,0
Travis,105,President,,REP,Chris Christie,1,1,0
Travis,106,President,,REP,Chris Christie,1,1,0
Travis,107,President,,REP,Chris Christie,0,0,0
Travis,108,President,,REP,Chris Christie,0,0,0
Travis,109,President,,REP,Chris Christie,0,0,0
Travis,110,President,,REP,Chris Christie,0,0,0
Travis,111,President,,REP,Chris Christie,0,0,0
Travis,112,President,,REP,Chris Christie,0,0,0
Travis,113,President,,REP,Chris Christie,1,0,1
Travis,114,President,,REP,Chris Christie,0,0,0
Travis,115,President,,REP,Chris Christie,0,0,0
Travis,116,President,,REP,Chris Christie,0,0,0
Travis,117,President,,REP,Chris Christie,0,0,0
Travis,118,President,,REP,Chris Christie,0,0,0
Travis,119,President,,REP,Chris Christie,0,0,0
Travis,120,President,,REP,Chris Christie,0,0,0
Travis,121,President,,REP,Chris Christie,0,0,0
Travis,122,President,,REP,Chris Christie,0,0,0
Travis,123,President,,REP,Chris Christie,0,0,0
Travis,124,President,,REP,Chris Christie,0,0,0
Travis,125,President,,REP,Chris Christie,0,0,0
Travis,126,President,,REP,Chris Christie,0,0,0
Travis,127,President,,REP,Chris Christie,0,0,0
Travis,128,President,,REP,Chris Christie,0,0,0
Travis,129,President,,REP,Chris Christie,0,0,0
Travis,130,President,,REP,Chris Christie,0,0,0
Travis,131,President,,REP,Chris Christie,0,0,0
Travis,132,President,,REP,Chris Christie,0,0,0
Travis,133,President,,REP,Chris Christie,0,0,0
Travis,134,President,,REP,Chris Christie,0,0,0
Travis,135,President,,REP,Chris Christie,0,0,0
Travis,136,President,,REP,Chris Christie,1,1,0
Travis,137,President,,REP,Chris Christie,2,0,2
Travis,138,President,,REP,Chris Christie,0,0,0
Travis,139,President,,REP,Chris Christie,0,0,0
Travis,140,President,,REP,Chris Christie,0,0,0
Travis,141,President,,REP,Chris Christie,0,0,0
Travis,142,President,,REP,Chris Christie,0,0,0
Travis,145,President,,REP,Chris Christie,0,0,0
Travis,146,President,,REP,Chris Christie,0,0,0
Travis,148,President,,REP,Chris Christie,0,0,0
Travis,149,President,,REP,Chris Christie,1,1,0
Travis,150,President,,REP,Chris Christie,2,1,1
Travis,151,President,,REP,Chris Christie,0,0,0
Travis,152,President,,REP,Chris Christie,0,0,0
Travis,153,President,,REP,Chris Christie,1,0,1
Travis,154,President,,REP,Chris Christie,0,0,0
Travis,156,President,,REP,Chris Christie,1,1,0
Travis,160,President,,REP,Chris Christie,1,0,1
Travis,161,President,,REP,Chris Christie,0,0,0
Travis,163,President,,REP,Chris Christie,0,0,0
Travis,164,President,,REP,Chris Christie,0,0,0
Travis,200,President,,REP,Chris Christie,1,1,0
Travis,202,President,,REP,Chris Christie,0,0,0
Travis,203,President,,REP,Chris Christie,0,0,0
Travis,205,President,,REP,Chris Christie,0,0,0
Travis,206,President,,REP,Chris Christie,0,0,0
Travis,207,President,,REP,Chris Christie,0,0,0
Travis,208,President,,REP,Chris Christie,0,0,0
Travis,209,President,,REP,Chris Christie,0,0,0
Travis,210,President,,REP,Chris Christie,1,1,0
Travis,211,President,,REP,Chris Christie,0,0,0
Travis,212,President,,REP,Chris Christie,1,0,1
Travis,213,President,,REP,Chris Christie,0,0,0
Travis,214,President,,REP,Chris Christie,0,0,0
Travis,215,President,,REP,Chris Christie,0,0,0
Travis,216,President,,REP,Chris Christie,1,1,0
Travis,217,President,,REP,Chris Christie,0,0,0
Travis,218,President,,REP,Chris Christie,1,1,0
Travis,219,President,,REP,Chris Christie,0,0,0
Travis,220,President,,REP,Chris Christie,0,0,0
Travis,221,President,,REP,Chris Christie,1,0,1
Travis,222,President,,REP,Chris Christie,0,0,0
Travis,223,President,,REP,Chris Christie,0,0,0
Travis,224,President,,REP,Chris Christie,0,0,0
Travis,225,President,,REP,Chris Christie,1,0,1
Travis,226,President,,REP,Chris Christie,0,0,0
Travis,227,President,,REP,Chris Christie,0,0,0
Travis,228,President,,REP,Chris Christie,1,1,0
Travis,229,President,,REP,Chris Christie,1,0,1
Travis,231,President,,REP,Chris Christie,2,0,2
Travis,232,President,,REP,Chris Christie,3,1,2
Travis,233,President,,REP,Chris Christie,0,0,0
Travis,234,President,,REP,Chris Christie,1,0,1
Travis,235,President,,REP,Chris Christie,0,0,0
Travis,236,President,,REP,Chris Christie,0,0,0
Travis,237,President,,REP,Chris Christie,2,2,0
Travis,238,President,,REP,Chris Christie,0,0,0
Travis,239,President,,REP,Chris Christie,0,0,0
Travis,240,President,,REP,Chris Christie,0,0,0
Travis,241,President,,REP,Chris Christie,0,0,0
Travis,242,President,,REP,Chris Christie,0,0,0
Travis,243,President,,REP,Chris Christie,0,0,0
Travis,244,President,,REP,Chris Christie,2,2,0
Travis,245,President,,REP,Chris Christie,0,0,0
Travis,246,President,,REP,Chris Christie,2,1,1
Travis,247,President,,REP,Chris Christie,0,0,0
Travis,248,President,,REP,Chris Christie,0,0,0
Travis,249,President,,REP,Chris Christie,1,0,1
Travis,250,President,,REP,Chris Christie,1,1,0
Travis,251,President,,REP,Chris Christie,0,0,0
Travis,252,President,,REP,Chris Christie,0,0,0
Travis,253,President,,REP,Chris Christie,0,0,0
Travis,254,President,,REP,Chris Christie,0,0,0
Travis,256,President,,REP,Chris Christie,0,0,0
Travis,258,President,,REP,Chris Christie,0,0,0
Travis,259,President,,REP,Chris Christie,0,0,0
Travis,260,President,,REP,Chris Christie,1,1,0
Travis,262,President,,REP,Chris Christie,2,2,0
Travis,263,President,,REP,Chris Christie,2,1,1
Travis,266,President,,REP,Chris Christie,0,0,0
Travis,267,President,,REP,Chris Christie,0,0,0
Travis,268,President,,REP,Chris Christie,0,0,0
Travis,273,President,,REP,Chris Christie,0,0,0
Travis,274,President,,REP,Chris Christie,0,0,0
Travis,275,President,,REP,Chris Christie,0,0,0
Travis,277,President,,REP,Chris Christie,0,0,0
Travis,301,President,,REP,Chris Christie,0,0,0
Travis,302,President,,REP,Chris Christie,0,0,0
Travis,303,President,,REP,Chris Christie,3,1,2
Travis,304,President,,REP,Chris Christie,1,0,1
Travis,305,President,,REP,Chris Christie,0,0,0
Travis,306,President,,REP,Chris Christie,2,0,2
Travis,307,President,,REP,Chris Christie,0,0,0
Travis,308,President,,REP,Chris Christie,1,1,0
Travis,309,President,,REP,Chris Christie,1,1,0
Travis,310,President,,REP,Chris Christie,1,0,1
Travis,311,President,,REP,Chris Christie,0,0,0
Travis,312,President,,REP,Chris Christie,1,1,0
Travis,313,President,,REP,Chris Christie,0,0,0
Travis,314,President,,REP,Chris Christie,2,2,0
Travis,315,President,,REP,Chris Christie,2,0,2
Travis,316,President,,REP,Chris Christie,0,0,0
Travis,317,President,,REP,Chris Christie,0,0,0
Travis,318,President,,REP,Chris Christie,0,0,0
Travis,319,President,,REP,Chris Christie,1,0,1
Travis,320,President,,REP,Chris Christie,1,1,0
Travis,321,President,,REP,Chris Christie,0,0,0
Travis,323,President,,REP,Chris Christie,1,1,0
Travis,324,President,,REP,Chris Christie,0,0,0
Travis,325,President,,REP,Chris Christie,0,0,0
Travis,326,President,,REP,Chris Christie,1,1,0
Travis,327,President,,REP,Chris Christie,0,0,0
Travis,328,President,,REP,Chris Christie,0,0,0
Travis,329,President,,REP,Chris Christie,1,0,1
Travis,330,President,,REP,Chris Christie,1,1,0
Travis,331,President,,REP,Chris Christie,2,1,1
Travis,332,President,,REP,Chris Christie,0,0,0
Travis,333,President,,REP,Chris Christie,1,0,1
Travis,334,President,,REP,Chris Christie,0,0,0
Travis,335,President,,REP,Chris Christie,1,1,0
Travis,336,President,,REP,Chris Christie,0,0,0
Travis,337,President,,REP,Chris Christie,1,0,1
Travis,338,President,,REP,Chris Christie,1,1,0
Travis,339,President,,REP,Chris Christie,0,0,0
Travis,340,President,,REP,Chris Christie,1,1,0
Travis,341,President,,REP,Chris Christie,0,0,0
Travis,342,President,,REP,Chris Christie,0,0,0
Travis,343,President,,REP,Chris Christie,0,0,0
Travis,344,President,,REP,Chris Christie,0,0,0
Travis,345,President,,REP,Chris Christie,0,0,0
Travis,346,President,,REP,Chris Christie,0,0,0
Travis,347,President,,REP,Chris Christie,0,0,0
Travis,349,President,,REP,Chris Christie,2,0,2
Travis,350,President,,REP,Chris Christie,0,0,0
Travis,351,President,,REP,Chris Christie,0,0,0
Travis,352,President,,REP,Chris Christie,0,0,0
Travis,354,President,,REP,Chris Christie,0,0,0
Travis,356,President,,REP,Chris Christie,0,0,0
Travis,357,President,,REP,Chris Christie,0,0,0
Travis,358,President,,REP,Chris Christie,0,0,0
Travis,359,President,,REP,Chris Christie,1,1,0
Travis,360,President,,REP,Chris Christie,0,0,0
Travis,361,President,,REP,Chris Christie,0,0,0
Travis,362,President,,REP,Chris Christie,0,0,0
Travis,363,President,,REP,Chris Christie,2,2,0
Travis,364,President,,REP,Chris Christie,0,0,0
Travis,365,President,,REP,Chris Christie,1,1,0
Travis,366,President,,REP,Chris Christie,2,0,2
Travis,367,President,,REP,Chris Christie,0,0,0
Travis,368,President,,REP,Chris Christie,0,0,0
Travis,369,President,,REP,Chris Christie,0,0,0
Travis,370,President,,REP,Chris Christie,0,0,0
Travis,371,President,,REP,Chris Christie,0,0,0
Travis,372,President,,REP,Chris Christie,1,0,1
Travis,373,President,,REP,Chris Christie,1,1,0
Travis,374,President,,REP,Chris Christie,1,0,1
Travis,375,President,,REP,Chris Christie,0,0,0
Travis,401,President,,REP,Chris Christie,0,0,0
Travis,402,President,,REP,Chris Christie,0,0,0
Travis,403,President,,REP,Chris Christie,0,0,0
Travis,404,President,,REP,Chris Christie,0,0,0
Travis,405,President,,REP,Chris Christie,0,0,0
Travis,406,President,,REP,Chris Christie,2,2,0
Travis,407,President,,REP,Chris Christie,0,0,0
Travis,408,President,,REP,Chris Christie,0,0,0
Travis,409,President,,REP,Chris Christie,0,0,0
Travis,410,President,,REP,Chris Christie,1,0,1
Travis,411,President,,REP,Chris Christie,0,0,0
Travis,412,President,,REP,Chris Christie,0,0,0
Travis,413,President,,REP,Chris Christie,0,0,0
Travis,414,President,,REP,Chris Christie,1,0,1
Travis,415,President,,REP,Chris Christie,0,0,0
Travis,416,President,,REP,Chris Christie,0,0,0
Travis,417,President,,REP,Chris Christie,0,0,0
Travis,418,President,,REP,Chris Christie,0,0,0
Travis,419,President,,REP,Chris Christie,0,0,0
Travis,420,President,,REP,Chris Christie,1,0,1
Travis,421,President,,REP,Chris Christie,1,0,1
Travis,422,President,,REP,Chris Christie,0,0,0
Travis,423,President,,REP,Chris Christie,0,0,0
Travis,424,President,,REP,Chris Christie,0,0,0
Travis,425,President,,REP,Chris Christie,0,0,0
Travis,426,President,,REP,Chris Christie,0,0,0
Travis,427,President,,REP,Chris Christie,0,0,0
Travis,428,President,,REP,Chris Christie,0,0,0
Travis,429,President,,REP,Chris Christie,2,0,2
Travis,430,President,,REP,Chris Christie,0,0,0
Travis,431,President,,REP,Chris Christie,0,0,0
Travis,432,President,,REP,Chris Christie,0,0,0
Travis,433,President,,REP,Chris Christie,1,0,1
Travis,434,President,,REP,Chris Christie,0,0,0
Travis,435,President,,REP,Chris Christie,2,2,0
Travis,436,President,,REP,Chris Christie,0,0,0
Travis,437,President,,REP,Chris Christie,0,0,0
Travis,438,President,,REP,Chris Christie,0,0,0
Travis,439,President,,REP,Chris Christie,0,0,0
Travis,440,President,,REP,Chris Christie,0,0,0
Travis,441,President,,REP,Chris Christie,1,1,0
Travis,442,President,,REP,Chris Christie,0,0,0
Travis,443,President,,REP,Chris Christie,0,0,0
Travis,444,President,,REP,Chris Christie,0,0,0
Travis,446,President,,REP,Chris Christie,0,0,0
Travis,447,President,,REP,Chris Christie,0,0,0
Travis,448,President,,REP,Chris Christie,0,0,0
Travis,450,President,,REP,Chris Christie,1,1,0
Travis,451,President,,REP,Chris Christie,0,0,0
Travis,452,President,,REP,Chris Christie,0,0,0
Travis,454,President,,REP,Chris Christie,0,0,0
Travis,458,President,,REP,Chris Christie,0,0,0
Travis,460,President,,REP,Chris Christie,0,0,0
Travis,461,President,,REP,Chris Christie,1,0,1
Travis,463,President,,REP,Chris Christie,0,0,0
Travis,101,President,,REP,Donald J. Trump,75,24,51
Travis,102,President,,REP,Donald J. Trump,24,8,16
Travis,103,President,,REP,Donald J. Trump,68,23,45
Travis,104,President,,REP,Donald J. Trump,42,20,22
Travis,105,President,,REP,Donald J. Trump,172,70,102
Travis,106,President,,REP,Donald J. Trump,173,56,117
Travis,107,President,,REP,Donald J. Trump,43,5,38
Travis,108,President,,REP,Donald J. Trump,36,6,30
Travis,109,President,,REP,Donald J. Trump,64,21,43
Travis,110,President,,REP,Donald J. Trump,187,75,112
Travis,111,President,,REP,Donald J. Trump,104,39,65
Travis,112,President,,REP,Donald J. Trump,17,5,12
Travis,113,President,,REP,Donald J. Trump,131,51,80
Travis,114,President,,REP,Donald J. Trump,9,2,7
Travis,115,President,,REP,Donald J. Trump,0,0,0
Travis,116,President,,REP,Donald J. Trump,1,0,1
Travis,117,President,,REP,Donald J. Trump,28,9,19
Travis,118,President,,REP,Donald J. Trump,9,3,6
Travis,119,President,,REP,Donald J. Trump,0,0,0
Travis,120,President,,REP,Donald J. Trump,6,4,2
Travis,121,President,,REP,Donald J. Trump,7,2,5
Travis,122,President,,REP,Donald J. Trump,14,6,8
Travis,123,President,,REP,Donald J. Trump,175,52,123
Travis,124,President,,REP,Donald J. Trump,35,11,24
Travis,125,President,,REP,Donald J. Trump,0,0,0
Travis,126,President,,REP,Donald J. Trump,18,7,11
Travis,127,President,,REP,Donald J. Trump,0,0,0
Travis,128,President,,REP,Donald J. Trump,0,0,0
Travis,129,President,,REP,Donald J. Trump,14,4,10
Travis,130,President,,REP,Donald J. Trump,21,6,15
Travis,131,President,,REP,Donald J. Trump,0,0,0
Travis,132,President,,REP,Donald J. Trump,27,8,19
Travis,133,President,,REP,Donald J. Trump,32,13,19
Travis,134,President,,REP,Donald J. Trump,0,0,0
Travis,135,President,,REP,Donald J. Trump,68,26,42
Travis,136,President,,REP,Donald J. Trump,123,44,79
Travis,137,President,,REP,Donald J. Trump,358,111,247
Travis,138,President,,REP,Donald J. Trump,0,0,0
Travis,139,President,,REP,Donald J. Trump,71,23,48
Travis,140,President,,REP,Donald J. Trump,39,18,21
Travis,141,President,,REP,Donald J. Trump,12,2,10
Travis,142,President,,REP,Donald J. Trump,7,4,3
Travis,145,President,,REP,Donald J. Trump,58,22,36
Travis,146,President,,REP,Donald J. Trump,117,41,76
Travis,148,President,,REP,Donald J. Trump,96,50,46
Travis,149,President,,REP,Donald J. Trump,20,4,16
Travis,150,President,,REP,Donald J. Trump,123,51,72
Travis,151,President,,REP,Donald J. Trump,37,15,22
Travis,152,President,,REP,Donald J. Trump,28,14,14
Travis,153,President,,REP,Donald J. Trump,102,32,70
Travis,154,President,,REP,Donald J. Trump,73,16,57
Travis,156,President,,REP,Donald J. Trump,72,28,44
Travis,160,President,,REP,Donald J. Trump,56,30,26
Travis,161,President,,REP,Donald J. Trump,58,19,39
Travis,163,President,,REP,Donald J. Trump,19,5,14
Travis,164,President,,REP,Donald J. Trump,44,13,31
Travis,200,President,,REP,Donald J. Trump,40,13,27
Travis,202,President,,REP,Donald J. Trump,39,18,21
Travis,203,President,,REP,Donald J. Trump,20,3,17
Travis,205,President,,REP,Donald J. Trump,53,13,40
Travis,206,President,,REP,Donald J. Trump,9,5,4
Travis,207,President,,REP,Donald J. Trump,162,66,96
Travis,208,President,,REP,Donald J. Trump,45,29,16
Travis,209,President,,REP,Donald J. Trump,21,7,14
Travis,210,President,,REP,Donald J. Trump,73,34,39
Travis,211,President,,REP,Donald J. Trump,50,17,33
Travis,212,President,,REP,Donald J. Trump,218,95,123
Travis,213,President,,REP,Donald J. Trump,0,0,0
Travis,214,President,,REP,Donald J. Trump,103,35,68
Travis,215,President,,REP,Donald J. Trump,56,19,37
Travis,216,President,,REP,Donald J. Trump,41,17,24
Travis,217,President,,REP,Donald J. Trump,58,20,38
Travis,218,President,,REP,Donald J. Trump,103,43,60
Travis,219,President,,REP,Donald J. Trump,109,58,51
Travis,220,President,,REP,Donald J. Trump,112,48,64
Travis,221,President,,REP,Donald J. Trump,51,17,34
Travis,222,President,,REP,Donald J. Trump,76,32,44
Travis,223,President,,REP,Donald J. Trump,17,8,9
Travis,224,President,,REP,Donald J. Trump,5,0,5
Travis,225,President,,REP,Donald J. Trump,87,27,60
Travis,226,President,,REP,Donald J. Trump,48,14,34
Travis,227,President,,REP,Donald J. Trump,20,3,17
Travis,228,President,,REP,Donald J. Trump,58,30,28
Travis,229,President,,REP,Donald J. Trump,59,12,47
Travis,231,President,,REP,Donald J. Trump,137,57,80
Travis,232,President,,REP,Donald J. Trump,491,256,235
Travis,233,President,,REP,Donald J. Trump,214,86,128
Travis,234,President,,REP,Donald J. Trump,167,58,109
Travis,235,President,,REP,Donald J. Trump,38,16,22
Travis,236,President,,REP,Donald J. Trump,63,17,46
Travis,237,President,,REP,Donald J. Trump,78,28,50
Travis,238,President,,REP,Donald J. Trump,101,34,67
Travis,239,President,,REP,Donald J. Trump,57,18,39
Travis,240,President,,REP,Donald J. Trump,57,19,38
Travis,241,President,,REP,Donald J. Trump,33,7,26
Travis,242,President,,REP,Donald J. Trump,91,38,53
Travis,243,President,,REP,Donald J. Trump,52,31,21
Travis,244,President,,REP,Donald J. Trump,241,144,97
Travis,245,President,,REP,Donald J. Trump,79,23,56
Travis,246,President,,REP,Donald J. Trump,71,27,44
Travis,247,President,,REP,Donald J. Trump,48,14,34
Travis,248,President,,REP,Donald J. Trump,64,18,46
Travis,249,President,,REP,Donald J. Trump,95,37,58
Travis,250,President,,REP,Donald J. Trump,93,42,51
Travis,251,President,,REP,Donald J. Trump,76,29,47
Travis,252,President,,REP,Donald J. Trump,72,20,52
Travis,253,President,,REP,Donald J. Trump,167,92,75
Travis,254,President,,REP,Donald J. Trump,107,43,64
Travis,256,President,,REP,Donald J. Trump,91,48,43
Travis,258,President,,REP,Donald J. Trump,90,34,56
Travis,259,President,,REP,Donald J. Trump,93,43,50
Travis,260,President,,REP,Donald J. Trump,20,4,16
Travis,262,President,,REP,Donald J. Trump,162,73,89
Travis,263,President,,REP,Donald J. Trump,86,26,60
Travis,266,President,,REP,Donald J. Trump,32,15,17
Travis,267,President,,REP,Donald J. Trump,40,18,22
Travis,268,President,,REP,Donald J. Trump,24,8,16
Travis,273,President,,REP,Donald J. Trump,79,34,45
Travis,274,President,,REP,Donald J. Trump,20,7,13
Travis,275,President,,REP,Donald J. Trump,23,8,15
Travis,277,President,,REP,Donald J. Trump,82,44,38
Travis,301,President,,REP,Donald J. Trump,35,10,25
Travis,302,President,,REP,Donald J. Trump,153,90,63
Travis,303,President,,REP,Donald J. Trump,194,74,120
Travis,304,President,,REP,Donald J. Trump,206,91,115
Travis,305,President,,REP,Donald J. Trump,0,0,0
Travis,306,President,,REP,Donald J. Trump,281,142,139
Travis,307,President,,REP,Donald J. Trump,61,23,38
Travis,308,President,,REP,Donald J. Trump,496,176,320
Travis,309,President,,REP,Donald J. Trump,94,58,36
Travis,310,President,,REP,Donald J. Trump,200,77,123
Travis,311,President,,REP,Donald J. Trump,70,37,33
Travis,312,President,,REP,Donald J. Trump,183,101,82
Travis,313,President,,REP,Donald J. Trump,1,1,0
Travis,314,President,,REP,Donald J. Trump,285,127,158
Travis,315,President,,REP,Donald J. Trump,193,96,97
Travis,316,President,,REP,Donald J. Trump,217,99,118
Travis,317,President,,REP,Donald J. Trump,131,57,74
Travis,318,President,,REP,Donald J. Trump,40,10,30
Travis,319,President,,REP,Donald J. Trump,196,88,108
Travis,320,President,,REP,Donald J. Trump,205,119,86
Travis,321,President,,REP,Donald J. Trump,40,24,16
Travis,323,President,,REP,Donald J. Trump,40,17,23
Travis,324,President,,REP,Donald J. Trump,386,199,187
Travis,325,President,,REP,Donald J. Trump,2,0,2
Travis,326,President,,REP,Donald J. Trump,122,52,70
Travis,327,President,,REP,Donald J. Trump,171,69,102
Travis,328,President,,REP,Donald J. Trump,159,67,92
Travis,329,President,,REP,Donald J. Trump,119,57,62
Travis,330,President,,REP,Donald J. Trump,176,69,107
Travis,331,President,,REP,Donald J. Trump,144,46,98
Travis,332,President,,REP,Donald J. Trump,67,25,42
Travis,333,President,,REP,Donald J. Trump,118,24,94
Travis,334,President,,REP,Donald J. Trump,188,84,104
Travis,335,President,,REP,Donald J. Trump,125,68,57
Travis,336,President,,REP,Donald J. Trump,119,38,81
Travis,337,President,,REP,Donald J. Trump,216,69,147
Travis,338,President,,REP,Donald J. Trump,285,96,189
Travis,339,President,,REP,Donald J. Trump,65,39,26
Travis,340,President,,REP,Donald J. Trump,59,16,43
Travis,341,President,,REP,Donald J. Trump,4,2,2
Travis,342,President,,REP,Donald J. Trump,84,32,52
Travis,343,President,,REP,Donald J. Trump,97,31,66
Travis,344,President,,REP,Donald J. Trump,49,14,35
Travis,345,President,,REP,Donald J. Trump,0,0,0
Travis,346,President,,REP,Donald J. Trump,414,223,191
Travis,347,President,,REP,Donald J. Trump,149,71,78
Travis,349,President,,REP,Donald J. Trump,193,92,101
Travis,350,President,,REP,Donald J. Trump,107,50,57
Travis,351,President,,REP,Donald J. Trump,35,17,18
Travis,352,President,,REP,Donald J. Trump,87,47,40
Travis,354,President,,REP,Donald J. Trump,189,92,97
Travis,356,President,,REP,Donald J. Trump,40,15,25
Travis,357,President,,REP,Donald J. Trump,34,15,19
Travis,358,President,,REP,Donald J. Trump,122,55,67
Travis,359,President,,REP,Donald J. Trump,386,173,213
Travis,360,President,,REP,Donald J. Trump,159,71,88
Travis,361,President,,REP,Donald J. Trump,69,35,34
Travis,362,President,,REP,Donald J. Trump,95,33,62
Travis,363,President,,REP,Donald J. Trump,73,40,33
Travis,364,President,,REP,Donald J. Trump,191,85,106
Travis,365,President,,REP,Donald J. Trump,103,41,62
Travis,366,President,,REP,Donald J. Trump,170,70,100
Travis,367,President,,REP,Donald J. Trump,269,125,144
Travis,368,President,,REP,Donald J. Trump,32,24,8
Travis,369,President,,REP,Donald J. Trump,205,54,151
Travis,370,President,,REP,Donald J. Trump,130,11,119
Travis,371,President,,REP,Donald J. Trump,225,53,172
Travis,372,President,,REP,Donald J. Trump,136,27,109
Travis,373,President,,REP,Donald J. Trump,484,167,317
Travis,374,President,,REP,Donald J. Trump,322,116,206
Travis,375,President,,REP,Donald J. Trump,84,23,61
Travis,401,President,,REP,Donald J. Trump,77,25,52
Travis,402,President,,REP,Donald J. Trump,73,20,53
Travis,403,President,,REP,Donald J. Trump,63,17,46
Travis,404,President,,REP,Donald J. Trump,46,11,35
Travis,405,President,,REP,Donald J. Trump,14,1,13
Travis,406,President,,REP,Donald J. Trump,264,156,108
Travis,407,President,,REP,Donald J. Trump,47,22,25
Travis,408,President,,REP,Donald J. Trump,83,38,45
Travis,409,President,,REP,Donald J. Trump,26,12,14
Travis,410,President,,REP,Donald J. Trump,54,24,30
Travis,411,President,,REP,Donald J. Trump,32,13,19
Travis,412,President,,REP,Donald J. Trump,1,1,0
Travis,413,President,,REP,Donald J. Trump,15,2,13
Travis,414,President,,REP,Donald J. Trump,94,32,62
Travis,415,President,,REP,Donald J. Trump,41,10,31
Travis,416,President,,REP,Donald J. Trump,6,3,3
Travis,417,President,,REP,Donald J. Trump,45,22,23
Travis,418,President,,REP,Donald J. Trump,1,1,0
Travis,419,President,,REP,Donald J. Trump,27,7,20
Travis,420,President,,REP,Donald J. Trump,40,20,20
Travis,421,President,,REP,Donald J. Trump,51,21,30
Travis,422,President,,REP,Donald J. Trump,38,18,20
Travis,423,President,,REP,Donald J. Trump,31,15,16
Travis,424,President,,REP,Donald J. Trump,42,14,28
Travis,425,President,,REP,Donald J. Trump,14,3,11
Travis,426,President,,REP,Donald J. Trump,38,12,26
Travis,427,President,,REP,Donald J. Trump,22,6,16
Travis,428,President,,REP,Donald J. Trump,44,22,22
Travis,429,President,,REP,Donald J. Trump,61,24,37
Travis,430,President,,REP,Donald J. Trump,13,5,8
Travis,431,President,,REP,Donald J. Trump,69,27,42
Travis,432,President,,REP,Donald J. Trump,0,0,0
Travis,433,President,,REP,Donald J. Trump,19,9,10
Travis,434,President,,REP,Donald J. Trump,0,0,0
Travis,435,President,,REP,Donald J. Trump,200,95,105
Travis,436,President,,REP,Donald J. Trump,1,0,1
Travis,437,President,,REP,Donald J. Trump,28,7,21
Travis,438,President,,REP,Donald J. Trump,20,7,13
Travis,439,President,,REP,Donald J. Trump,20,5,15
Travis,440,President,,REP,Donald J. Trump,15,1,14
Travis,441,President,,REP,Donald J. Trump,87,43,44
Travis,442,President,,REP,Donald J. Trump,18,9,9
Travis,443,President,,REP,Donald J. Trump,43,26,17
Travis,444,President,,REP,Donald J. Trump,0,0,0
Travis,446,President,,REP,Donald J. Trump,16,4,12
Travis,447,President,,REP,Donald J. Trump,79,34,45
Travis,448,President,,REP,Donald J. Trump,40,17,23
Travis,450,President,,REP,Donald J. Trump,59,23,36
Travis,451,President,,REP,Donald J. Trump,55,18,37
Travis,452,President,,REP,Donald J. Trump,21,5,16
Travis,454,President,,REP,Donald J. Trump,47,30,17
Travis,458,President,,REP,Donald J. Trump,108,50,58
Travis,460,President,,REP,Donald J. Trump,58,34,24
Travis,461,President,,REP,Donald J. Trump,72,32,40
Travis,463,President,,REP,Donald J. Trump,71,22,49
Travis,101,President,,REP,Elizabeth Gray,0,0,0
Travis,102,President,,REP,Elizabeth Gray,0,0,0
Travis,103,President,,REP,Elizabeth Gray,0,0,0
Travis,104,President,,REP,Elizabeth Gray,0,0,0
Travis,105,President,,REP,Elizabeth Gray,0,0,0
Travis,106,President,,REP,Elizabeth Gray,0,0,0
Travis,107,President,,REP,Elizabeth Gray,0,0,0
Travis,108,President,,REP,Elizabeth Gray,0,0,0
Travis,109,President,,REP,Elizabeth Gray,0,0,0
Travis,110,President,,REP,Elizabeth Gray,0,0,0
Travis,111,President,,REP,Elizabeth Gray,0,0,0
Travis,112,President,,REP,Elizabeth Gray,0,0,0
Travis,113,President,,REP,Elizabeth Gray,0,0,0
Travis,114,President,,REP,Elizabeth Gray,0,0,0
Travis,115,President,,REP,Elizabeth Gray,0,0,0
Travis,116,President,,REP,Elizabeth Gray,0,0,0
Travis,117,President,,REP,Elizabeth Gray,0,0,0
Travis,118,President,,REP,Elizabeth Gray,0,0,0
Travis,119,President,,REP,Elizabeth Gray,0,0,0
Travis,120,President,,REP,Elizabeth Gray,0,0,0
Travis,121,President,,REP,Elizabeth Gray,0,0,0
Travis,122,President,,REP,Elizabeth Gray,0,0,0
Travis,123,President,,REP,Elizabeth Gray,0,0,0
Travis,124,President,,REP,Elizabeth Gray,1,1,0
Travis,125,President,,REP,Elizabeth Gray,0,0,0
Travis,126,President,,REP,Elizabeth Gray,0,0,0
Travis,127,President,,REP,Elizabeth Gray,0,0,0
Travis,128,President,,REP,Elizabeth Gray,0,0,0
Travis,129,President,,REP,Elizabeth Gray,0,0,0
Travis,130,President,,REP,Elizabeth Gray,0,0,0
Travis,131,President,,REP,Elizabeth Gray,0,0,0
Travis,132,President,,REP,Elizabeth Gray,1,0,1
Travis,133,President,,REP,Elizabeth Gray,0,0,0
Travis,134,President,,REP,Elizabeth Gray,0,0,0
Travis,135,President,,REP,Elizabeth Gray,0,0,0
Travis,136,President,,REP,Elizabeth Gray,0,0,0
Travis,137,President,,REP,Elizabeth Gray,1,0,1
Travis,138,President,,REP,Elizabeth Gray,0,0,0
Travis,139,President,,REP,Elizabeth Gray,0,0,0
Travis,140,President,,REP,Elizabeth Gray,0,0,0
Travis,141,President,,REP,Elizabeth Gray,0,0,0
Travis,142,President,,REP,Elizabeth Gray,0,0,0
Travis,145,President,,REP,Elizabeth Gray,0,0,0
Travis,146,President,,REP,Elizabeth Gray,0,0,0
Travis,148,President,,REP,Elizabeth Gray,1,1,0
Travis,149,President,,REP,Elizabeth Gray,0,0,0
Travis,150,President,,REP,Elizabeth Gray,0,0,0
Travis,151,President,,REP,Elizabeth Gray,1,0,1
Travis,152,President,,REP,Elizabeth Gray,0,0,0
Travis,153,President,,REP,Elizabeth Gray,1,0,1
Travis,154,President,,REP,Elizabeth Gray,0,0,0
Travis,156,President,,REP,Elizabeth Gray,0,0,0
Travis,160,President,,REP,Elizabeth Gray,0,0,0
Travis,161,President,,REP,Elizabeth Gray,0,0,0
Travis,163,President,,REP,Elizabeth Gray,0,0,0
Travis,164,President,,REP,Elizabeth Gray,0,0,0
Travis,200,President,,REP,Elizabeth Gray,0,0,0
Travis,202,President,,REP,Elizabeth Gray,0,0,0
Travis,203,President,,REP,Elizabeth Gray,0,0,0
Travis,205,President,,REP,Elizabeth Gray,0,0,0
Travis,206,President,,REP,Elizabeth Gray,0,0,0
Travis,207,President,,REP,Elizabeth Gray,0,0,0
Travis,208,President,,REP,Elizabeth Gray,0,0,0
Travis,209,President,,REP,Elizabeth Gray,0,0,0
Travis,210,President,,REP,Elizabeth Gray,0,0,0
Travis,211,President,,REP,Elizabeth Gray,0,0,0
Travis,212,President,,REP,Elizabeth Gray,0,0,0
Travis,213,President,,REP,Elizabeth Gray,0,0,0
Travis,214,President,,REP,Elizabeth Gray,0,0,0
Travis,215,President,,REP,Elizabeth Gray,0,0,0
Travis,216,President,,REP,Elizabeth Gray,0,0,0
Travis,217,President,,REP,Elizabeth Gray,0,0,0
Travis,218,President,,REP,Elizabeth Gray,0,0,0
Travis,219,President,,REP,Elizabeth Gray,0,0,0
Travis,220,President,,REP,Elizabeth Gray,0,0,0
Travis,221,President,,REP,Elizabeth Gray,0,0,0
Travis,222,President,,REP,Elizabeth Gray,0,0,0
Travis,223,President,,REP,Elizabeth Gray,0,0,0
Travis,224,President,,REP,Elizabeth Gray,0,0,0
Travis,225,President,,REP,Elizabeth Gray,0,0,0
Travis,226,President,,REP,Elizabeth Gray,0,0,0
Travis,227,President,,REP,Elizabeth Gray,0,0,0
Travis,228,President,,REP,Elizabeth Gray,0,0,0
Travis,229,President,,REP,Elizabeth Gray,1,0,1
Travis,231,President,,REP,Elizabeth Gray,1,0,1
Travis,232,President,,REP,Elizabeth Gray,1,0,1
Travis,233,President,,REP,Elizabeth Gray,0,0,0
Travis,234,President,,REP,Elizabeth Gray,0,0,0
Travis,235,President,,REP,Elizabeth Gray,0,0,0
Travis,236,President,,REP,Elizabeth Gray,0,0,0
Travis,237,President,,REP,Elizabeth Gray,0,0,0
Travis,238,President,,REP,Elizabeth Gray,0,0,0
Travis,239,President,,REP,Elizabeth Gray,0,0,0
Travis,240,President,,REP,Elizabeth Gray,0,0,0
Travis,241,President,,REP,Elizabeth Gray,0,0,0
Travis,242,President,,REP,Elizabeth Gray,1,0,1
Travis,243,President,,REP,Elizabeth Gray,0,0,0
Travis,244,President,,REP,Elizabeth Gray,0,0,0
Travis,245,President,,REP,Elizabeth Gray,0,0,0
Travis,246,President,,REP,Elizabeth Gray,0,0,0
Travis,247,President,,REP,Elizabeth Gray,0,0,0
Travis,248,President,,REP,Elizabeth Gray,0,0,0
Travis,249,President,,REP,Elizabeth Gray,0,0,0
Travis,250,President,,REP,Elizabeth Gray,0,0,0
Travis,251,President,,REP,Elizabeth Gray,0,0,0
Travis,252,President,,REP,Elizabeth Gray,1,1,0
Travis,253,President,,REP,Elizabeth Gray,0,0,0
Travis,254,President,,REP,Elizabeth Gray,0,0,0
Travis,256,President,,REP,Elizabeth Gray,0,0,0
Travis,258,President,,REP,Elizabeth Gray,0,0,0
Travis,259,President,,REP,Elizabeth Gray,0,0,0
Travis,260,President,,REP,Elizabeth Gray,1,1,0
Travis,262,President,,REP,Elizabeth Gray,0,0,0
Travis,263,President,,REP,Elizabeth Gray,0,0,0
Travis,266,President,,REP,Elizabeth Gray,1,0,1
Travis,267,President,,REP,Elizabeth Gray,0,0,0
Travis,268,President,,REP,Elizabeth Gray,0,0,0
Travis,273,President,,REP,Elizabeth Gray,0,0,0
Travis,274,President,,REP,Elizabeth Gray,0,0,0
Travis,275,President,,REP,Elizabeth Gray,0,0,0
Travis,277,President,,REP,Elizabeth Gray,0,0,0
Travis,301,President,,REP,Elizabeth Gray,0,0,0
Travis,302,President,,REP,Elizabeth Gray,0,0,0
Travis,303,President,,REP,Elizabeth Gray,2,0,2
Travis,304,President,,REP,Elizabeth Gray,0,0,0
Travis,305,President,,REP,Elizabeth Gray,0,0,0
Travis,306,President,,REP,Elizabeth Gray,0,0,0
Travis,307,President,,REP,Elizabeth Gray,0,0,0
Travis,308,President,,REP,Elizabeth Gray,0,0,0
Travis,309,President,,REP,Elizabeth Gray,0,0,0
Travis,310,President,,REP,Elizabeth Gray,0,0,0
Travis,311,President,,REP,Elizabeth Gray,0,0,0
Travis,312,President,,REP,Elizabeth Gray,0,0,0
Travis,313,President,,REP,Elizabeth Gray,0,0,0
Travis,314,President,,REP,Elizabeth Gray,1,1,0
Travis,315,President,,REP,Elizabeth Gray,0,0,0
Travis,316,President,,REP,Elizabeth Gray,0,0,0
Travis,317,President,,REP,Elizabeth Gray,0,0,0
Travis,318,President,,REP,Elizabeth Gray,0,0,0
Travis,319,President,,REP,Elizabeth Gray,1,1,0
Travis,320,President,,REP,Elizabeth Gray,0,0,0
Travis,321,President,,REP,Elizabeth Gray,0,0,0
Travis,323,President,,REP,Elizabeth Gray,1,0,1
Travis,324,President,,REP,Elizabeth Gray,0,0,0
Travis,325,President,,REP,Elizabeth Gray,0,0,0
Travis,326,President,,REP,Elizabeth Gray,0,0,0
Travis,327,President,,REP,Elizabeth Gray,0,0,0
Travis,328,President,,REP,Elizabeth Gray,0,0,0
Travis,329,President,,REP,Elizabeth Gray,0,0,0
Travis,330,President,,REP,Elizabeth Gray,0,0,0
Travis,331,President,,REP,Elizabeth Gray,0,0,0
Travis,332,President,,REP,Elizabeth Gray,0,0,0
Travis,333,President,,REP,Elizabeth Gray,1,0,1
Travis,334,President,,REP,Elizabeth Gray,1,0,1
Travis,335,President,,REP,Elizabeth Gray,0,0,0
Travis,336,President,,REP,Elizabeth Gray,0,0,0
Travis,337,President,,REP,Elizabeth Gray,0,0,0
Travis,338,President,,REP,Elizabeth Gray,0,0,0
Travis,339,President,,REP,Elizabeth Gray,0,0,0
Travis,340,President,,REP,Elizabeth Gray,0,0,0
Travis,341,President,,REP,Elizabeth Gray,0,0,0
Travis,342,President,,REP,Elizabeth Gray,1,0,1
Travis,343,President,,REP,Elizabeth Gray,0,0,0
Travis,344,President,,REP,Elizabeth Gray,0,0,0
Travis,345,President,,REP,Elizabeth Gray,0,0,0
Travis,346,President,,REP,Elizabeth Gray,0,0,0
Travis,347,President,,REP,Elizabeth Gray,0,0,0
Travis,349,President,,REP,Elizabeth Gray,0,0,0
Travis,350,President,,REP,Elizabeth Gray,0,0,0
Travis,351,President,,REP,Elizabeth Gray,0,0,0
Travis,352,President,,REP,Elizabeth Gray,0,0,0
Travis,354,President,,REP,Elizabeth Gray,0,0,0
Travis,356,President,,REP,Elizabeth Gray,0,0,0
Travis,357,President,,REP,Elizabeth Gray,0,0,0
Travis,358,President,,REP,Elizabeth Gray,0,0,0
Travis,359,President,,REP,Elizabeth Gray,0,0,0
Travis,360,President,,REP,Elizabeth Gray,0,0,0
Travis,361,President,,REP,Elizabeth Gray,0,0,0
Travis,362,President,,REP,Elizabeth Gray,0,0,0
Travis,363,President,,REP,Elizabeth Gray,0,0,0
Travis,364,President,,REP,Elizabeth Gray,0,0,0
Travis,365,President,,REP,Elizabeth Gray,0,0,0
Travis,366,President,,REP,Elizabeth Gray,0,0,0
Travis,367,President,,REP,Elizabeth Gray,0,0,0
Travis,368,President,,REP,Elizabeth Gray,0,0,0
Travis,369,President,,REP,Elizabeth Gray,0,0,0
Travis,370,President,,REP,Elizabeth Gray,0,0,0
Travis,371,President,,REP,Elizabeth Gray,0,0,0
Travis,372,President,,REP,Elizabeth Gray,0,0,0
Travis,373,President,,REP,Elizabeth Gray,0,0,0
Travis,374,President,,REP,Elizabeth Gray,0,0,0
Travis,375,President,,REP,Elizabeth Gray,0,0,0
Travis,401,President,,REP,Elizabeth Gray,0,0,0
Travis,402,President,,REP,Elizabeth Gray,0,0,0
Travis,403,President,,REP,Elizabeth Gray,0,0,0
Travis,404,President,,REP,Elizabeth Gray,0,0,0
Travis,405,President,,REP,Elizabeth Gray,0,0,0
Travis,406,President,,REP,Elizabeth Gray,0,0,0
Travis,407,President,,REP,Elizabeth Gray,0,0,0
Travis,408,President,,REP,Elizabeth Gray,0,0,0
Travis,409,President,,REP,Elizabeth Gray,1,0,1
Travis,410,President,,REP,Elizabeth Gray,0,0,0
Travis,411,President,,REP,Elizabeth Gray,0,0,0
Travis,412,President,,REP,Elizabeth Gray,0,0,0
Travis,413,President,,REP,Elizabeth Gray,0,0,0
Travis,414,President,,REP,Elizabeth Gray,1,0,1
Travis,415,President,,REP,Elizabeth Gray,0,0,0
Travis,416,President,,REP,Elizabeth Gray,0,0,0
Travis,417,President,,REP,Elizabeth Gray,0,0,0
Travis,418,President,,REP,Elizabeth Gray,0,0,0
Travis,419,President,,REP,Elizabeth Gray,0,0,0
Travis,420,President,,REP,Elizabeth Gray,0,0,0
Travis,421,President,,REP,Elizabeth Gray,0,0,0
Travis,422,President,,REP,Elizabeth Gray,0,0,0
Travis,423,President,,REP,Elizabeth Gray,0,0,0
Travis,424,President,,REP,Elizabeth Gray,0,0,0
Travis,425,President,,REP,Elizabeth Gray,0,0,0
Travis,426,President,,REP,Elizabeth Gray,0,0,0
Travis,427,President,,REP,Elizabeth Gray,0,0,0
Travis,428,President,,REP,Elizabeth Gray,0,0,0
Travis,429,President,,REP,Elizabeth Gray,0,0,0
Travis,430,President,,REP,Elizabeth Gray,0,0,0
Travis,431,President,,REP,Elizabeth Gray,1,0,1
Travis,432,President,,REP,Elizabeth Gray,0,0,0
Travis,433,President,,REP,Elizabeth Gray,0,0,0
Travis,434,President,,REP,Elizabeth Gray,0,0,0
Travis,435,President,,REP,Elizabeth Gray,0,0,0
Travis,436,President,,REP,Elizabeth Gray,0,0,0
Travis,437,President,,REP,Elizabeth Gray,0,0,0
Travis,438,President,,REP,Elizabeth Gray,0,0,0
Travis,439,President,,REP,Elizabeth Gray,0,0,0
Travis,440,President,,REP,Elizabeth Gray,0,0,0
Travis,441,President,,REP,Elizabeth Gray,0,0,0
Travis,442,President,,REP,Elizabeth Gray,1,0,1
Travis,443,President,,REP,Elizabeth Gray,1,1,0
Travis,444,President,,REP,Elizabeth Gray,0,0,0
Travis,446,President,,REP,Elizabeth Gray,0,0,0
Travis,447,President,,REP,Elizabeth Gray,0,0,0
Travis,448,President,,REP,Elizabeth Gray,0,0,0
Travis,450,President,,REP,Elizabeth Gray,0,0,0
Travis,451,President,,REP,Elizabeth Gray,0,0,0
Travis,452,President,,REP,Elizabeth Gray,0,0,0
Travis,454,President,,REP,Elizabeth Gray,0,0,0
Travis,458,President,,REP,Elizabeth Gray,1,0,1
Travis,460,President,,REP,Elizabeth Gray,0,0,0
Travis,461,President,,REP,Elizabeth Gray,0,0,0
Travis,463,President,,REP,Elizabeth Gray,0,0,0
Travis,101,President,,REP,Jeb Bush,4,2,2
Travis,102,President,,REP,Jeb Bush,0,0,0
Travis,103,President,,REP,Jeb Bush,2,2,0
Travis,104,President,,REP,Jeb Bush,2,2,0
Travis,105,President,,REP,Jeb Bush,6,6,0
Travis,106,President,,REP,Jeb Bush,8,6,2
Travis,107,President,,REP,Jeb Bush,0,0,0
Travis,108,President,,REP,Jeb Bush,0,0,0
Travis,109,President,,REP,Jeb Bush,4,1,3
Travis,110,President,,REP,Jeb Bush,10,6,4
Travis,111,President,,REP,Jeb Bush,4,2,2
Travis,112,President,,REP,Jeb Bush,2,2,0
Travis,113,President,,REP,Jeb Bush,3,1,2
Travis,114,President,,REP,Jeb Bush,0,0,0
Travis,115,President,,REP,Jeb Bush,0,0,0
Travis,116,President,,REP,Jeb Bush,0,0,0
Travis,117,President,,REP,Jeb Bush,2,2,0
Travis,118,President,,REP,Jeb Bush,1,1,0
Travis,119,President,,REP,Jeb Bush,0,0,0
Travis,120,President,,REP,Jeb Bush,1,1,0
Travis,121,President,,REP,Jeb Bush,0,0,0
Travis,122,President,,REP,Jeb Bush,0,0,0
Travis,123,President,,REP,Jeb Bush,4,3,1
Travis,124,President,,REP,Jeb Bush,1,0,1
Travis,125,President,,REP,Jeb Bush,0,0,0
Travis,126,President,,REP,Jeb Bush,0,0,0
Travis,127,President,,REP,Jeb Bush,0,0,0
Travis,128,President,,REP,Jeb Bush,0,0,0
Travis,129,President,,REP,Jeb Bush,2,2,0
Travis,130,President,,REP,Jeb Bush,0,0,0
Travis,131,President,,REP,Jeb Bush,0,0,0
Travis,132,President,,REP,Jeb Bush,0,0,0
Travis,133,President,,REP,Jeb Bush,3,1,2
Travis,134,President,,REP,Jeb Bush,0,0,0
Travis,135,President,,REP,Jeb Bush,2,1,1
Travis,136,President,,REP,Jeb Bush,10,6,4
Travis,137,President,,REP,Jeb Bush,6,5,1
Travis,138,President,,REP,Jeb Bush,0,0,0
Travis,139,President,,REP,Jeb Bush,4,3,1
Travis,140,President,,REP,Jeb Bush,0,0,0
Travis,141,President,,REP,Jeb Bush,0,0,0
Travis,142,President,,REP,Jeb Bush,2,2,0
Travis,145,President,,REP,Jeb Bush,1,1,0
Travis,146,President,,REP,Jeb Bush,4,1,3
Travis,148,President,,REP,Jeb Bush,2,1,1
Travis,149,President,,REP,Jeb Bush,0,0,0
Travis,150,President,,REP,Jeb Bush,7,3,4
Travis,151,President,,REP,Jeb Bush,1,1,0
Travis,152,President,,REP,Jeb Bush,2,1,1
Travis,153,President,,REP,Jeb Bush,1,0,1
Travis,154,President,,REP,Jeb Bush,5,1,4
Travis,156,President,,REP,Jeb Bush,5,3,2
Travis,160,President,,REP,Jeb Bush,4,3,1
Travis,161,President,,REP,Jeb Bush,0,0,0
Travis,163,President,,REP,Jeb Bush,0,0,0
Travis,164,President,,REP,Jeb Bush,1,1,0
Travis,200,President,,REP,Jeb Bush,4,2,2
Travis,202,President,,REP,Jeb Bush,1,1,0
Travis,203,President,,REP,Jeb Bush,0,0,0
Travis,205,President,,REP,Jeb Bush,2,1,1
Travis,206,President,,REP,Jeb Bush,1,1,0
Travis,207,President,,REP,Jeb Bush,7,5,2
Travis,208,President,,REP,Jeb Bush,7,7,0
Travis,209,President,,REP,Jeb Bush,2,1,1
Travis,210,President,,REP,Jeb Bush,12,9,3
Travis,211,President,,REP,Jeb Bush,0,0,0
Travis,212,President,,REP,Jeb Bush,13,13,0
Travis,213,President,,REP,Jeb Bush,0,0,0
Travis,214,President,,REP,Jeb Bush,6,6,0
Travis,215,President,,REP,Jeb Bush,6,4,2
Travis,216,President,,REP,Jeb Bush,4,3,1
Travis,217,President,,REP,Jeb Bush,2,1,1
Travis,218,President,,REP,Jeb Bush,1,1,0
Travis,219,President,,REP,Jeb Bush,2,2,0
Travis,220,President,,REP,Jeb Bush,6,3,3
Travis,221,President,,REP,Jeb Bush,2,2,0
Travis,222,President,,REP,Jeb Bush,2,1,1
Travis,223,President,,REP,Jeb Bush,1,1,0
Travis,224,President,,REP,Jeb Bush,0,0,0
Travis,225,President,,REP,Jeb Bush,2,2,0
Travis,226,President,,REP,Jeb Bush,1,1,0
Travis,227,President,,REP,Jeb Bush,1,1,0
Travis,228,President,,REP,Jeb Bush,3,2,1
Travis,229,President,,REP,Jeb Bush,3,2,1
Travis,231,President,,REP,Jeb Bush,8,4,4
Travis,232,President,,REP,Jeb Bush,38,33,5
Travis,233,President,,REP,Jeb Bush,8,8,0
Travis,234,President,,REP,Jeb Bush,6,4,2
Travis,235,President,,REP,Jeb Bush,5,2,3
Travis,236,President,,REP,Jeb Bush,2,1,1
Travis,237,President,,REP,Jeb Bush,9,6,3
Travis,238,President,,REP,Jeb Bush,8,4,4
Travis,239,President,,REP,Jeb Bush,1,1,0
Travis,240,President,,REP,Jeb Bush,1,1,0
Travis,241,President,,REP,Jeb Bush,2,2,0
Travis,242,President,,REP,Jeb Bush,6,2,4
Travis,243,President,,REP,Jeb Bush,9,7,2
Travis,244,President,,REP,Jeb Bush,8,5,3
Travis,245,President,,REP,Jeb Bush,7,4,3
Travis,246,President,,REP,Jeb Bush,6,4,2
Travis,247,President,,REP,Jeb Bush,3,2,1
Travis,248,President,,REP,Jeb Bush,4,3,1
Travis,249,President,,REP,Jeb Bush,11,10,1
Travis,250,President,,REP,Jeb Bush,8,8,0
Travis,251,President,,REP,Jeb Bush,6,5,1
Travis,252,President,,REP,Jeb Bush,3,2,1
Travis,253,President,,REP,Jeb Bush,10,8,2
Travis,254,President,,REP,Jeb Bush,8,7,1
Travis,256,President,,REP,Jeb Bush,11,10,1
Travis,258,President,,REP,Jeb Bush,6,5,1
Travis,259,President,,REP,Jeb Bush,5,4,1
Travis,260,President,,REP,Jeb Bush,6,4,2
Travis,262,President,,REP,Jeb Bush,19,16,3
Travis,263,President,,REP,Jeb Bush,2,0,2
Travis,266,President,,REP,Jeb Bush,2,1,1
Travis,267,President,,REP,Jeb Bush,2,2,0
Travis,268,President,,REP,Jeb Bush,1,0,1
Travis,273,President,,REP,Jeb Bush,7,7,0
Travis,274,President,,REP,Jeb Bush,2,2,0
Travis,275,President,,REP,Jeb Bush,0,0,0
Travis,277,President,,REP,Jeb Bush,8,6,2
Travis,301,President,,REP,Jeb Bush,1,1,0
Travis,302,President,,REP,Jeb Bush,9,8,1
Travis,303,President,,REP,Jeb Bush,4,4,0
Travis,304,President,,REP,Jeb Bush,14,8,6
Travis,305,President,,REP,Jeb Bush,0,0,0
Travis,306,President,,REP,Jeb Bush,16,15,1
Travis,307,President,,REP,Jeb Bush,2,2,0
Travis,308,President,,REP,Jeb Bush,12,9,3
Travis,309,President,,REP,Jeb Bush,7,6,1
Travis,310,President,,REP,Jeb Bush,15,9,6
Travis,311,President,,REP,Jeb Bush,6,6,0
Travis,312,President,,REP,Jeb Bush,4,4,0
Travis,313,President,,REP,Jeb Bush,0,0,0
Travis,314,President,,REP,Jeb Bush,32,29,3
Travis,315,President,,REP,Jeb Bush,9,8,1
Travis,316,President,,REP,Jeb Bush,4,3,1
Travis,317,President,,REP,Jeb Bush,0,0,0
Travis,318,President,,REP,Jeb Bush,1,1,0
Travis,319,President,,REP,Jeb Bush,7,6,1
Travis,320,President,,REP,Jeb Bush,13,12,1
Travis,321,President,,REP,Jeb Bush,1,1,0
Travis,323,President,,REP,Jeb Bush,2,1,1
Travis,324,President,,REP,Jeb Bush,24,18,6
Travis,325,President,,REP,Jeb Bush,0,0,0
Travis,326,President,,REP,Jeb Bush,3,2,1
Travis,327,President,,REP,Jeb Bush,12,8,4
Travis,328,President,,REP,Jeb Bush,8,5,3
Travis,329,President,,REP,Jeb Bush,9,8,1
Travis,330,President,,REP,Jeb Bush,9,9,0
Travis,331,President,,REP,Jeb Bush,5,5,0
Travis,332,President,,REP,Jeb Bush,2,1,1
Travis,333,President,,REP,Jeb Bush,7,4,3
Travis,334,President,,REP,Jeb Bush,11,10,1
Travis,335,President,,REP,Jeb Bush,8,6,2
Travis,336,President,,REP,Jeb Bush,2,1,1
Travis,337,President,,REP,Jeb Bush,5,4,1
Travis,338,President,,REP,Jeb Bush,16,11,5
Travis,339,President,,REP,Jeb Bush,4,2,2
Travis,340,President,,REP,Jeb Bush,6,6,0
Travis,341,President,,REP,Jeb Bush,0,0,0
Travis,342,President,,REP,Jeb Bush,14,10,4
Travis,343,President,,REP,Jeb Bush,2,2,0
Travis,344,President,,REP,Jeb Bush,3,2,1
Travis,345,President,,REP,Jeb Bush,0,0,0
Travis,346,President,,REP,Jeb Bush,20,17,3
Travis,347,President,,REP,Jeb Bush,14,13,1
Travis,349,President,,REP,Jeb Bush,15,10,5
Travis,350,President,,REP,Jeb Bush,7,7,0
Travis,351,President,,REP,Jeb Bush,4,4,0
Travis,352,President,,REP,Jeb Bush,3,1,2
Travis,354,President,,REP,Jeb Bush,13,13,0
Travis,356,President,,REP,Jeb Bush,1,1,0
Travis,357,President,,REP,Jeb Bush,1,1,0
Travis,358,President,,REP,Jeb Bush,6,5,1
Travis,359,President,,REP,Jeb Bush,12,7,5
Travis,360,President,,REP,Jeb Bush,17,12,5
Travis,361,President,,REP,Jeb Bush,2,1,1
Travis,362,President,,REP,Jeb Bush,7,7,0
Travis,363,President,,REP,Jeb Bush,9,7,2
Travis,364,President,,REP,Jeb Bush,12,10,2
Travis,365,President,,REP,Jeb Bush,4,3,1
Travis,366,President,,REP,Jeb Bush,12,12,0
Travis,367,President,,REP,Jeb Bush,8,6,2
Travis,368,President,,REP,Jeb Bush,2,2,0
Travis,369,President,,REP,Jeb Bush,3,0,3
Travis,370,President,,REP,Jeb Bush,1,1,0
Travis,371,President,,REP,Jeb Bush,2,1,1
Travis,372,President,,REP,Jeb Bush,1,1,0
Travis,373,President,,REP,Jeb Bush,6,3,3
Travis,374,President,,REP,Jeb Bush,5,3,2
Travis,375,President,,REP,Jeb Bush,2,1,1
Travis,401,President,,REP,Jeb Bush,3,2,1
Travis,402,President,,REP,Jeb Bush,4,3,1
Travis,403,President,,REP,Jeb Bush,2,1,1
Travis,404,President,,REP,Jeb Bush,4,2,2
Travis,405,President,,REP,Jeb Bush,1,1,0
Travis,406,President,,REP,Jeb Bush,18,16,2
Travis,407,President,,REP,Jeb Bush,3,2,1
Travis,408,President,,REP,Jeb Bush,6,5,1
Travis,409,President,,REP,Jeb Bush,1,1,0
Travis,410,President,,REP,Jeb Bush,2,1,1
Travis,411,President,,REP,Jeb Bush,3,2,1
Travis,412,President,,REP,Jeb Bush,0,0,0
Travis,413,President,,REP,Jeb Bush,1,0,1
Travis,414,President,,REP,Jeb Bush,2,0,2
Travis,415,President,,REP,Jeb Bush,2,2,0
Travis,416,President,,REP,Jeb Bush,0,0,0
Travis,417,President,,REP,Jeb Bush,3,0,3
Travis,418,President,,REP,Jeb Bush,0,0,0
Travis,419,President,,REP,Jeb Bush,1,0,1
Travis,420,President,,REP,Jeb Bush,3,2,1
Travis,421,President,,REP,Jeb Bush,6,6,0
Travis,422,President,,REP,Jeb Bush,1,1,0
Travis,423,President,,REP,Jeb Bush,2,1,1
Travis,424,President,,REP,Jeb Bush,1,0,1
Travis,425,President,,REP,Jeb Bush,4,2,2
Travis,426,President,,REP,Jeb Bush,0,0,0
Travis,427,President,,REP,Jeb Bush,0,0,0
Travis,428,President,,REP,Jeb Bush,4,4,0
Travis,429,President,,REP,Jeb Bush,6,3,3
Travis,430,President,,REP,Jeb Bush,1,1,0
Travis,431,President,,REP,Jeb Bush,9,5,4
Travis,432,President,,REP,Jeb Bush,0,0,0
Travis,433,President,,REP,Jeb Bush,1,1,0
Travis,434,President,,REP,Jeb Bush,0,0,0
Travis,435,President,,REP,Jeb Bush,11,11,0
Travis,436,President,,REP,Jeb Bush,0,0,0
Travis,437,President,,REP,Jeb Bush,1,1,0
Travis,438,President,,REP,Jeb Bush,2,1,1
Travis,439,President,,REP,Jeb Bush,1,0,1
Travis,440,President,,REP,Jeb Bush,0,0,0
Travis,441,President,,REP,Jeb Bush,4,2,2
Travis,442,President,,REP,Jeb Bush,0,0,0
Travis,443,President,,REP,Jeb Bush,4,4,0
Travis,444,President,,REP,Jeb Bush,0,0,0
Travis,446,President,,REP,Jeb Bush,1,0,1
Travis,447,President,,REP,Jeb Bush,2,1,1
Travis,448,President,,REP,Jeb Bush,6,4,2
Travis,450,President,,REP,Jeb Bush,5,5,0
Travis,451,President,,REP,Jeb Bush,3,2,1
Travis,452,President,,REP,Jeb Bush,1,1,0
Travis,454,President,,REP,Jeb Bush,7,7,0
Travis,458,President,,REP,Jeb Bush,8,6,2
Travis,460,President,,REP,Jeb Bush,14,13,1
Travis,461,President,,REP,Jeb Bush,5,3,2
Travis,463,President,,REP,Jeb Bush,3,2,1
Travis,101,President,,REP,John R. Kasich,7,2,5
Travis,102,President,,REP,John R. Kasich,3,1,2
Travis,103,President,,REP,John R. Kasich,11,6,5
Travis,104,President,,REP,John R. Kasich,11,3,8
Travis,105,President,,REP,John R. Kasich,25,6,19
Travis,106,President,,REP,John R. Kasich,14,6,8
Travis,107,President,,REP,John R. Kasich,9,2,7
Travis,108,President,,REP,John R. Kasich,10,2,8
Travis,109,President,,REP,John R. Kasich,5,3,2
Travis,110,President,,REP,John R. Kasich,32,9,23
Travis,111,President,,REP,John R. Kasich,37,12,25
Travis,112,President,,REP,John R. Kasich,3,0,3
Travis,113,President,,REP,John R. Kasich,15,5,10
Travis,114,President,,REP,John R. Kasich,2,1,1
Travis,115,President,,REP,John R. Kasich,0,0,0
Travis,116,President,,REP,John R. Kasich,0,0,0
Travis,117,President,,REP,John R. Kasich,2,2,0
Travis,118,President,,REP,John R. Kasich,1,0,1
Travis,119,President,,REP,John R. Kasich,0,0,0
Travis,120,President,,REP,John R. Kasich,0,0,0
Travis,121,President,,REP,John R. Kasich,0,0,0
Travis,122,President,,REP,John R. Kasich,6,1,5
Travis,123,President,,REP,John R. Kasich,37,15,22
Travis,124,President,,REP,John R. Kasich,19,9,10
Travis,125,President,,REP,John R. Kasich,0,0,0
Travis,126,President,,REP,John R. Kasich,17,5,12
Travis,127,President,,REP,John R. Kasich,0,0,0
Travis,128,President,,REP,John R. Kasich,0,0,0
Travis,129,President,,REP,John R. Kasich,2,1,1
Travis,130,President,,REP,John R. Kasich,8,0,8
Travis,131,President,,REP,John R. Kasich,0,0,0
Travis,132,President,,REP,John R. Kasich,5,3,2
Travis,133,President,,REP,John R. Kasich,10,7,3
Travis,134,President,,REP,John R. Kasich,0,0,0
Travis,135,President,,REP,John R. Kasich,52,15,37
Travis,136,President,,REP,John R. Kasich,40,23,17
Travis,137,President,,REP,John R. Kasich,49,16,33
Travis,138,President,,REP,John R. Kasich,0,0,0
Travis,139,President,,REP,John R. Kasich,10,3,7
Travis,140,President,,REP,John R. Kasich,6,1,5
Travis,141,President,,REP,John R. Kasich,0,0,0
Travis,142,President,,REP,John R. Kasich,3,2,1
Travis,145,President,,REP,John R. Kasich,14,3,11
Travis,146,President,,REP,John R. Kasich,30,9,21
Travis,148,President,,REP,John R. Kasich,20,10,10
Travis,149,President,,REP,John R. Kasich,6,0,6
Travis,150,President,,REP,John R. Kasich,19,3,16
Travis,151,President,,REP,John R. Kasich,13,0,13
Travis,152,President,,REP,John R. Kasich,20,7,13
Travis,153,President,,REP,John R. Kasich,17,3,14
Travis,154,President,,REP,John R. Kasich,14,2,12
Travis,156,President,,REP,John R. Kasich,23,4,19
Travis,160,President,,REP,John R. Kasich,7,4,3
Travis,161,President,,REP,John R. Kasich,11,2,9
Travis,163,President,,REP,John R. Kasich,5,2,3
Travis,164,President,,REP,John R. Kasich,0,0,0
Travis,200,President,,REP,John R. Kasich,26,8,18
Travis,202,President,,REP,John R. Kasich,29,8,21
Travis,203,President,,REP,John R. Kasich,1,0,1
Travis,205,President,,REP,John R. Kasich,20,4,16
Travis,206,President,,REP,John R. Kasich,13,3,10
Travis,207,President,,REP,John R. Kasich,36,11,25
Travis,208,President,,REP,John R. Kasich,32,11,21
Travis,209,President,,REP,John R. Kasich,5,3,2
Travis,210,President,,REP,John R. Kasich,55,17,38
Travis,211,President,,REP,John R. Kasich,14,4,10
Travis,212,President,,REP,John R. Kasich,144,55,89
Travis,213,President,,REP,John R. Kasich,0,0,0
Travis,214,President,,REP,John R. Kasich,83,16,67
Travis,215,President,,REP,John R. Kasich,15,0,15
Travis,216,President,,REP,John R. Kasich,6,4,2
Travis,217,President,,REP,John R. Kasich,6,0,6
Travis,218,President,,REP,John R. Kasich,28,13,15
Travis,219,President,,REP,John R. Kasich,8,3,5
Travis,220,President,,REP,John R. Kasich,41,15,26
Travis,221,President,,REP,John R. Kasich,18,5,13
Travis,222,President,,REP,John R. Kasich,14,3,11
Travis,223,President,,REP,John R. Kasich,1,1,0
Travis,224,President,,REP,John R. Kasich,1,0,1
Travis,225,President,,REP,John R. Kasich,20,8,12
Travis,226,President,,REP,John R. Kasich,3,1,2
Travis,227,President,,REP,John R. Kasich,2,1,1
Travis,228,President,,REP,John R. Kasich,22,10,12
Travis,229,President,,REP,John R. Kasich,17,5,12
Travis,231,President,,REP,John R. Kasich,85,19,66
Travis,232,President,,REP,John R. Kasich,116,37,79
Travis,233,President,,REP,John R. Kasich,81,18,63
Travis,234,President,,REP,John R. Kasich,78,24,54
Travis,235,President,,REP,John R. Kasich,20,12,8
Travis,236,President,,REP,John R. Kasich,36,11,25
Travis,237,President,,REP,John R. Kasich,94,25,69
Travis,238,President,,REP,John R. Kasich,53,9,44
Travis,239,President,,REP,John R. Kasich,34,12,22
Travis,240,President,,REP,John R. Kasich,27,4,23
Travis,241,President,,REP,John R. Kasich,23,7,16
Travis,242,President,,REP,John R. Kasich,42,13,29
Travis,243,President,,REP,John R. Kasich,31,13,18
Travis,244,President,,REP,John R. Kasich,64,27,37
Travis,245,President,,REP,John R. Kasich,18,2,16
Travis,246,President,,REP,John R. Kasich,28,4,24
Travis,247,President,,REP,John R. Kasich,30,10,20
Travis,248,President,,REP,John R. Kasich,25,7,18
Travis,249,President,,REP,John R. Kasich,50,16,34
Travis,250,President,,REP,John R. Kasich,80,29,51
Travis,251,President,,REP,John R. Kasich,78,18,60
Travis,252,President,,REP,John R. Kasich,18,6,12
Travis,253,President,,REP,John R. Kasich,107,24,83
Travis,254,President,,REP,John R. Kasich,41,9,32
Travis,256,President,,REP,John R. Kasich,87,30,57
Travis,258,President,,REP,John R. Kasich,21,7,14
Travis,259,President,,REP,John R. Kasich,27,16,11
Travis,260,President,,REP,John R. Kasich,5,3,2
Travis,262,President,,REP,John R. Kasich,80,30,50
Travis,263,President,,REP,John R. Kasich,28,9,19
Travis,266,President,,REP,John R. Kasich,21,7,14
Travis,267,President,,REP,John R. Kasich,18,10,8
Travis,268,President,,REP,John R. Kasich,6,3,3
Travis,273,President,,REP,John R. Kasich,41,16,25
Travis,274,President,,REP,John R. Kasich,16,7,9
Travis,275,President,,REP,John R. Kasich,26,7,19
Travis,277,President,,REP,John R. Kasich,49,14,35
Travis,301,President,,REP,John R. Kasich,16,4,12
Travis,302,President,,REP,John R. Kasich,74,33,41
Travis,303,President,,REP,John R. Kasich,66,23,43
Travis,304,President,,REP,John R. Kasich,96,32,64
Travis,305,President,,REP,John R. Kasich,2,2,0
Travis,306,President,,REP,John R. Kasich,79,44,35
Travis,307,President,,REP,John R. Kasich,37,8,29
Travis,308,President,,REP,John R. Kasich,119,46,73
Travis,309,President,,REP,John R. Kasich,33,17,16
Travis,310,President,,REP,John R. Kasich,37,26,11
Travis,311,President,,REP,John R. Kasich,38,27,11
Travis,312,President,,REP,John R. Kasich,32,10,22
Travis,313,President,,REP,John R. Kasich,2,1,1
Travis,314,President,,REP,John R. Kasich,137,67,70
Travis,315,President,,REP,John R. Kasich,57,26,31
Travis,316,President,,REP,John R. Kasich,46,14,32
Travis,317,President,,REP,John R. Kasich,82,21,61
Travis,318,President,,REP,John R. Kasich,16,1,15
Travis,319,President,,REP,John R. Kasich,67,31,36
Travis,320,President,,REP,John R. Kasich,48,36,12
Travis,321,President,,REP,John R. Kasich,25,11,14
Travis,323,President,,REP,John R. Kasich,21,6,15
Travis,324,President,,REP,John R. Kasich,108,46,62
Travis,325,President,,REP,John R. Kasich,0,0,0
Travis,326,President,,REP,John R. Kasich,52,12,40
Travis,327,President,,REP,John R. Kasich,95,26,69
Travis,328,President,,REP,John R. Kasich,47,20,27
Travis,329,President,,REP,John R. Kasich,76,27,49
Travis,330,President,,REP,John R. Kasich,91,33,58
Travis,331,President,,REP,John R. Kasich,69,22,47
Travis,332,President,,REP,John R. Kasich,37,10,27
Travis,333,President,,REP,John R. Kasich,85,16,69
Travis,334,President,,REP,John R. Kasich,58,6,52
Travis,335,President,,REP,John R. Kasich,52,13,39
Travis,336,President,,REP,John R. Kasich,51,11,40
Travis,337,President,,REP,John R. Kasich,83,16,67
Travis,338,President,,REP,John R. Kasich,109,37,72
Travis,339,President,,REP,John R. Kasich,25,11,14
Travis,340,President,,REP,John R. Kasich,40,11,29
Travis,341,President,,REP,John R. Kasich,1,1,0
Travis,342,President,,REP,John R. Kasich,64,19,45
Travis,343,President,,REP,John R. Kasich,12,7,5
Travis,344,President,,REP,John R. Kasich,19,3,16
Travis,345,President,,REP,John R. Kasich,0,0,0
Travis,346,President,,REP,John R. Kasich,138,80,58
Travis,347,President,,REP,John R. Kasich,84,42,42
Travis,349,President,,REP,John R. Kasich,52,23,29
Travis,350,President,,REP,John R. Kasich,29,11,18
Travis,351,President,,REP,John R. Kasich,17,8,9
Travis,352,President,,REP,John R. Kasich,29,13,16
Travis,354,President,,REP,John R. Kasich,97,44,53
Travis,356,President,,REP,John R. Kasich,22,7,15
Travis,357,President,,REP,John R. Kasich,21,5,16
Travis,358,President,,REP,John R. Kasich,37,12,25
Travis,359,President,,REP,John R. Kasich,62,21,41
Travis,360,President,,REP,John R. Kasich,50,20,30
Travis,361,President,,REP,John R. Kasich,13,5,8
Travis,362,President,,REP,John R. Kasich,34,15,19
Travis,363,President,,REP,John R. Kasich,36,18,18
Travis,364,President,,REP,John R. Kasich,101,52,49
Travis,365,President,,REP,John R. Kasich,35,13,22
Travis,366,President,,REP,John R. Kasich,64,27,37
Travis,367,President,,REP,John R. Kasich,136,49,87
Travis,368,President,,REP,John R. Kasich,6,2,4
Travis,369,President,,REP,John R. Kasich,42,11,31
Travis,370,President,,REP,John R. Kasich,9,0,9
Travis,371,President,,REP,John R. Kasich,43,17,26
Travis,372,President,,REP,John R. Kasich,14,2,12
Travis,373,President,,REP,John R. Kasich,87,35,52
Travis,374,President,,REP,John R. Kasich,81,27,54
Travis,375,President,,REP,John R. Kasich,11,2,9
Travis,401,President,,REP,John R. Kasich,1,0,1
Travis,402,President,,REP,John R. Kasich,5,2,3
Travis,403,President,,REP,John R. Kasich,1,1,0
Travis,404,President,,REP,John R. Kasich,6,2,4
Travis,405,President,,REP,John R. Kasich,1,0,1
Travis,406,President,,REP,John R. Kasich,57,27,30
Travis,407,President,,REP,John R. Kasich,4,0,4
Travis,408,President,,REP,John R. Kasich,21,11,10
Travis,409,President,,REP,John R. Kasich,9,2,7
Travis,410,President,,REP,John R. Kasich,9,0,9
Travis,411,President,,REP,John R. Kasich,4,4,0
Travis,412,President,,REP,John R. Kasich,0,0,0
Travis,413,President,,REP,John R. Kasich,10,3,7
Travis,414,President,,REP,John R. Kasich,25,6,19
Travis,415,President,,REP,John R. Kasich,16,1,15
Travis,416,President,,REP,John R. Kasich,0,0,0
Travis,417,President,,REP,John R. Kasich,6,4,2
Travis,418,President,,REP,John R. Kasich,0,0,0
Travis,419,President,,REP,John R. Kasich,2,0,2
Travis,420,President,,REP,John R. Kasich,16,5,11
Travis,421,President,,REP,John R. Kasich,32,6,26
Travis,422,President,,REP,John R. Kasich,16,10,6
Travis,423,President,,REP,John R. Kasich,8,0,8
Travis,424,President,,REP,John R. Kasich,14,6,8
Travis,425,President,,REP,John R. Kasich,4,2,2
Travis,426,President,,REP,John R. Kasich,5,0,5
Travis,427,President,,REP,John R. Kasich,5,2,3
Travis,428,President,,REP,John R. Kasich,30,10,20
Travis,429,President,,REP,John R. Kasich,23,8,15
Travis,430,President,,REP,John R. Kasich,10,4,6
Travis,431,President,,REP,John R. Kasich,16,6,10
Travis,432,President,,REP,John R. Kasich,0,0,0
Travis,433,President,,REP,John R. Kasich,10,4,6
Travis,434,President,,REP,John R. Kasich,0,0,0
Travis,435,President,,REP,John R. Kasich,46,16,30
Travis,436,President,,REP,John R. Kasich,0,0,0
Travis,437,President,,REP,John R. Kasich,20,10,10
Travis,438,President,,REP,John R. Kasich,7,2,5
Travis,439,President,,REP,John R. Kasich,5,1,4
Travis,440,President,,REP,John R. Kasich,2,0,2
Travis,441,President,,REP,John R. Kasich,10,3,7
Travis,442,President,,REP,John R. Kasich,7,4,3
Travis,443,President,,REP,John R. Kasich,4,1,3
Travis,444,President,,REP,John R. Kasich,0,0,0
Travis,446,President,,REP,John R. Kasich,10,2,8
Travis,447,President,,REP,John R. Kasich,9,3,6
Travis,448,President,,REP,John R. Kasich,6,4,2
Travis,450,President,,REP,John R. Kasich,6,1,5
Travis,451,President,,REP,John R. Kasich,7,3,4
Travis,452,President,,REP,John R. Kasich,0,0,0
Travis,454,President,,REP,John R. Kasich,21,10,11
Travis,458,President,,REP,John R. Kasich,24,12,12
Travis,460,President,,REP,John R. Kasich,16,3,13
Travis,461,President,,REP,John R. Kasich,18,3,15
Travis,463,President,,REP,John R. Kasich,16,5,11
Travis,101,President,,REP,Lindsey Graham,0,0,0
Travis,102,President,,REP,Lindsey Graham,0,0,0
Travis,103,President,,REP,Lindsey Graham,0,0,0
Travis,104,President,,REP,Lindsey Graham,0,0,0
Travis,105,President,,REP,Lindsey Graham,0,0,0
Travis,106,President,,REP,Lindsey Graham,0,0,0
Travis,107,President,,REP,Lindsey Graham,0,0,0
Travis,108,President,,REP,Lindsey Graham,0,0,0
Travis,109,President,,REP,Lindsey Graham,0,0,0
Travis,110,President,,REP,Lindsey Graham,2,0,2
Travis,111,President,,REP,Lindsey Graham,0,0,0
Travis,112,President,,REP,Lindsey Graham,0,0,0
Travis,113,President,,REP,Lindsey Graham,0,0,0
Travis,114,President,,REP,Lindsey Graham,0,0,0
Travis,115,President,,REP,Lindsey Graham,0,0,0
Travis,116,President,,REP,Lindsey Graham,0,0,0
Travis,117,President,,REP,Lindsey Graham,0,0,0
Travis,118,President,,REP,Lindsey Graham,0,0,0
Travis,119,President,,REP,Lindsey Graham,0,0,0
Travis,120,President,,REP,Lindsey Graham,0,0,0
Travis,121,President,,REP,Lindsey Graham,0,0,0
Travis,122,President,,REP,Lindsey Graham,1,0,1
Travis,123,President,,REP,Lindsey Graham,0,0,0
Travis,124,President,,REP,Lindsey Graham,0,0,0
Travis,125,President,,REP,Lindsey Graham,0,0,0
Travis,126,President,,REP,Lindsey Graham,0,0,0
Travis,127,President,,REP,Lindsey Graham,0,0,0
Travis,128,President,,REP,Lindsey Graham,0,0,0
Travis,129,President,,REP,Lindsey Graham,0,0,0
Travis,130,President,,REP,Lindsey Graham,0,0,0
Travis,131,President,,REP,Lindsey Graham,0,0,0
Travis,132,President,,REP,Lindsey Graham,0,0,0
Travis,133,President,,REP,Lindsey Graham,0,0,0
Travis,134,President,,REP,Lindsey Graham,0,0,0
Travis,135,President,,REP,Lindsey Graham,0,0,0
Travis,136,President,,REP,Lindsey Graham,0,0,0
Travis,137,President,,REP,Lindsey Graham,0,0,0
Travis,138,President,,REP,Lindsey Graham,0,0,0
Travis,139,President,,REP,Lindsey Graham,0,0,0
Travis,140,President,,REP,Lindsey Graham,0,0,0
Travis,141,President,,REP,Lindsey Graham,0,0,0
Travis,142,President,,REP,Lindsey Graham,0,0,0
Travis,145,President,,REP,Lindsey Graham,0,0,0
Travis,146,President,,REP,Lindsey Graham,0,0,0
Travis,148,President,,REP,Lindsey Graham,0,0,0
Travis,149,President,,REP,Lindsey Graham,0,0,0
Travis,150,President,,REP,Lindsey Graham,0,0,0
Travis,151,President,,REP,Lindsey Graham,0,0,0
Travis,152,President,,REP,Lindsey Graham,0,0,0
Travis,153,President,,REP,Lindsey Graham,0,0,0
Travis,154,President,,REP,Lindsey Graham,0,0,0
Travis,156,President,,REP,Lindsey Graham,0,0,0
Travis,160,President,,REP,Lindsey Graham,0,0,0
Travis,161,President,,REP,Lindsey Graham,0,0,0
Travis,163,President,,REP,Lindsey Graham,0,0,0
Travis,164,President,,REP,Lindsey Graham,0,0,0
Travis,200,President,,REP,Lindsey Graham,1,1,0
Travis,202,President,,REP,Lindsey Graham,0,0,0
Travis,203,President,,REP,Lindsey Graham,0,0,0
Travis,205,President,,REP,Lindsey Graham,0,0,0
Travis,206,President,,REP,Lindsey Graham,0,0,0
Travis,207,President,,REP,Lindsey Graham,0,0,0
Travis,208,President,,REP,Lindsey Graham,2,1,1
Travis,209,President,,REP,Lindsey Graham,1,1,0
Travis,210,President,,REP,Lindsey Graham,0,0,0
Travis,211,President,,REP,Lindsey Graham,0,0,0
Travis,212,President,,REP,Lindsey Graham,0,0,0
Travis,213,President,,REP,Lindsey Graham,0,0,0
Travis,214,President,,REP,Lindsey Graham,0,0,0
Travis,215,President,,REP,Lindsey Graham,0,0,0
Travis,216,President,,REP,Lindsey Graham,0,0,0
Travis,217,President,,REP,Lindsey Graham,0,0,0
Travis,218,President,,REP,Lindsey Graham,0,0,0
Travis,219,President,,REP,Lindsey Graham,0,0,0
Travis,220,President,,REP,Lindsey Graham,0,0,0
Travis,221,President,,REP,Lindsey Graham,0,0,0
Travis,222,President,,REP,Lindsey Graham,0,0,0
Travis,223,President,,REP,Lindsey Graham,0,0,0
Travis,224,President,,REP,Lindsey Graham,0,0,0
Travis,225,President,,REP,Lindsey Graham,0,0,0
Travis,226,President,,REP,Lindsey Graham,0,0,0
Travis,227,President,,REP,Lindsey Graham,0,0,0
Travis,228,President,,REP,Lindsey Graham,1,0,1
Travis,229,President,,REP,Lindsey Graham,0,0,0
Travis,231,President,,REP,Lindsey Graham,0,0,0
Travis,232,President,,REP,Lindsey Graham,0,0,0
Travis,233,President,,REP,Lindsey Graham,0,0,0
Travis,234,President,,REP,Lindsey Graham,0,0,0
Travis,235,President,,REP,Lindsey Graham,0,0,0
Travis,236,President,,REP,Lindsey Graham,0,0,0
Travis,237,President,,REP,Lindsey Graham,0,0,0
Travis,238,President,,REP,Lindsey Graham,1,1,0
Travis,239,President,,REP,Lindsey Graham,0,0,0
Travis,240,President,,REP,Lindsey Graham,0,0,0
Travis,241,President,,REP,Lindsey Graham,0,0,0
Travis,242,President,,REP,Lindsey Graham,0,0,0
Travis,243,President,,REP,Lindsey Graham,0,0,0
Travis,244,President,,REP,Lindsey Graham,0,0,0
Travis,245,President,,REP,Lindsey Graham,0,0,0
Travis,246,President,,REP,Lindsey Graham,0,0,0
Travis,247,President,,REP,Lindsey Graham,0,0,0
Travis,248,President,,REP,Lindsey Graham,0,0,0
Travis,249,President,,REP,Lindsey Graham,0,0,0
Travis,250,President,,REP,Lindsey Graham,1,1,0
Travis,251,President,,REP,Lindsey Graham,0,0,0
Travis,252,President,,REP,Lindsey Graham,0,0,0
Travis,253,President,,REP,Lindsey Graham,0,0,0
Travis,254,President,,REP,Lindsey Graham,0,0,0
Travis,256,President,,REP,Lindsey Graham,0,0,0
Travis,258,President,,REP,Lindsey Graham,0,0,0
Travis,259,President,,REP,Lindsey Graham,0,0,0
Travis,260,President,,REP,Lindsey Graham,0,0,0
Travis,262,President,,REP,Lindsey Graham,1,1,0
Travis,263,President,,REP,Lindsey Graham,0,0,0
Travis,266,President,,REP,Lindsey Graham,0,0,0
Travis,267,President,,REP,Lindsey Graham,0,0,0
Travis,268,President,,REP,Lindsey Graham,0,0,0
Travis,273,President,,REP,Lindsey Graham,0,0,0
Travis,274,President,,REP,Lindsey Graham,0,0,0
Travis,275,President,,REP,Lindsey Graham,0,0,0
Travis,277,President,,REP,Lindsey Graham,0,0,0
Travis,301,President,,REP,Lindsey Graham,0,0,0
Travis,302,President,,REP,Lindsey Graham,0,0,0
Travis,303,President,,REP,Lindsey Graham,0,0,0
Travis,304,President,,REP,Lindsey Graham,0,0,0
Travis,305,President,,REP,Lindsey Graham,0,0,0
Travis,306,President,,REP,Lindsey Graham,0,0,0
Travis,307,President,,REP,Lindsey Graham,0,0,0
Travis,308,President,,REP,Lindsey Graham,0,0,0
Travis,309,President,,REP,Lindsey Graham,0,0,0
Travis,310,President,,REP,Lindsey Graham,0,0,0
Travis,311,President,,REP,Lindsey Graham,1,1,0
Travis,312,President,,REP,Lindsey Graham,0,0,0
Travis,313,President,,REP,Lindsey Graham,0,0,0
Travis,314,President,,REP,Lindsey Graham,2,2,0
Travis,315,President,,REP,Lindsey Graham,1,0,1
Travis,316,President,,REP,Lindsey Graham,0,0,0
Travis,317,President,,REP,Lindsey Graham,0,0,0
Travis,318,President,,REP,Lindsey Graham,0,0,0
Travis,319,President,,REP,Lindsey Graham,0,0,0
Travis,320,President,,REP,Lindsey Graham,0,0,0
Travis,321,President,,REP,Lindsey Graham,0,0,0
Travis,323,President,,REP,Lindsey Graham,0,0,0
Travis,324,President,,REP,Lindsey Graham,0,0,0
Travis,325,President,,REP,Lindsey Graham,0,0,0
Travis,326,President,,REP,Lindsey Graham,0,0,0
Travis,327,President,,REP,Lindsey Graham,0,0,0
Travis,328,President,,REP,Lindsey Graham,0,0,0
Travis,329,President,,REP,Lindsey Graham,0,0,0
Travis,330,President,,REP,Lindsey Graham,0,0,0
Travis,331,President,,REP,Lindsey Graham,0,0,0
Travis,332,President,,REP,Lindsey Graham,0,0,0
Travis,333,President,,REP,Lindsey Graham,0,0,0
Travis,334,President,,REP,Lindsey Graham,0,0,0
Travis,335,President,,REP,Lindsey Graham,0,0,0
Travis,336,President,,REP,Lindsey Graham,1,1,0
Travis,337,President,,REP,Lindsey Graham,1,0,1
Travis,338,President,,REP,Lindsey Graham,0,0,0
Travis,339,President,,REP,Lindsey Graham,0,0,0
Travis,340,President,,REP,Lindsey Graham,1,0,1
Travis,341,President,,REP,Lindsey Graham,0,0,0
Travis,342,President,,REP,Lindsey Graham,0,0,0
Travis,343,President,,REP,Lindsey Graham,0,0,0
Travis,344,President,,REP,Lindsey Graham,0,0,0
Travis,345,President,,REP,Lindsey Graham,0,0,0
Travis,346,President,,REP,Lindsey Graham,0,0,0
Travis,347,President,,REP,Lindsey Graham,0,0,0
Travis,349,President,,REP,Lindsey Graham,0,0,0
Travis,350,President,,REP,Lindsey Graham,0,0,0
Travis,351,President,,REP,Lindsey Graham,0,0,0
Travis,352,President,,REP,Lindsey Graham,1,1,0
Travis,354,President,,REP,Lindsey Graham,0,0,0
Travis,356,President,,REP,Lindsey Graham,0,0,0
Travis,357,President,,REP,Lindsey Graham,0,0,0
Travis,358,President,,REP,Lindsey Graham,0,0,0
Travis,359,President,,REP,Lindsey Graham,0,0,0
Travis,360,President,,REP,Lindsey Graham,0,0,0
Travis,361,President,,REP,Lindsey Graham,0,0,0
Travis,362,President,,REP,Lindsey Graham,0,0,0
Travis,363,President,,REP,Lindsey Graham,1,0,1
Travis,364,President,,REP,Lindsey Graham,0,0,0
Travis,365,President,,REP,Lindsey Graham,0,0,0
Travis,366,President,,REP,Lindsey Graham,0,0,0
Travis,367,President,,REP,Lindsey Graham,0,0,0
Travis,368,President,,REP,Lindsey Graham,0,0,0
Travis,369,President,,REP,Lindsey Graham,0,0,0
Travis,370,President,,REP,Lindsey Graham,1,0,1
Travis,371,President,,REP,Lindsey Graham,0,0,0
Travis,372,President,,REP,Lindsey Graham,1,0,1
Travis,373,President,,REP,Lindsey Graham,0,0,0
Travis,374,President,,REP,Lindsey Graham,0,0,0
Travis,375,President,,REP,Lindsey Graham,0,0,0
Travis,401,President,,REP,Lindsey Graham,0,0,0
Travis,402,President,,REP,Lindsey Graham,0,0,0
Travis,403,President,,REP,Lindsey Graham,0,0,0
Travis,404,President,,REP,Lindsey Graham,0,0,0
Travis,405,President,,REP,Lindsey Graham,0,0,0
Travis,406,President,,REP,Lindsey Graham,1,1,0
Travis,407,President,,REP,Lindsey Graham,0,0,0
Travis,408,President,,REP,Lindsey Graham,0,0,0
Travis,409,President,,REP,Lindsey Graham,0,0,0
Travis,410,President,,REP,Lindsey Graham,1,1,0
Travis,411,President,,REP,Lindsey Graham,0,0,0
Travis,412,President,,REP,Lindsey Graham,0,0,0
Travis,413,President,,REP,Lindsey Graham,0,0,0
Travis,414,President,,REP,Lindsey Graham,0,0,0
Travis,415,President,,REP,Lindsey Graham,0,0,0
Travis,416,President,,REP,Lindsey Graham,0,0,0
Travis,417,President,,REP,Lindsey Graham,0,0,0
Travis,418,President,,REP,Lindsey Graham,0,0,0
Travis,419,President,,REP,Lindsey Graham,0,0,0
Travis,420,President,,REP,Lindsey Graham,0,0,0
Travis,421,President,,REP,Lindsey Graham,0,0,0
Travis,422,President,,REP,Lindsey Graham,0,0,0
Travis,423,President,,REP,Lindsey Graham,0,0,0
Travis,424,President,,REP,Lindsey Graham,0,0,0
Travis,425,President,,REP,Lindsey Graham,0,0,0
Travis,426,President,,REP,Lindsey Graham,0,0,0
Travis,427,President,,REP,Lindsey Graham,0,0,0
Travis,428,President,,REP,Lindsey Graham,0,0,0
Travis,429,President,,REP,Lindsey Graham,0,0,0
Travis,430,President,,REP,Lindsey Graham,0,0,0
Travis,431,President,,REP,Lindsey Graham,0,0,0
Travis,432,President,,REP,Lindsey Graham,0,0,0
Travis,433,President,,REP,Lindsey Graham,0,0,0
Travis,434,President,,REP,Lindsey Graham,0,0,0
Travis,435,President,,REP,Lindsey Graham,0,0,0
Travis,436,President,,REP,Lindsey Graham,0,0,0
Travis,437,President,,REP,Lindsey Graham,0,0,0
Travis,438,President,,REP,Lindsey Graham,0,0,0
Travis,439,President,,REP,Lindsey Graham,0,0,0
Travis,440,President,,REP,Lindsey Graham,0,0,0
Travis,441,President,,REP,Lindsey Graham,0,0,0
Travis,442,President,,REP,Lindsey Graham,0,0,0
Travis,443,President,,REP,Lindsey Graham,0,0,0
Travis,444,President,,REP,Lindsey Graham,0,0,0
Travis,446,President,,REP,Lindsey Graham,1,1,0
Travis,447,President,,REP,Lindsey Graham,0,0,0
Travis,448,President,,REP,Lindsey Graham,1,1,0
Travis,450,President,,REP,Lindsey Graham,0,0,0
Travis,451,President,,REP,Lindsey Graham,0,0,0
Travis,452,President,,REP,Lindsey Graham,0,0,0
Travis,454,President,,REP,Lindsey Graham,1,0,1
Travis,458,President,,REP,Lindsey Graham,0,0,0
Travis,460,President,,REP,Lindsey Graham,1,0,1
Travis,461,President,,REP,Lindsey Graham,0,0,0
Travis,463,President,,REP,Lindsey Graham,0,0,0
Travis,101,President,,REP,Marco Rubio,67,23,44
Travis,102,President,,REP,Marco Rubio,23,4,19
Travis,103,President,,REP,Marco Rubio,37,11,26
Travis,104,President,,REP,Marco Rubio,21,11,10
Travis,105,President,,REP,Marco Rubio,110,36,74
Travis,106,President,,REP,Marco Rubio,77,27,50
Travis,107,President,,REP,Marco Rubio,10,2,8
Travis,108,President,,REP,Marco Rubio,30,11,19
Travis,109,President,,REP,Marco Rubio,50,13,37
Travis,110,President,,REP,Marco Rubio,182,71,111
Travis,111,President,,REP,Marco Rubio,109,42,67
Travis,112,President,,REP,Marco Rubio,18,6,12
Travis,113,President,,REP,Marco Rubio,134,51,83
Travis,114,President,,REP,Marco Rubio,3,0,3
Travis,115,President,,REP,Marco Rubio,0,0,0
Travis,116,President,,REP,Marco Rubio,0,0,0
Travis,117,President,,REP,Marco Rubio,12,4,8
Travis,118,President,,REP,Marco Rubio,7,1,6
Travis,119,President,,REP,Marco Rubio,0,0,0
Travis,120,President,,REP,Marco Rubio,1,1,0
Travis,121,President,,REP,Marco Rubio,5,2,3
Travis,122,President,,REP,Marco Rubio,10,3,7
Travis,123,President,,REP,Marco Rubio,189,47,142
Travis,124,President,,REP,Marco Rubio,53,18,35
Travis,125,President,,REP,Marco Rubio,0,0,0
Travis,126,President,,REP,Marco Rubio,57,17,40
Travis,127,President,,REP,Marco Rubio,0,0,0
Travis,128,President,,REP,Marco Rubio,0,0,0
Travis,129,President,,REP,Marco Rubio,10,3,7
Travis,130,President,,REP,Marco Rubio,27,4,23
Travis,131,President,,REP,Marco Rubio,0,0,0
Travis,132,President,,REP,Marco Rubio,27,7,20
Travis,133,President,,REP,Marco Rubio,37,5,32
Travis,134,President,,REP,Marco Rubio,0,0,0
Travis,135,President,,REP,Marco Rubio,137,44,93
Travis,136,President,,REP,Marco Rubio,128,33,95
Travis,137,President,,REP,Marco Rubio,354,93,261
Travis,138,President,,REP,Marco Rubio,0,0,0
Travis,139,President,,REP,Marco Rubio,47,20,27
Travis,140,President,,REP,Marco Rubio,30,12,18
Travis,141,President,,REP,Marco Rubio,1,0,1
Travis,142,President,,REP,Marco Rubio,13,5,8
Travis,145,President,,REP,Marco Rubio,77,20,57
Travis,146,President,,REP,Marco Rubio,108,39,69
Travis,148,President,,REP,Marco Rubio,101,29,72
Travis,149,President,,REP,Marco Rubio,23,6,17
Travis,150,President,,REP,Marco Rubio,99,36,63
Travis,151,President,,REP,Marco Rubio,29,10,19
Travis,152,President,,REP,Marco Rubio,51,14,37
Travis,153,President,,REP,Marco Rubio,106,33,73
Travis,154,President,,REP,Marco Rubio,44,9,35
Travis,156,President,,REP,Marco Rubio,96,30,66
Travis,160,President,,REP,Marco Rubio,39,14,25
Travis,161,President,,REP,Marco Rubio,27,9,18
Travis,163,President,,REP,Marco Rubio,11,6,5
Travis,164,President,,REP,Marco Rubio,14,3,11
Travis,200,President,,REP,Marco Rubio,96,26,70
Travis,202,President,,REP,Marco Rubio,70,20,50
Travis,203,President,,REP,Marco Rubio,20,4,16
Travis,205,President,,REP,Marco Rubio,56,8,48
Travis,206,President,,REP,Marco Rubio,47,18,29
Travis,207,President,,REP,Marco Rubio,172,50,122
Travis,208,President,,REP,Marco Rubio,253,111,142
Travis,209,President,,REP,Marco Rubio,13,4,9
Travis,210,President,,REP,Marco Rubio,131,55,76
Travis,211,President,,REP,Marco Rubio,34,5,29
Travis,212,President,,REP,Marco Rubio,413,171,242
Travis,213,President,,REP,Marco Rubio,0,0,0
Travis,214,President,,REP,Marco Rubio,266,100,166
Travis,215,President,,REP,Marco Rubio,63,18,45
Travis,216,President,,REP,Marco Rubio,27,15,12
Travis,217,President,,REP,Marco Rubio,53,12,41
Travis,218,President,,REP,Marco Rubio,120,36,84
Travis,219,President,,REP,Marco Rubio,88,20,68
Travis,220,President,,REP,Marco Rubio,143,53,90
Travis,221,President,,REP,Marco Rubio,92,26,66
Travis,222,President,,REP,Marco Rubio,66,13,53
Travis,223,President,,REP,Marco Rubio,18,9,9
Travis,224,President,,REP,Marco Rubio,0,0,0
Travis,225,President,,REP,Marco Rubio,135,33,102
Travis,226,President,,REP,Marco Rubio,40,13,27
Travis,227,President,,REP,Marco Rubio,14,3,11
Travis,228,President,,REP,Marco Rubio,107,51,56
Travis,229,President,,REP,Marco Rubio,80,21,59
Travis,231,President,,REP,Marco Rubio,239,87,152
Travis,232,President,,REP,Marco Rubio,470,225,245
Travis,233,President,,REP,Marco Rubio,262,97,165
Travis,234,President,,REP,Marco Rubio,212,89,123
Travis,235,President,,REP,Marco Rubio,72,22,50
Travis,236,President,,REP,Marco Rubio,89,36,53
Travis,237,President,,REP,Marco Rubio,158,48,110
Travis,238,President,,REP,Marco Rubio,166,46,120
Travis,239,President,,REP,Marco Rubio,117,35,82
Travis,240,President,,REP,Marco Rubio,67,16,51
Travis,241,President,,REP,Marco Rubio,49,13,36
Travis,242,President,,REP,Marco Rubio,121,35,86
Travis,243,President,,REP,Marco Rubio,56,19,37
Travis,244,President,,REP,Marco Rubio,234,96,138
Travis,245,President,,REP,Marco Rubio,68,22,46
Travis,246,President,,REP,Marco Rubio,130,32,98
Travis,247,President,,REP,Marco Rubio,77,22,55
Travis,248,President,,REP,Marco Rubio,50,18,32
Travis,249,President,,REP,Marco Rubio,156,39,117
Travis,250,President,,REP,Marco Rubio,229,69,160
Travis,251,President,,REP,Marco Rubio,210,68,142
Travis,252,President,,REP,Marco Rubio,71,16,55
Travis,253,President,,REP,Marco Rubio,256,116,140
Travis,254,President,,REP,Marco Rubio,141,55,86
Travis,256,President,,REP,Marco Rubio,255,116,139
Travis,258,President,,REP,Marco Rubio,70,26,44
Travis,259,President,,REP,Marco Rubio,113,31,82
Travis,260,President,,REP,Marco Rubio,14,3,11
Travis,262,President,,REP,Marco Rubio,237,110,127
Travis,263,President,,REP,Marco Rubio,97,25,72
Travis,266,President,,REP,Marco Rubio,59,31,28
Travis,267,President,,REP,Marco Rubio,75,29,46
Travis,268,President,,REP,Marco Rubio,28,6,22
Travis,273,President,,REP,Marco Rubio,130,59,71
Travis,274,President,,REP,Marco Rubio,76,27,49
Travis,275,President,,REP,Marco Rubio,84,25,59
Travis,277,President,,REP,Marco Rubio,300,128,172
Travis,301,President,,REP,Marco Rubio,54,19,35
Travis,302,President,,REP,Marco Rubio,166,76,90
Travis,303,President,,REP,Marco Rubio,180,62,118
Travis,304,President,,REP,Marco Rubio,304,95,209
Travis,305,President,,REP,Marco Rubio,2,2,0
Travis,306,President,,REP,Marco Rubio,287,157,130
Travis,307,President,,REP,Marco Rubio,134,53,81
Travis,308,President,,REP,Marco Rubio,356,160,196
Travis,309,President,,REP,Marco Rubio,88,42,46
Travis,310,President,,REP,Marco Rubio,185,77,108
Travis,311,President,,REP,Marco Rubio,154,56,98
Travis,312,President,,REP,Marco Rubio,106,39,67
Travis,313,President,,REP,Marco Rubio,11,3,8
Travis,314,President,,REP,Marco Rubio,475,222,253
Travis,315,President,,REP,Marco Rubio,245,107,138
Travis,316,President,,REP,Marco Rubio,197,76,121
Travis,317,President,,REP,Marco Rubio,244,93,151
Travis,318,President,,REP,Marco Rubio,59,15,44
Travis,319,President,,REP,Marco Rubio,149,83,66
Travis,320,President,,REP,Marco Rubio,182,95,87
Travis,321,President,,REP,Marco Rubio,43,27,16
Travis,323,President,,REP,Marco Rubio,66,25,41
Travis,324,President,,REP,Marco Rubio,478,204,274
Travis,325,President,,REP,Marco Rubio,1,1,0
Travis,326,President,,REP,Marco Rubio,185,60,125
Travis,327,President,,REP,Marco Rubio,220,92,128
Travis,328,President,,REP,Marco Rubio,145,58,87
Travis,329,President,,REP,Marco Rubio,171,60,111
Travis,330,President,,REP,Marco Rubio,280,118,162
Travis,331,President,,REP,Marco Rubio,164,61,103
Travis,332,President,,REP,Marco Rubio,53,10,43
Travis,333,President,,REP,Marco Rubio,207,47,160
Travis,334,President,,REP,Marco Rubio,253,89,164
Travis,335,President,,REP,Marco Rubio,143,47,96
Travis,336,President,,REP,Marco Rubio,162,48,114
Travis,337,President,,REP,Marco Rubio,265,67,198
Travis,338,President,,REP,Marco Rubio,330,125,205
Travis,339,President,,REP,Marco Rubio,68,28,40
Travis,340,President,,REP,Marco Rubio,108,37,71
Travis,341,President,,REP,Marco Rubio,8,2,6
Travis,342,President,,REP,Marco Rubio,129,54,75
Travis,343,President,,REP,Marco Rubio,65,11,54
Travis,344,President,,REP,Marco Rubio,53,18,35
Travis,345,President,,REP,Marco Rubio,0,0,0
Travis,346,President,,REP,Marco Rubio,417,237,180
Travis,347,President,,REP,Marco Rubio,188,91,97
Travis,349,President,,REP,Marco Rubio,218,81,137
Travis,350,President,,REP,Marco Rubio,141,63,78
Travis,351,President,,REP,Marco Rubio,63,26,37
Travis,352,President,,REP,Marco Rubio,85,41,44
Travis,354,President,,REP,Marco Rubio,286,120,166
Travis,356,President,,REP,Marco Rubio,78,31,47
Travis,357,President,,REP,Marco Rubio,73,25,48
Travis,358,President,,REP,Marco Rubio,113,34,79
Travis,359,President,,REP,Marco Rubio,258,113,145
Travis,360,President,,REP,Marco Rubio,217,94,123
Travis,361,President,,REP,Marco Rubio,63,30,33
Travis,362,President,,REP,Marco Rubio,161,68,93
Travis,363,President,,REP,Marco Rubio,100,38,62
Travis,364,President,,REP,Marco Rubio,251,118,133
Travis,365,President,,REP,Marco Rubio,96,36,60
Travis,366,President,,REP,Marco Rubio,329,132,197
Travis,367,President,,REP,Marco Rubio,419,148,271
Travis,368,President,,REP,Marco Rubio,49,22,27
Travis,369,President,,REP,Marco Rubio,215,61,154
Travis,370,President,,REP,Marco Rubio,37,4,33
Travis,371,President,,REP,Marco Rubio,123,39,84
Travis,372,President,,REP,Marco Rubio,61,12,49
Travis,373,President,,REP,Marco Rubio,277,111,166
Travis,374,President,,REP,Marco Rubio,416,121,295
Travis,375,President,,REP,Marco Rubio,57,18,39
Travis,401,President,,REP,Marco Rubio,36,15,21
Travis,402,President,,REP,Marco Rubio,42,13,29
Travis,403,President,,REP,Marco Rubio,24,4,20
Travis,404,President,,REP,Marco Rubio,54,14,40
Travis,405,President,,REP,Marco Rubio,10,4,6
Travis,406,President,,REP,Marco Rubio,176,97,79
Travis,407,President,,REP,Marco Rubio,15,6,9
Travis,408,President,,REP,Marco Rubio,86,39,47
Travis,409,President,,REP,Marco Rubio,33,10,23
Travis,410,President,,REP,Marco Rubio,62,21,41
Travis,411,President,,REP,Marco Rubio,39,15,24
Travis,412,President,,REP,Marco Rubio,1,0,1
Travis,413,President,,REP,Marco Rubio,14,3,11
Travis,414,President,,REP,Marco Rubio,76,23,53
Travis,415,President,,REP,Marco Rubio,27,3,24
Travis,416,President,,REP,Marco Rubio,3,0,3
Travis,417,President,,REP,Marco Rubio,32,14,18
Travis,418,President,,REP,Marco Rubio,0,0,0
Travis,419,President,,REP,Marco Rubio,22,7,15
Travis,420,President,,REP,Marco Rubio,34,16,18
Travis,421,President,,REP,Marco Rubio,87,20,67
Travis,422,President,,REP,Marco Rubio,32,10,22
Travis,423,President,,REP,Marco Rubio,22,6,16
Travis,424,President,,REP,Marco Rubio,44,19,25
Travis,425,President,,REP,Marco Rubio,17,7,10
Travis,426,President,,REP,Marco Rubio,29,8,21
Travis,427,President,,REP,Marco Rubio,16,7,9
Travis,428,President,,REP,Marco Rubio,70,23,47
Travis,429,President,,REP,Marco Rubio,104,31,73
Travis,430,President,,REP,Marco Rubio,15,7,8
Travis,431,President,,REP,Marco Rubio,53,19,34
Travis,432,President,,REP,Marco Rubio,0,0,0
Travis,433,President,,REP,Marco Rubio,48,23,25
Travis,434,President,,REP,Marco Rubio,0,0,0
Travis,435,President,,REP,Marco Rubio,110,45,65
Travis,436,President,,REP,Marco Rubio,0,0,0
Travis,437,President,,REP,Marco Rubio,39,7,32
Travis,438,President,,REP,Marco Rubio,20,2,18
Travis,439,President,,REP,Marco Rubio,29,6,23
Travis,440,President,,REP,Marco Rubio,13,5,8
Travis,441,President,,REP,Marco Rubio,67,20,47
Travis,442,President,,REP,Marco Rubio,20,1,19
Travis,443,President,,REP,Marco Rubio,32,10,22
Travis,444,President,,REP,Marco Rubio,0,0,0
Travis,446,President,,REP,Marco Rubio,22,7,15
Travis,447,President,,REP,Marco Rubio,36,10,26
Travis,448,President,,REP,Marco Rubio,36,13,23
Travis,450,President,,REP,Marco Rubio,37,14,23
Travis,451,President,,REP,Marco Rubio,45,16,29
Travis,452,President,,REP,Marco Rubio,17,10,7
Travis,454,President,,REP,Marco Rubio,61,36,25
Travis,458,President,,REP,Marco Rubio,91,35,56
Travis,460,President,,REP,Marco Rubio,59,29,30
Travis,461,President,,REP,Marco Rubio,84,36,48
Travis,463,President,,REP,Marco Rubio,54,15,39
Travis,101,President,,REP,Mike Huckabee,1,0,1
Travis,102,President,,REP,Mike Huckabee,0,0,0
Travis,103,President,,REP,Mike Huckabee,0,0,0
Travis,104,President,,REP,Mike Huckabee,0,0,0
Travis,105,President,,REP,Mike Huckabee,0,0,0
Travis,106,President,,REP,Mike Huckabee,2,0,2
Travis,107,President,,REP,Mike Huckabee,0,0,0
Travis,108,President,,REP,Mike Huckabee,0,0,0
Travis,109,President,,REP,Mike Huckabee,1,0,1
Travis,110,President,,REP,Mike Huckabee,0,0,0
Travis,111,President,,REP,Mike Huckabee,0,0,0
Travis,112,President,,REP,Mike Huckabee,0,0,0
Travis,113,President,,REP,Mike Huckabee,1,1,0
Travis,114,President,,REP,Mike Huckabee,0,0,0
Travis,115,President,,REP,Mike Huckabee,0,0,0
Travis,116,President,,REP,Mike Huckabee,0,0,0
Travis,117,President,,REP,Mike Huckabee,0,0,0
Travis,118,President,,REP,Mike Huckabee,0,0,0
Travis,119,President,,REP,Mike Huckabee,0,0,0
Travis,120,President,,REP,Mike Huckabee,0,0,0
Travis,121,President,,REP,Mike Huckabee,0,0,0
Travis,122,President,,REP,Mike Huckabee,2,1,1
Travis,123,President,,REP,Mike Huckabee,0,0,0
Travis,124,President,,REP,Mike Huckabee,0,0,0
Travis,125,President,,REP,Mike Huckabee,0,0,0
Travis,126,President,,REP,Mike Huckabee,1,1,0
Travis,127,President,,REP,Mike Huckabee,0,0,0
Travis,128,President,,REP,Mike Huckabee,0,0,0
Travis,129,President,,REP,Mike Huckabee,0,0,0
Travis,130,President,,REP,Mike Huckabee,0,0,0
Travis,131,President,,REP,Mike Huckabee,0,0,0
Travis,132,President,,REP,Mike Huckabee,0,0,0
Travis,133,President,,REP,Mike Huckabee,0,0,0
Travis,134,President,,REP,Mike Huckabee,0,0,0
Travis,135,President,,REP,Mike Huckabee,0,0,0
Travis,136,President,,REP,Mike Huckabee,1,0,1
Travis,137,President,,REP,Mike Huckabee,0,0,0
Travis,138,President,,REP,Mike Huckabee,0,0,0
Travis,139,President,,REP,Mike Huckabee,0,0,0
Travis,140,President,,REP,Mike Huckabee,0,0,0
Travis,141,President,,REP,Mike Huckabee,2,0,2
Travis,142,President,,REP,Mike Huckabee,0,0,0
Travis,145,President,,REP,Mike Huckabee,2,0,2
Travis,146,President,,REP,Mike Huckabee,2,2,0
Travis,148,President,,REP,Mike Huckabee,1,0,1
Travis,149,President,,REP,Mike Huckabee,0,0,0
Travis,150,President,,REP,Mike Huckabee,0,0,0
Travis,151,President,,REP,Mike Huckabee,0,0,0
Travis,152,President,,REP,Mike Huckabee,0,0,0
Travis,153,President,,REP,Mike Huckabee,3,1,2
Travis,154,President,,REP,Mike Huckabee,0,0,0
Travis,156,President,,REP,Mike Huckabee,1,1,0
Travis,160,President,,REP,Mike Huckabee,0,0,0
Travis,161,President,,REP,Mike Huckabee,0,0,0
Travis,163,President,,REP,Mike Huckabee,0,0,0
Travis,164,President,,REP,Mike Huckabee,0,0,0
Travis,200,President,,REP,Mike Huckabee,0,0,0
Travis,202,President,,REP,Mike Huckabee,0,0,0
Travis,203,President,,REP,Mike Huckabee,0,0,0
Travis,205,President,,REP,Mike Huckabee,1,0,1
Travis,206,President,,REP,Mike Huckabee,1,0,1
Travis,207,President,,REP,Mike Huckabee,1,0,1
Travis,208,President,,REP,Mike Huckabee,0,0,0
Travis,209,President,,REP,Mike Huckabee,0,0,0
Travis,210,President,,REP,Mike Huckabee,1,1,0
Travis,211,President,,REP,Mike Huckabee,0,0,0
Travis,212,President,,REP,Mike Huckabee,0,0,0
Travis,213,President,,REP,Mike Huckabee,0,0,0
Travis,214,President,,REP,Mike Huckabee,0,0,0
Travis,215,President,,REP,Mike Huckabee,0,0,0
Travis,216,President,,REP,Mike Huckabee,0,0,0
Travis,217,President,,REP,Mike Huckabee,2,2,0
Travis,218,President,,REP,Mike Huckabee,2,0,2
Travis,219,President,,REP,Mike Huckabee,2,1,1
Travis,220,President,,REP,Mike Huckabee,0,0,0
Travis,221,President,,REP,Mike Huckabee,1,1,0
Travis,222,President,,REP,Mike Huckabee,1,0,1
Travis,223,President,,REP,Mike Huckabee,0,0,0
Travis,224,President,,REP,Mike Huckabee,0,0,0
Travis,225,President,,REP,Mike Huckabee,0,0,0
Travis,226,President,,REP,Mike Huckabee,0,0,0
Travis,227,President,,REP,Mike Huckabee,0,0,0
Travis,228,President,,REP,Mike Huckabee,0,0,0
Travis,229,President,,REP,Mike Huckabee,0,0,0
Travis,231,President,,REP,Mike Huckabee,0,0,0
Travis,232,President,,REP,Mike Huckabee,0,0,0
Travis,233,President,,REP,Mike Huckabee,0,0,0
Travis,234,President,,REP,Mike Huckabee,0,0,0
Travis,235,President,,REP,Mike Huckabee,0,0,0
Travis,236,President,,REP,Mike Huckabee,0,0,0
Travis,237,President,,REP,Mike Huckabee,0,0,0
Travis,238,President,,REP,Mike Huckabee,0,0,0
Travis,239,President,,REP,Mike Huckabee,1,0,1
Travis,240,President,,REP,Mike Huckabee,0,0,0
Travis,241,President,,REP,Mike Huckabee,0,0,0
Travis,242,President,,REP,Mike Huckabee,0,0,0
Travis,243,President,,REP,Mike Huckabee,1,1,0
Travis,244,President,,REP,Mike Huckabee,1,1,0
Travis,245,President,,REP,Mike Huckabee,0,0,0
Travis,246,President,,REP,Mike Huckabee,0,0,0
Travis,247,President,,REP,Mike Huckabee,0,0,0
Travis,248,President,,REP,Mike Huckabee,1,0,1
Travis,249,President,,REP,Mike Huckabee,1,0,1
Travis,250,President,,REP,Mike Huckabee,0,0,0
Travis,251,President,,REP,Mike Huckabee,0,0,0
Travis,252,President,,REP,Mike Huckabee,0,0,0
Travis,253,President,,REP,Mike Huckabee,0,0,0
Travis,254,President,,REP,Mike Huckabee,1,1,0
Travis,256,President,,REP,Mike Huckabee,0,0,0
Travis,258,President,,REP,Mike Huckabee,0,0,0
Travis,259,President,,REP,Mike Huckabee,0,0,0
Travis,260,President,,REP,Mike Huckabee,0,0,0
Travis,262,President,,REP,Mike Huckabee,0,0,0
Travis,263,President,,REP,Mike Huckabee,1,0,1
Travis,266,President,,REP,Mike Huckabee,0,0,0
Travis,267,President,,REP,Mike Huckabee,0,0,0
Travis,268,President,,REP,Mike Huckabee,0,0,0
Travis,273,President,,REP,Mike Huckabee,0,0,0
Travis,274,President,,REP,Mike Huckabee,0,0,0
Travis,275,President,,REP,Mike Huckabee,0,0,0
Travis,277,President,,REP,Mike Huckabee,0,0,0
Travis,301,President,,REP,Mike Huckabee,0,0,0
Travis,302,President,,REP,Mike Huckabee,0,0,0
Travis,303,President,,REP,Mike Huckabee,2,1,1
Travis,304,President,,REP,Mike Huckabee,0,0,0
Travis,305,President,,REP,Mike Huckabee,0,0,0
Travis,306,President,,REP,Mike Huckabee,1,0,1
Travis,307,President,,REP,Mike Huckabee,1,0,1
Travis,308,President,,REP,Mike Huckabee,1,0,1
Travis,309,President,,REP,Mike Huckabee,3,3,0
Travis,310,President,,REP,Mike Huckabee,0,0,0
Travis,311,President,,REP,Mike Huckabee,1,1,0
Travis,312,President,,REP,Mike Huckabee,1,1,0
Travis,313,President,,REP,Mike Huckabee,0,0,0
Travis,314,President,,REP,Mike Huckabee,1,1,0
Travis,315,President,,REP,Mike Huckabee,1,0,1
Travis,316,President,,REP,Mike Huckabee,4,2,2
Travis,317,President,,REP,Mike Huckabee,1,0,1
Travis,318,President,,REP,Mike Huckabee,0,0,0
Travis,319,President,,REP,Mike Huckabee,1,1,0
Travis,320,President,,REP,Mike Huckabee,0,0,0
Travis,321,President,,REP,Mike Huckabee,0,0,0
Travis,323,President,,REP,Mike Huckabee,0,0,0
Travis,324,President,,REP,Mike Huckabee,0,0,0
Travis,325,President,,REP,Mike Huckabee,0,0,0
Travis,326,President,,REP,Mike Huckabee,0,0,0
Travis,327,President,,REP,Mike Huckabee,1,0,1
Travis,328,President,,REP,Mike Huckabee,1,0,1
Travis,329,President,,REP,Mike Huckabee,0,0,0
Travis,330,President,,REP,Mike Huckabee,2,0,2
Travis,331,President,,REP,Mike Huckabee,1,1,0
Travis,332,President,,REP,Mike Huckabee,0,0,0
Travis,333,President,,REP,Mike Huckabee,2,0,2
Travis,334,President,,REP,Mike Huckabee,1,0,1
Travis,335,President,,REP,Mike Huckabee,1,0,1
Travis,336,President,,REP,Mike Huckabee,2,0,2
Travis,337,President,,REP,Mike Huckabee,0,0,0
Travis,338,President,,REP,Mike Huckabee,1,0,1
Travis,339,President,,REP,Mike Huckabee,0,0,0
Travis,340,President,,REP,Mike Huckabee,0,0,0
Travis,341,President,,REP,Mike Huckabee,0,0,0
Travis,342,President,,REP,Mike Huckabee,0,0,0
Travis,343,President,,REP,Mike Huckabee,2,1,1
Travis,344,President,,REP,Mike Huckabee,1,1,0
Travis,345,President,,REP,Mike Huckabee,0,0,0
Travis,346,President,,REP,Mike Huckabee,2,2,0
Travis,347,President,,REP,Mike Huckabee,0,0,0
Travis,349,President,,REP,Mike Huckabee,3,2,1
Travis,350,President,,REP,Mike Huckabee,1,1,0
Travis,351,President,,REP,Mike Huckabee,0,0,0
Travis,352,President,,REP,Mike Huckabee,0,0,0
Travis,354,President,,REP,Mike Huckabee,0,0,0
Travis,356,President,,REP,Mike Huckabee,0,0,0
Travis,357,President,,REP,Mike Huckabee,0,0,0
Travis,358,President,,REP,Mike Huckabee,1,0,1
Travis,359,President,,REP,Mike Huckabee,1,0,1
Travis,360,President,,REP,Mike Huckabee,0,0,0
Travis,361,President,,REP,Mike Huckabee,0,0,0
Travis,362,President,,REP,Mike Huckabee,0,0,0
Travis,363,President,,REP,Mike Huckabee,2,1,1
Travis,364,President,,REP,Mike Huckabee,1,0,1
Travis,365,President,,REP,Mike Huckabee,2,1,1
Travis,366,President,,REP,Mike Huckabee,0,0,0
Travis,367,President,,REP,Mike Huckabee,3,1,2
Travis,368,President,,REP,Mike Huckabee,0,0,0
Travis,369,President,,REP,Mike Huckabee,1,0,1
Travis,370,President,,REP,Mike Huckabee,0,0,0
Travis,371,President,,REP,Mike Huckabee,0,0,0
Travis,372,President,,REP,Mike Huckabee,3,2,1
Travis,373,President,,REP,Mike Huckabee,3,0,3
Travis,374,President,,REP,Mike Huckabee,0,0,0
Travis,375,President,,REP,Mike Huckabee,0,0,0
Travis,401,President,,REP,Mike Huckabee,2,1,1
Travis,402,President,,REP,Mike Huckabee,1,0,1
Travis,403,President,,REP,Mike Huckabee,0,0,0
Travis,404,President,,REP,Mike Huckabee,0,0,0
Travis,405,President,,REP,Mike Huckabee,0,0,0
Travis,406,President,,REP,Mike Huckabee,1,1,0
Travis,407,President,,REP,Mike Huckabee,0,0,0
Travis,408,President,,REP,Mike Huckabee,0,0,0
Travis,409,President,,REP,Mike Huckabee,0,0,0
Travis,410,President,,REP,Mike Huckabee,0,0,0
Travis,411,President,,REP,Mike Huckabee,0,0,0
Travis,412,President,,REP,Mike Huckabee,0,0,0
Travis,413,President,,REP,Mike Huckabee,0,0,0
Travis,414,President,,REP,Mike Huckabee,1,0,1
Travis,415,President,,REP,Mike Huckabee,0,0,0
Travis,416,President,,REP,Mike Huckabee,0,0,0
Travis,417,President,,REP,Mike Huckabee,0,0,0
Travis,418,President,,REP,Mike Huckabee,0,0,0
Travis,419,President,,REP,Mike Huckabee,1,1,0
Travis,420,President,,REP,Mike Huckabee,1,1,0
Travis,421,President,,REP,Mike Huckabee,0,0,0
Travis,422,President,,REP,Mike Huckabee,0,0,0
Travis,423,President,,REP,Mike Huckabee,2,1,1
Travis,424,President,,REP,Mike Huckabee,0,0,0
Travis,425,President,,REP,Mike Huckabee,0,0,0
Travis,426,President,,REP,Mike Huckabee,0,0,0
Travis,427,President,,REP,Mike Huckabee,0,0,0
Travis,428,President,,REP,Mike Huckabee,1,1,0
Travis,429,President,,REP,Mike Huckabee,2,1,1
Travis,430,President,,REP,Mike Huckabee,0,0,0
Travis,431,President,,REP,Mike Huckabee,1,0,1
Travis,432,President,,REP,Mike Huckabee,0,0,0
Travis,433,President,,REP,Mike Huckabee,0,0,0
Travis,434,President,,REP,Mike Huckabee,0,0,0
Travis,435,President,,REP,Mike Huckabee,1,1,0
Travis,436,President,,REP,Mike Huckabee,0,0,0
Travis,437,President,,REP,Mike Huckabee,0,0,0
Travis,438,President,,REP,Mike Huckabee,0,0,0
Travis,439,President,,REP,Mike Huckabee,0,0,0
Travis,440,President,,REP,Mike Huckabee,0,0,0
Travis,441,President,,REP,Mike Huckabee,0,0,0
Travis,442,President,,REP,Mike Huckabee,0,0,0
Travis,443,President,,REP,Mike Huckabee,0,0,0
Travis,444,President,,REP,Mike Huckabee,0,0,0
Travis,446,President,,REP,Mike Huckabee,0,0,0
Travis,447,President,,REP,Mike Huckabee,0,0,0
Travis,448,President,,REP,Mike Huckabee,0,0,0
Travis,450,President,,REP,Mike Huckabee,0,0,0
Travis,451,President,,REP,Mike Huckabee,0,0,0
Travis,452,President,,REP,Mike Huckabee,1,1,0
Travis,454,President,,REP,Mike Huckabee,2,2,0
Travis,458,President,,REP,Mike Huckabee,0,0,0
Travis,460,President,,REP,Mike Huckabee,0,0,0
Travis,461,President,,REP,Mike Huckabee,1,0,1
Travis,463,President,,REP,Mike Huckabee,0,0,0
Travis,101,President,,REP,Rand Paul,2,1,1
Travis,102,President,,REP,Rand Paul,3,1,2
Travis,103,President,,REP,Rand Paul,0,0,0
Travis,104,President,,REP,Rand Paul,0,0,0
Travis,105,President,,REP,Rand Paul,8,2,6
Travis,106,President,,REP,Rand Paul,3,1,2
Travis,107,President,,REP,Rand Paul,0,0,0
Travis,108,President,,REP,Rand Paul,2,0,2
Travis,109,President,,REP,Rand Paul,4,2,2
Travis,110,President,,REP,Rand Paul,7,3,4
Travis,111,President,,REP,Rand Paul,1,1,0
Travis,112,President,,REP,Rand Paul,1,0,1
Travis,113,President,,REP,Rand Paul,1,0,1
Travis,114,President,,REP,Rand Paul,1,0,1
Travis,115,President,,REP,Rand Paul,0,0,0
Travis,116,President,,REP,Rand Paul,0,0,0
Travis,117,President,,REP,Rand Paul,0,0,0
Travis,118,President,,REP,Rand Paul,0,0,0
Travis,119,President,,REP,Rand Paul,0,0,0
Travis,120,President,,REP,Rand Paul,0,0,0
Travis,121,President,,REP,Rand Paul,0,0,0
Travis,122,President,,REP,Rand Paul,0,0,0
Travis,123,President,,REP,Rand Paul,5,0,5
Travis,124,President,,REP,Rand Paul,6,2,4
Travis,125,President,,REP,Rand Paul,0,0,0
Travis,126,President,,REP,Rand Paul,3,2,1
Travis,127,President,,REP,Rand Paul,0,0,0
Travis,128,President,,REP,Rand Paul,0,0,0
Travis,129,President,,REP,Rand Paul,0,0,0
Travis,130,President,,REP,Rand Paul,1,0,1
Travis,131,President,,REP,Rand Paul,0,0,0
Travis,132,President,,REP,Rand Paul,3,0,3
Travis,133,President,,REP,Rand Paul,0,0,0
Travis,134,President,,REP,Rand Paul,0,0,0
Travis,135,President,,REP,Rand Paul,7,2,5
Travis,136,President,,REP,Rand Paul,5,1,4
Travis,137,President,,REP,Rand Paul,6,2,4
Travis,138,President,,REP,Rand Paul,0,0,0
Travis,139,President,,REP,Rand Paul,0,0,0
Travis,140,President,,REP,Rand Paul,0,0,0
Travis,141,President,,REP,Rand Paul,0,0,0
Travis,142,President,,REP,Rand Paul,0,0,0
Travis,145,President,,REP,Rand Paul,4,0,4
Travis,146,President,,REP,Rand Paul,2,0,2
Travis,148,President,,REP,Rand Paul,3,0,3
Travis,149,President,,REP,Rand Paul,1,1,0
Travis,150,President,,REP,Rand Paul,3,1,2
Travis,151,President,,REP,Rand Paul,2,0,2
Travis,152,President,,REP,Rand Paul,2,0,2
Travis,153,President,,REP,Rand Paul,4,0,4
Travis,154,President,,REP,Rand Paul,5,1,4
Travis,156,President,,REP,Rand Paul,5,1,4
Travis,160,President,,REP,Rand Paul,3,1,2
Travis,161,President,,REP,Rand Paul,1,0,1
Travis,163,President,,REP,Rand Paul,0,0,0
Travis,164,President,,REP,Rand Paul,2,0,2
Travis,200,President,,REP,Rand Paul,2,0,2
Travis,202,President,,REP,Rand Paul,4,1,3
Travis,203,President,,REP,Rand Paul,1,0,1
Travis,205,President,,REP,Rand Paul,2,1,1
Travis,206,President,,REP,Rand Paul,1,1,0
Travis,207,President,,REP,Rand Paul,5,1,4
Travis,208,President,,REP,Rand Paul,4,4,0
Travis,209,President,,REP,Rand Paul,2,0,2
Travis,210,President,,REP,Rand Paul,2,1,1
Travis,211,President,,REP,Rand Paul,2,0,2
Travis,212,President,,REP,Rand Paul,2,2,0
Travis,213,President,,REP,Rand Paul,0,0,0
Travis,214,President,,REP,Rand Paul,2,0,2
Travis,215,President,,REP,Rand Paul,6,2,4
Travis,216,President,,REP,Rand Paul,3,2,1
Travis,217,President,,REP,Rand Paul,3,0,3
Travis,218,President,,REP,Rand Paul,4,0,4
Travis,219,President,,REP,Rand Paul,0,0,0
Travis,220,President,,REP,Rand Paul,1,1,0
Travis,221,President,,REP,Rand Paul,1,0,1
Travis,222,President,,REP,Rand Paul,0,0,0
Travis,223,President,,REP,Rand Paul,0,0,0
Travis,224,President,,REP,Rand Paul,0,0,0
Travis,225,President,,REP,Rand Paul,8,4,4
Travis,226,President,,REP,Rand Paul,1,1,0
Travis,227,President,,REP,Rand Paul,0,0,0
Travis,228,President,,REP,Rand Paul,1,1,0
Travis,229,President,,REP,Rand Paul,5,0,5
Travis,231,President,,REP,Rand Paul,3,2,1
Travis,232,President,,REP,Rand Paul,1,0,1
Travis,233,President,,REP,Rand Paul,6,0,6
Travis,234,President,,REP,Rand Paul,3,1,2
Travis,235,President,,REP,Rand Paul,4,1,3
Travis,236,President,,REP,Rand Paul,1,0,1
Travis,237,President,,REP,Rand Paul,1,0,1
Travis,238,President,,REP,Rand Paul,4,2,2
Travis,239,President,,REP,Rand Paul,4,1,3
Travis,240,President,,REP,Rand Paul,4,1,3
Travis,241,President,,REP,Rand Paul,1,1,0
Travis,242,President,,REP,Rand Paul,5,1,4
Travis,243,President,,REP,Rand Paul,0,0,0
Travis,244,President,,REP,Rand Paul,7,1,6
Travis,245,President,,REP,Rand Paul,1,0,1
Travis,246,President,,REP,Rand Paul,2,0,2
Travis,247,President,,REP,Rand Paul,1,1,0
Travis,248,President,,REP,Rand Paul,2,0,2
Travis,249,President,,REP,Rand Paul,1,0,1
Travis,250,President,,REP,Rand Paul,4,2,2
Travis,251,President,,REP,Rand Paul,3,2,1
Travis,252,President,,REP,Rand Paul,1,0,1
Travis,253,President,,REP,Rand Paul,2,1,1
Travis,254,President,,REP,Rand Paul,4,3,1
Travis,256,President,,REP,Rand Paul,2,1,1
Travis,258,President,,REP,Rand Paul,7,2,5
Travis,259,President,,REP,Rand Paul,9,2,7
Travis,260,President,,REP,Rand Paul,0,0,0
Travis,262,President,,REP,Rand Paul,3,1,2
Travis,263,President,,REP,Rand Paul,3,1,2
Travis,266,President,,REP,Rand Paul,0,0,0
Travis,267,President,,REP,Rand Paul,0,0,0
Travis,268,President,,REP,Rand Paul,1,0,1
Travis,273,President,,REP,Rand Paul,3,0,3
Travis,274,President,,REP,Rand Paul,1,1,0
Travis,275,President,,REP,Rand Paul,3,1,2
Travis,277,President,,REP,Rand Paul,4,3,1
Travis,301,President,,REP,Rand Paul,3,1,2
Travis,302,President,,REP,Rand Paul,5,0,5
Travis,303,President,,REP,Rand Paul,5,2,3
Travis,304,President,,REP,Rand Paul,5,3,2
Travis,305,President,,REP,Rand Paul,0,0,0
Travis,306,President,,REP,Rand Paul,4,1,3
Travis,307,President,,REP,Rand Paul,1,0,1
Travis,308,President,,REP,Rand Paul,4,2,2
Travis,309,President,,REP,Rand Paul,5,4,1
Travis,310,President,,REP,Rand Paul,5,0,5
Travis,311,President,,REP,Rand Paul,4,2,2
Travis,312,President,,REP,Rand Paul,10,2,8
Travis,313,President,,REP,Rand Paul,0,0,0
Travis,314,President,,REP,Rand Paul,2,0,2
Travis,315,President,,REP,Rand Paul,3,3,0
Travis,316,President,,REP,Rand Paul,5,3,2
Travis,317,President,,REP,Rand Paul,1,0,1
Travis,318,President,,REP,Rand Paul,0,0,0
Travis,319,President,,REP,Rand Paul,1,0,1
Travis,320,President,,REP,Rand Paul,4,0,4
Travis,321,President,,REP,Rand Paul,1,1,0
Travis,323,President,,REP,Rand Paul,2,0,2
Travis,324,President,,REP,Rand Paul,4,1,3
Travis,325,President,,REP,Rand Paul,0,0,0
Travis,326,President,,REP,Rand Paul,1,0,1
Travis,327,President,,REP,Rand Paul,2,0,2
Travis,328,President,,REP,Rand Paul,5,2,3
Travis,329,President,,REP,Rand Paul,3,1,2
Travis,330,President,,REP,Rand Paul,6,3,3
Travis,331,President,,REP,Rand Paul,1,1,0
Travis,332,President,,REP,Rand Paul,1,1,0
Travis,333,President,,REP,Rand Paul,1,0,1
Travis,334,President,,REP,Rand Paul,7,1,6
Travis,335,President,,REP,Rand Paul,2,0,2
Travis,336,President,,REP,Rand Paul,0,0,0
Travis,337,President,,REP,Rand Paul,6,1,5
Travis,338,President,,REP,Rand Paul,7,1,6
Travis,339,President,,REP,Rand Paul,1,1,0
Travis,340,President,,REP,Rand Paul,4,2,2
Travis,341,President,,REP,Rand Paul,0,0,0
Travis,342,President,,REP,Rand Paul,5,2,3
Travis,343,President,,REP,Rand Paul,4,2,2
Travis,344,President,,REP,Rand Paul,4,0,4
Travis,345,President,,REP,Rand Paul,0,0,0
Travis,346,President,,REP,Rand Paul,5,4,1
Travis,347,President,,REP,Rand Paul,3,2,1
Travis,349,President,,REP,Rand Paul,4,1,3
Travis,350,President,,REP,Rand Paul,4,1,3
Travis,351,President,,REP,Rand Paul,2,1,1
Travis,352,President,,REP,Rand Paul,7,3,4
Travis,354,President,,REP,Rand Paul,10,6,4
Travis,356,President,,REP,Rand Paul,6,2,4
Travis,357,President,,REP,Rand Paul,0,0,0
Travis,358,President,,REP,Rand Paul,2,0,2
Travis,359,President,,REP,Rand Paul,2,1,1
Travis,360,President,,REP,Rand Paul,5,2,3
Travis,361,President,,REP,Rand Paul,3,1,2
Travis,362,President,,REP,Rand Paul,5,2,3
Travis,363,President,,REP,Rand Paul,1,0,1
Travis,364,President,,REP,Rand Paul,2,1,1
Travis,365,President,,REP,Rand Paul,3,1,2
Travis,366,President,,REP,Rand Paul,3,2,1
Travis,367,President,,REP,Rand Paul,4,3,1
Travis,368,President,,REP,Rand Paul,0,0,0
Travis,369,President,,REP,Rand Paul,1,0,1
Travis,370,President,,REP,Rand Paul,2,0,2
Travis,371,President,,REP,Rand Paul,5,1,4
Travis,372,President,,REP,Rand Paul,0,0,0
Travis,373,President,,REP,Rand Paul,1,0,1
Travis,374,President,,REP,Rand Paul,5,2,3
Travis,375,President,,REP,Rand Paul,0,0,0
Travis,401,President,,REP,Rand Paul,0,0,0
Travis,402,President,,REP,Rand Paul,2,0,2
Travis,403,President,,REP,Rand Paul,0,0,0
Travis,404,President,,REP,Rand Paul,2,1,1
Travis,405,President,,REP,Rand Paul,0,0,0
Travis,406,President,,REP,Rand Paul,0,0,0
Travis,407,President,,REP,Rand Paul,0,0,0
Travis,408,President,,REP,Rand Paul,7,1,6
Travis,409,President,,REP,Rand Paul,4,1,3
Travis,410,President,,REP,Rand Paul,4,1,3
Travis,411,President,,REP,Rand Paul,2,1,1
Travis,412,President,,REP,Rand Paul,1,0,1
Travis,413,President,,REP,Rand Paul,1,1,0
Travis,414,President,,REP,Rand Paul,3,0,3
Travis,415,President,,REP,Rand Paul,2,0,2
Travis,416,President,,REP,Rand Paul,0,0,0
Travis,417,President,,REP,Rand Paul,4,3,1
Travis,418,President,,REP,Rand Paul,0,0,0
Travis,419,President,,REP,Rand Paul,0,0,0
Travis,420,President,,REP,Rand Paul,3,1,2
Travis,421,President,,REP,Rand Paul,1,1,0
Travis,422,President,,REP,Rand Paul,4,1,3
Travis,423,President,,REP,Rand Paul,2,0,2
Travis,424,President,,REP,Rand Paul,1,1,0
Travis,425,President,,REP,Rand Paul,2,0,2
Travis,426,President,,REP,Rand Paul,2,0,2
Travis,427,President,,REP,Rand Paul,1,0,1
Travis,428,President,,REP,Rand Paul,0,0,0
Travis,429,President,,REP,Rand Paul,4,2,2
Travis,430,President,,REP,Rand Paul,1,0,1
Travis,431,President,,REP,Rand Paul,4,1,3
Travis,432,President,,REP,Rand Paul,0,0,0
Travis,433,President,,REP,Rand Paul,3,0,3
Travis,434,President,,REP,Rand Paul,0,0,0
Travis,435,President,,REP,Rand Paul,4,1,3
Travis,436,President,,REP,Rand Paul,0,0,0
Travis,437,President,,REP,Rand Paul,2,1,1
Travis,438,President,,REP,Rand Paul,0,0,0
Travis,439,President,,REP,Rand Paul,0,0,0
Travis,440,President,,REP,Rand Paul,0,0,0
Travis,441,President,,REP,Rand Paul,4,3,1
Travis,442,President,,REP,Rand Paul,1,1,0
Travis,443,President,,REP,Rand Paul,4,0,4
Travis,444,President,,REP,Rand Paul,0,0,0
Travis,446,President,,REP,Rand Paul,0,0,0
Travis,447,President,,REP,Rand Paul,3,1,2
Travis,448,President,,REP,Rand Paul,1,1,0
Travis,450,President,,REP,Rand Paul,3,0,3
Travis,451,President,,REP,Rand Paul,4,1,3
Travis,452,President,,REP,Rand Paul,1,0,1
Travis,454,President,,REP,Rand Paul,4,2,2
Travis,458,President,,REP,Rand Paul,3,0,3
Travis,460,President,,REP,Rand Paul,2,2,0
Travis,461,President,,REP,Rand Paul,8,0,8
Travis,463,President,,REP,Rand Paul,2,0,2
Travis,101,President,,REP,Rick Santorum,0,0,0
Travis,102,President,,REP,Rick Santorum,0,0,0
Travis,103,President,,REP,Rick Santorum,0,0,0
Travis,104,President,,REP,Rick Santorum,0,0,0
Travis,105,President,,REP,Rick Santorum,2,2,0
Travis,106,President,,REP,Rick Santorum,0,0,0
Travis,107,President,,REP,Rick Santorum,0,0,0
Travis,108,President,,REP,Rick Santorum,0,0,0
Travis,109,President,,REP,Rick Santorum,0,0,0
Travis,110,President,,REP,Rick Santorum,2,0,2
Travis,111,President,,REP,Rick Santorum,0,0,0
Travis,112,President,,REP,Rick Santorum,0,0,0
Travis,113,President,,REP,Rick Santorum,0,0,0
Travis,114,President,,REP,Rick Santorum,0,0,0
Travis,115,President,,REP,Rick Santorum,0,0,0
Travis,116,President,,REP,Rick Santorum,0,0,0
Travis,117,President,,REP,Rick Santorum,0,0,0
Travis,118,President,,REP,Rick Santorum,0,0,0
Travis,119,President,,REP,Rick Santorum,0,0,0
Travis,120,President,,REP,Rick Santorum,0,0,0
Travis,121,President,,REP,Rick Santorum,0,0,0
Travis,122,President,,REP,Rick Santorum,0,0,0
Travis,123,President,,REP,Rick Santorum,1,1,0
Travis,124,President,,REP,Rick Santorum,0,0,0
Travis,125,President,,REP,Rick Santorum,0,0,0
Travis,126,President,,REP,Rick Santorum,0,0,0
Travis,127,President,,REP,Rick Santorum,0,0,0
Travis,128,President,,REP,Rick Santorum,0,0,0
Travis,129,President,,REP,Rick Santorum,0,0,0
Travis,130,President,,REP,Rick Santorum,0,0,0
Travis,131,President,,REP,Rick Santorum,0,0,0
Travis,132,President,,REP,Rick Santorum,0,0,0
Travis,133,President,,REP,Rick Santorum,0,0,0
Travis,134,President,,REP,Rick Santorum,0,0,0
Travis,135,President,,REP,Rick Santorum,0,0,0
Travis,136,President,,REP,Rick Santorum,0,0,0
Travis,137,President,,REP,Rick Santorum,0,0,0
Travis,138,President,,REP,Rick Santorum,0,0,0
Travis,139,President,,REP,Rick Santorum,1,0,1
Travis,140,President,,REP,Rick Santorum,0,0,0
Travis,141,President,,REP,Rick Santorum,0,0,0
Travis,142,President,,REP,Rick Santorum,0,0,0
Travis,145,President,,REP,Rick Santorum,2,2,0
Travis,146,President,,REP,Rick Santorum,0,0,0
Travis,148,President,,REP,Rick Santorum,0,0,0
Travis,149,President,,REP,Rick Santorum,0,0,0
Travis,150,President,,REP,Rick Santorum,0,0,0
Travis,151,President,,REP,Rick Santorum,0,0,0
Travis,152,President,,REP,Rick Santorum,0,0,0
Travis,153,President,,REP,Rick Santorum,1,0,1
Travis,154,President,,REP,Rick Santorum,0,0,0
Travis,156,President,,REP,Rick Santorum,0,0,0
Travis,160,President,,REP,Rick Santorum,0,0,0
Travis,161,President,,REP,Rick Santorum,0,0,0
Travis,163,President,,REP,Rick Santorum,0,0,0
Travis,164,President,,REP,Rick Santorum,0,0,0
Travis,200,President,,REP,Rick Santorum,0,0,0
Travis,202,President,,REP,Rick Santorum,0,0,0
Travis,203,President,,REP,Rick Santorum,0,0,0
Travis,205,President,,REP,Rick Santorum,0,0,0
Travis,206,President,,REP,Rick Santorum,0,0,0
Travis,207,President,,REP,Rick Santorum,0,0,0
Travis,208,President,,REP,Rick Santorum,1,1,0
Travis,209,President,,REP,Rick Santorum,0,0,0
Travis,210,President,,REP,Rick Santorum,0,0,0
Travis,211,President,,REP,Rick Santorum,0,0,0
Travis,212,President,,REP,Rick Santorum,1,1,0
Travis,213,President,,REP,Rick Santorum,0,0,0
Travis,214,President,,REP,Rick Santorum,0,0,0
Travis,215,President,,REP,Rick Santorum,0,0,0
Travis,216,President,,REP,Rick Santorum,0,0,0
Travis,217,President,,REP,Rick Santorum,1,0,1
Travis,218,President,,REP,Rick Santorum,0,0,0
Travis,219,President,,REP,Rick Santorum,0,0,0
Travis,220,President,,REP,Rick Santorum,0,0,0
Travis,221,President,,REP,Rick Santorum,0,0,0
Travis,222,President,,REP,Rick Santorum,1,1,0
Travis,223,President,,REP,Rick Santorum,0,0,0
Travis,224,President,,REP,Rick Santorum,0,0,0
Travis,225,President,,REP,Rick Santorum,0,0,0
Travis,226,President,,REP,Rick Santorum,0,0,0
Travis,227,President,,REP,Rick Santorum,0,0,0
Travis,228,President,,REP,Rick Santorum,0,0,0
Travis,229,President,,REP,Rick Santorum,0,0,0
Travis,231,President,,REP,Rick Santorum,0,0,0
Travis,232,President,,REP,Rick Santorum,0,0,0
Travis,233,President,,REP,Rick Santorum,0,0,0
Travis,234,President,,REP,Rick Santorum,0,0,0
Travis,235,President,,REP,Rick Santorum,0,0,0
Travis,236,President,,REP,Rick Santorum,0,0,0
Travis,237,President,,REP,Rick Santorum,0,0,0
Travis,238,President,,REP,Rick Santorum,1,0,1
Travis,239,President,,REP,Rick Santorum,1,1,0
Travis,240,President,,REP,Rick Santorum,0,0,0
Travis,241,President,,REP,Rick Santorum,0,0,0
Travis,242,President,,REP,Rick Santorum,1,0,1
Travis,243,President,,REP,Rick Santorum,0,0,0
Travis,244,President,,REP,Rick Santorum,0,0,0
Travis,245,President,,REP,Rick Santorum,0,0,0
Travis,246,President,,REP,Rick Santorum,0,0,0
Travis,247,President,,REP,Rick Santorum,0,0,0
Travis,248,President,,REP,Rick Santorum,0,0,0
Travis,249,President,,REP,Rick Santorum,0,0,0
Travis,250,President,,REP,Rick Santorum,0,0,0
Travis,251,President,,REP,Rick Santorum,0,0,0
Travis,252,President,,REP,Rick Santorum,0,0,0
Travis,253,President,,REP,Rick Santorum,0,0,0
Travis,254,President,,REP,Rick Santorum,1,0,1
Travis,256,President,,REP,Rick Santorum,0,0,0
Travis,258,President,,REP,Rick Santorum,0,0,0
Travis,259,President,,REP,Rick Santorum,1,0,1
Travis,260,President,,REP,Rick Santorum,0,0,0
Travis,262,President,,REP,Rick Santorum,0,0,0
Travis,263,President,,REP,Rick Santorum,0,0,0
Travis,266,President,,REP,Rick Santorum,0,0,0
Travis,267,President,,REP,Rick Santorum,0,0,0
Travis,268,President,,REP,Rick Santorum,0,0,0
Travis,273,President,,REP,Rick Santorum,1,1,0
Travis,274,President,,REP,Rick Santorum,0,0,0
Travis,275,President,,REP,Rick Santorum,0,0,0
Travis,277,President,,REP,Rick Santorum,0,0,0
Travis,301,President,,REP,Rick Santorum,0,0,0
Travis,302,President,,REP,Rick Santorum,0,0,0
Travis,303,President,,REP,Rick Santorum,0,0,0
Travis,304,President,,REP,Rick Santorum,0,0,0
Travis,305,President,,REP,Rick Santorum,0,0,0
Travis,306,President,,REP,Rick Santorum,0,0,0
Travis,307,President,,REP,Rick Santorum,0,0,0
Travis,308,President,,REP,Rick Santorum,0,0,0
Travis,309,President,,REP,Rick Santorum,0,0,0
Travis,310,President,,REP,Rick Santorum,0,0,0
Travis,311,President,,REP,Rick Santorum,0,0,0
Travis,312,President,,REP,Rick Santorum,0,0,0
Travis,313,President,,REP,Rick Santorum,0,0,0
Travis,314,President,,REP,Rick Santorum,0,0,0
Travis,315,President,,REP,Rick Santorum,0,0,0
Travis,316,President,,REP,Rick Santorum,1,1,0
Travis,317,President,,REP,Rick Santorum,0,0,0
Travis,318,President,,REP,Rick Santorum,0,0,0
Travis,319,President,,REP,Rick Santorum,0,0,0
Travis,320,President,,REP,Rick Santorum,0,0,0
Travis,321,President,,REP,Rick Santorum,0,0,0
Travis,323,President,,REP,Rick Santorum,0,0,0
Travis,324,President,,REP,Rick Santorum,0,0,0
Travis,325,President,,REP,Rick Santorum,0,0,0
Travis,326,President,,REP,Rick Santorum,0,0,0
Travis,327,President,,REP,Rick Santorum,0,0,0
Travis,328,President,,REP,Rick Santorum,0,0,0
Travis,329,President,,REP,Rick Santorum,0,0,0
Travis,330,President,,REP,Rick Santorum,0,0,0
Travis,331,President,,REP,Rick Santorum,0,0,0
Travis,332,President,,REP,Rick Santorum,0,0,0
Travis,333,President,,REP,Rick Santorum,0,0,0
Travis,334,President,,REP,Rick Santorum,1,1,0
Travis,335,President,,REP,Rick Santorum,0,0,0
Travis,336,President,,REP,Rick Santorum,0,0,0
Travis,337,President,,REP,Rick Santorum,0,0,0
Travis,338,President,,REP,Rick Santorum,1,1,0
Travis,339,President,,REP,Rick Santorum,0,0,0
Travis,340,President,,REP,Rick Santorum,0,0,0
Travis,341,President,,REP,Rick Santorum,0,0,0
Travis,342,President,,REP,Rick Santorum,0,0,0
Travis,343,President,,REP,Rick Santorum,0,0,0
Travis,344,President,,REP,Rick Santorum,0,0,0
Travis,345,President,,REP,Rick Santorum,0,0,0
Travis,346,President,,REP,Rick Santorum,1,1,0
Travis,347,President,,REP,Rick Santorum,1,1,0
Travis,349,President,,REP,Rick Santorum,0,0,0
Travis,350,President,,REP,Rick Santorum,0,0,0
Travis,351,President,,REP,Rick Santorum,0,0,0
Travis,352,President,,REP,Rick Santorum,0,0,0
Travis,354,President,,REP,Rick Santorum,0,0,0
Travis,356,President,,REP,Rick Santorum,0,0,0
Travis,357,President,,REP,Rick Santorum,1,0,1
Travis,358,President,,REP,Rick Santorum,0,0,0
Travis,359,President,,REP,Rick Santorum,0,0,0
Travis,360,President,,REP,Rick Santorum,0,0,0
Travis,361,President,,REP,Rick Santorum,0,0,0
Travis,362,President,,REP,Rick Santorum,0,0,0
Travis,363,President,,REP,Rick Santorum,0,0,0
Travis,364,President,,REP,Rick Santorum,0,0,0
Travis,365,President,,REP,Rick Santorum,0,0,0
Travis,366,President,,REP,Rick Santorum,0,0,0
Travis,367,President,,REP,Rick Santorum,0,0,0
Travis,368,President,,REP,Rick Santorum,0,0,0
Travis,369,President,,REP,Rick Santorum,0,0,0
Travis,370,President,,REP,Rick Santorum,0,0,0
Travis,371,President,,REP,Rick Santorum,0,0,0
Travis,372,President,,REP,Rick Santorum,0,0,0
Travis,373,President,,REP,Rick Santorum,0,0,0
Travis,374,President,,REP,Rick Santorum,0,0,0
Travis,375,President,,REP,Rick Santorum,0,0,0
Travis,401,President,,REP,Rick Santorum,0,0,0
Travis,402,President,,REP,Rick Santorum,0,0,0
Travis,403,President,,REP,Rick Santorum,0,0,0
Travis,404,President,,REP,Rick Santorum,0,0,0
Travis,405,President,,REP,Rick Santorum,0,0,0
Travis,406,President,,REP,Rick Santorum,0,0,0
Travis,407,President,,REP,Rick Santorum,0,0,0
Travis,408,President,,REP,Rick Santorum,0,0,0
Travis,409,President,,REP,Rick Santorum,0,0,0
Travis,410,President,,REP,Rick Santorum,1,1,0
Travis,411,President,,REP,Rick Santorum,1,1,0
Travis,412,President,,REP,Rick Santorum,0,0,0
Travis,413,President,,REP,Rick Santorum,0,0,0
Travis,414,President,,REP,Rick Santorum,0,0,0
Travis,415,President,,REP,Rick Santorum,0,0,0
Travis,416,President,,REP,Rick Santorum,0,0,0
Travis,417,President,,REP,Rick Santorum,0,0,0
Travis,418,President,,REP,Rick Santorum,0,0,0
Travis,419,President,,REP,Rick Santorum,0,0,0
Travis,420,President,,REP,Rick Santorum,0,0,0
Travis,421,President,,REP,Rick Santorum,0,0,0
Travis,422,President,,REP,Rick Santorum,0,0,0
Travis,423,President,,REP,Rick Santorum,0,0,0
Travis,424,President,,REP,Rick Santorum,0,0,0
Travis,425,President,,REP,Rick Santorum,0,0,0
Travis,426,President,,REP,Rick Santorum,0,0,0
Travis,427,President,,REP,Rick Santorum,0,0,0
Travis,428,President,,REP,Rick Santorum,0,0,0
Travis,429,President,,REP,Rick Santorum,0,0,0
Travis,430,President,,REP,Rick Santorum,0,0,0
Travis,431,President,,REP,Rick Santorum,0,0,0
Travis,432,President,,REP,Rick Santorum,0,0,0
Travis,433,President,,REP,Rick Santorum,0,0,0
Travis,434,President,,REP,Rick Santorum,0,0,0
Travis,435,President,,REP,Rick Santorum,0,0,0
Travis,436,President,,REP,Rick Santorum,0,0,0
Travis,437,President,,REP,Rick Santorum,0,0,0
Travis,438,President,,REP,Rick Santorum,0,0,0
Travis,439,President,,REP,Rick Santorum,0,0,0
Travis,440,President,,REP,Rick Santorum,0,0,0
Travis,441,President,,REP,Rick Santorum,0,0,0
Travis,442,President,,REP,Rick Santorum,1,0,1
Travis,443,President,,REP,Rick Santorum,0,0,0
Travis,444,President,,REP,Rick Santorum,0,0,0
Travis,446,President,,REP,Rick Santorum,0,0,0
Travis,447,President,,REP,Rick Santorum,0,0,0
Travis,448,President,,REP,Rick Santorum,1,0,1
Travis,450,President,,REP,Rick Santorum,0,0,0
Travis,451,President,,REP,Rick Santorum,0,0,0
Travis,452,President,,REP,Rick Santorum,0,0,0
Travis,454,President,,REP,Rick Santorum,0,0,0
Travis,458,President,,REP,Rick Santorum,0,0,0
Travis,460,President,,REP,Rick Santorum,0,0,0
Travis,461,President,,REP,Rick Santorum,0,0,0
Travis,463,President,,REP,Rick Santorum,0,0,0
Travis,101,President,,REP,Ted Cruz,99,35,64
Travis,102,President,,REP,Ted Cruz,26,11,15
Travis,103,President,,REP,Ted Cruz,73,24,49
Travis,104,President,,REP,Ted Cruz,49,13,36
Travis,105,President,,REP,Ted Cruz,223,85,138
Travis,106,President,,REP,Ted Cruz,253,79,174
Travis,107,President,,REP,Ted Cruz,33,3,30
Travis,108,President,,REP,Ted Cruz,35,4,31
Travis,109,President,,REP,Ted Cruz,86,27,59
Travis,110,President,,REP,Ted Cruz,216,68,148
Travis,111,President,,REP,Ted Cruz,150,45,105
Travis,112,President,,REP,Ted Cruz,34,6,28
Travis,113,President,,REP,Ted Cruz,184,59,125
Travis,114,President,,REP,Ted Cruz,12,4,8
Travis,115,President,,REP,Ted Cruz,0,0,0
Travis,116,President,,REP,Ted Cruz,0,0,0
Travis,117,President,,REP,Ted Cruz,19,6,13
Travis,118,President,,REP,Ted Cruz,5,3,2
Travis,119,President,,REP,Ted Cruz,0,0,0
Travis,120,President,,REP,Ted Cruz,10,2,8
Travis,121,President,,REP,Ted Cruz,9,0,9
Travis,122,President,,REP,Ted Cruz,15,8,7
Travis,123,President,,REP,Ted Cruz,269,68,201
Travis,124,President,,REP,Ted Cruz,25,7,18
Travis,125,President,,REP,Ted Cruz,0,0,0
Travis,126,President,,REP,Ted Cruz,27,7,20
Travis,127,President,,REP,Ted Cruz,0,0,0
Travis,128,President,,REP,Ted Cruz,0,0,0
Travis,129,President,,REP,Ted Cruz,12,6,6
Travis,130,President,,REP,Ted Cruz,33,8,25
Travis,131,President,,REP,Ted Cruz,0,0,0
Travis,132,President,,REP,Ted Cruz,29,7,22
Travis,133,President,,REP,Ted Cruz,38,6,32
Travis,134,President,,REP,Ted Cruz,0,0,0
Travis,135,President,,REP,Ted Cruz,93,33,60
Travis,136,President,,REP,Ted Cruz,218,88,130
Travis,137,President,,REP,Ted Cruz,563,185,378
Travis,138,President,,REP,Ted Cruz,0,0,0
Travis,139,President,,REP,Ted Cruz,69,12,57
Travis,140,President,,REP,Ted Cruz,62,11,51
Travis,141,President,,REP,Ted Cruz,9,2,7
Travis,142,President,,REP,Ted Cruz,6,1,5
Travis,145,President,,REP,Ted Cruz,110,35,75
Travis,146,President,,REP,Ted Cruz,184,71,113
Travis,148,President,,REP,Ted Cruz,141,45,96
Travis,149,President,,REP,Ted Cruz,17,4,13
Travis,150,President,,REP,Ted Cruz,218,89,129
Travis,151,President,,REP,Ted Cruz,41,12,29
Travis,152,President,,REP,Ted Cruz,19,5,14
Travis,153,President,,REP,Ted Cruz,116,33,83
Travis,154,President,,REP,Ted Cruz,118,28,90
Travis,156,President,,REP,Ted Cruz,98,27,71
Travis,160,President,,REP,Ted Cruz,90,38,52
Travis,161,President,,REP,Ted Cruz,84,30,54
Travis,163,President,,REP,Ted Cruz,30,10,20
Travis,164,President,,REP,Ted Cruz,25,4,21
Travis,200,President,,REP,Ted Cruz,62,10,52
Travis,202,President,,REP,Ted Cruz,45,16,29
Travis,203,President,,REP,Ted Cruz,36,11,25
Travis,205,President,,REP,Ted Cruz,80,19,61
Travis,206,President,,REP,Ted Cruz,21,7,14
Travis,207,President,,REP,Ted Cruz,194,59,135
Travis,208,President,,REP,Ted Cruz,87,34,53
Travis,209,President,,REP,Ted Cruz,23,5,18
Travis,210,President,,REP,Ted Cruz,43,21,22
Travis,211,President,,REP,Ted Cruz,72,17,55
Travis,212,President,,REP,Ted Cruz,258,108,150
Travis,213,President,,REP,Ted Cruz,0,0,0
Travis,214,President,,REP,Ted Cruz,101,25,76
Travis,215,President,,REP,Ted Cruz,79,24,55
Travis,216,President,,REP,Ted Cruz,66,20,46
Travis,217,President,,REP,Ted Cruz,70,21,49
Travis,218,President,,REP,Ted Cruz,144,47,97
Travis,219,President,,REP,Ted Cruz,135,35,100
Travis,220,President,,REP,Ted Cruz,92,31,61
Travis,221,President,,REP,Ted Cruz,46,21,25
Travis,222,President,,REP,Ted Cruz,90,26,64
Travis,223,President,,REP,Ted Cruz,14,7,7
Travis,224,President,,REP,Ted Cruz,2,1,1
Travis,225,President,,REP,Ted Cruz,134,37,97
Travis,226,President,,REP,Ted Cruz,57,22,35
Travis,227,President,,REP,Ted Cruz,19,12,7
Travis,228,President,,REP,Ted Cruz,104,39,65
Travis,229,President,,REP,Ted Cruz,98,26,72
Travis,231,President,,REP,Ted Cruz,149,49,100
Travis,232,President,,REP,Ted Cruz,465,195,270
Travis,233,President,,REP,Ted Cruz,224,78,146
Travis,234,President,,REP,Ted Cruz,166,53,113
Travis,235,President,,REP,Ted Cruz,27,4,23
Travis,236,President,,REP,Ted Cruz,71,20,51
Travis,237,President,,REP,Ted Cruz,99,32,67
Travis,238,President,,REP,Ted Cruz,90,28,62
Travis,239,President,,REP,Ted Cruz,95,28,67
Travis,240,President,,REP,Ted Cruz,32,13,19
Travis,241,President,,REP,Ted Cruz,43,14,29
Travis,242,President,,REP,Ted Cruz,94,36,58
Travis,243,President,,REP,Ted Cruz,78,34,44
Travis,244,President,,REP,Ted Cruz,232,91,141
Travis,245,President,,REP,Ted Cruz,113,24,89
Travis,246,President,,REP,Ted Cruz,88,38,50
Travis,247,President,,REP,Ted Cruz,57,15,42
Travis,248,President,,REP,Ted Cruz,74,18,56
Travis,249,President,,REP,Ted Cruz,145,48,97
Travis,250,President,,REP,Ted Cruz,94,36,58
Travis,251,President,,REP,Ted Cruz,87,19,68
Travis,252,President,,REP,Ted Cruz,78,36,42
Travis,253,President,,REP,Ted Cruz,156,52,104
Travis,254,President,,REP,Ted Cruz,138,45,93
Travis,256,President,,REP,Ted Cruz,95,42,53
Travis,258,President,,REP,Ted Cruz,148,43,105
Travis,259,President,,REP,Ted Cruz,147,59,88
Travis,260,President,,REP,Ted Cruz,28,8,20
Travis,262,President,,REP,Ted Cruz,173,53,120
Travis,263,President,,REP,Ted Cruz,142,29,113
Travis,266,President,,REP,Ted Cruz,20,10,10
Travis,267,President,,REP,Ted Cruz,83,32,51
Travis,268,President,,REP,Ted Cruz,35,9,26
Travis,273,President,,REP,Ted Cruz,70,24,46
Travis,274,President,,REP,Ted Cruz,30,14,16
Travis,275,President,,REP,Ted Cruz,33,7,26
Travis,277,President,,REP,Ted Cruz,110,41,69
Travis,301,President,,REP,Ted Cruz,60,22,38
Travis,302,President,,REP,Ted Cruz,282,121,161
Travis,303,President,,REP,Ted Cruz,271,106,165
Travis,304,President,,REP,Ted Cruz,303,101,202
Travis,305,President,,REP,Ted Cruz,0,0,0
Travis,306,President,,REP,Ted Cruz,241,131,110
Travis,307,President,,REP,Ted Cruz,79,26,53
Travis,308,President,,REP,Ted Cruz,602,230,372
Travis,309,President,,REP,Ted Cruz,142,54,88
Travis,310,President,,REP,Ted Cruz,270,107,163
Travis,311,President,,REP,Ted Cruz,83,27,56
Travis,312,President,,REP,Ted Cruz,161,63,98
Travis,313,President,,REP,Ted Cruz,1,0,1
Travis,314,President,,REP,Ted Cruz,388,155,233
Travis,315,President,,REP,Ted Cruz,263,106,157
Travis,316,President,,REP,Ted Cruz,221,79,142
Travis,317,President,,REP,Ted Cruz,165,55,110
Travis,318,President,,REP,Ted Cruz,60,15,45
Travis,319,President,,REP,Ted Cruz,215,94,121
Travis,320,President,,REP,Ted Cruz,182,82,100
Travis,321,President,,REP,Ted Cruz,40,13,27
Travis,323,President,,REP,Ted Cruz,44,20,24
Travis,324,President,,REP,Ted Cruz,371,170,201
Travis,325,President,,REP,Ted Cruz,7,6,1
Travis,326,President,,REP,Ted Cruz,137,45,92
Travis,327,President,,REP,Ted Cruz,181,66,115
Travis,328,President,,REP,Ted Cruz,159,49,110
Travis,329,President,,REP,Ted Cruz,89,37,52
Travis,330,President,,REP,Ted Cruz,227,74,153
Travis,331,President,,REP,Ted Cruz,185,65,120
Travis,332,President,,REP,Ted Cruz,37,15,22
Travis,333,President,,REP,Ted Cruz,226,53,173
Travis,334,President,,REP,Ted Cruz,237,62,175
Travis,335,President,,REP,Ted Cruz,127,38,89
Travis,336,President,,REP,Ted Cruz,150,42,108
Travis,337,President,,REP,Ted Cruz,223,61,162
Travis,338,President,,REP,Ted Cruz,308,89,219
Travis,339,President,,REP,Ted Cruz,89,39,50
Travis,340,President,,REP,Ted Cruz,42,12,30
Travis,341,President,,REP,Ted Cruz,5,1,4
Travis,342,President,,REP,Ted Cruz,111,39,72
Travis,343,President,,REP,Ted Cruz,84,24,60
Travis,344,President,,REP,Ted Cruz,80,32,48
Travis,345,President,,REP,Ted Cruz,0,0,0
Travis,346,President,,REP,Ted Cruz,339,175,164
Travis,347,President,,REP,Ted Cruz,178,71,107
Travis,349,President,,REP,Ted Cruz,244,93,151
Travis,350,President,,REP,Ted Cruz,171,54,117
Travis,351,President,,REP,Ted Cruz,74,34,40
Travis,352,President,,REP,Ted Cruz,107,39,68
Travis,354,President,,REP,Ted Cruz,253,112,141
Travis,356,President,,REP,Ted Cruz,46,13,33
Travis,357,President,,REP,Ted Cruz,35,12,23
Travis,358,President,,REP,Ted Cruz,157,53,104
Travis,359,President,,REP,Ted Cruz,296,129,167
Travis,360,President,,REP,Ted Cruz,214,98,116
Travis,361,President,,REP,Ted Cruz,116,39,77
Travis,362,President,,REP,Ted Cruz,171,72,99
Travis,363,President,,REP,Ted Cruz,115,50,65
Travis,364,President,,REP,Ted Cruz,202,88,114
Travis,365,President,,REP,Ted Cruz,149,58,91
Travis,366,President,,REP,Ted Cruz,301,114,187
Travis,367,President,,REP,Ted Cruz,389,139,250
Travis,368,President,,REP,Ted Cruz,25,12,13
Travis,369,President,,REP,Ted Cruz,274,68,206
Travis,370,President,,REP,Ted Cruz,151,11,140
Travis,371,President,,REP,Ted Cruz,249,43,206
Travis,372,President,,REP,Ted Cruz,171,27,144
Travis,373,President,,REP,Ted Cruz,527,163,364
Travis,374,President,,REP,Ted Cruz,505,126,379
Travis,375,President,,REP,Ted Cruz,92,23,69
Travis,401,President,,REP,Ted Cruz,82,24,58
Travis,402,President,,REP,Ted Cruz,74,16,58
Travis,403,President,,REP,Ted Cruz,72,18,54
Travis,404,President,,REP,Ted Cruz,51,13,38
Travis,405,President,,REP,Ted Cruz,14,4,10
Travis,406,President,,REP,Ted Cruz,213,93,120
Travis,407,President,,REP,Ted Cruz,25,13,12
Travis,408,President,,REP,Ted Cruz,134,41,93
Travis,409,President,,REP,Ted Cruz,25,7,18
Travis,410,President,,REP,Ted Cruz,62,31,31
Travis,411,President,,REP,Ted Cruz,51,13,38
Travis,412,President,,REP,Ted Cruz,2,0,2
Travis,413,President,,REP,Ted Cruz,26,12,14
Travis,414,President,,REP,Ted Cruz,138,41,97
Travis,415,President,,REP,Ted Cruz,32,12,20
Travis,416,President,,REP,Ted Cruz,7,1,6
Travis,417,President,,REP,Ted Cruz,48,11,37
Travis,418,President,,REP,Ted Cruz,1,0,1
Travis,419,President,,REP,Ted Cruz,16,2,14
Travis,420,President,,REP,Ted Cruz,29,14,15
Travis,421,President,,REP,Ted Cruz,37,5,32
Travis,422,President,,REP,Ted Cruz,27,5,22
Travis,423,President,,REP,Ted Cruz,35,11,24
Travis,424,President,,REP,Ted Cruz,24,8,16
Travis,425,President,,REP,Ted Cruz,29,12,17
Travis,426,President,,REP,Ted Cruz,21,3,18
Travis,427,President,,REP,Ted Cruz,19,4,15
Travis,428,President,,REP,Ted Cruz,28,13,15
Travis,429,President,,REP,Ted Cruz,69,19,50
Travis,430,President,,REP,Ted Cruz,12,5,7
Travis,431,President,,REP,Ted Cruz,57,24,33
Travis,432,President,,REP,Ted Cruz,0,0,0
Travis,433,President,,REP,Ted Cruz,31,12,19
Travis,434,President,,REP,Ted Cruz,0,0,0
Travis,435,President,,REP,Ted Cruz,218,74,144
Travis,436,President,,REP,Ted Cruz,0,0,0
Travis,437,President,,REP,Ted Cruz,25,9,16
Travis,438,President,,REP,Ted Cruz,15,1,14
Travis,439,President,,REP,Ted Cruz,18,3,15
Travis,440,President,,REP,Ted Cruz,20,7,13
Travis,441,President,,REP,Ted Cruz,76,18,58
Travis,442,President,,REP,Ted Cruz,13,2,11
Travis,443,President,,REP,Ted Cruz,55,18,37
Travis,444,President,,REP,Ted Cruz,0,0,0
Travis,446,President,,REP,Ted Cruz,18,3,15
Travis,447,President,,REP,Ted Cruz,84,24,60
Travis,448,President,,REP,Ted Cruz,49,11,38
Travis,450,President,,REP,Ted Cruz,72,26,46
Travis,451,President,,REP,Ted Cruz,70,21,49
Travis,452,President,,REP,Ted Cruz,36,12,24
Travis,454,President,,REP,Ted Cruz,78,42,36
Travis,458,President,,REP,Ted Cruz,120,43,77
Travis,460,President,,REP,Ted Cruz,59,31,28
Travis,461,President,,REP,Ted Cruz,44,14,30
Travis,463,President,,REP,Ted Cruz,87,36,51
Travis,101,President,,REP,Uncommitted,2,1,1
Travis,102,President,,REP,Uncommitted,1,0,1
Travis,103,President,,REP,Uncommitted,1,1,0
Travis,104,President,,REP,Uncommitted,3,2,1
Travis,105,President,,REP,Uncommitted,5,1,4
Travis,106,President,,REP,Uncommitted,4,2,2
Travis,107,President,,REP,Uncommitted,2,0,2
Travis,108,President,,REP,Uncommitted,0,0,0
Travis,109,President,,REP,Uncommitted,4,2,2
Travis,110,President,,REP,Uncommitted,8,1,7
Travis,111,President,,REP,Uncommitted,3,2,1
Travis,112,President,,REP,Uncommitted,0,0,0
Travis,113,President,,REP,Uncommitted,11,6,5
Travis,114,President,,REP,Uncommitted,0,0,0
Travis,115,President,,REP,Uncommitted,0,0,0
Travis,116,President,,REP,Uncommitted,0,0,0
Travis,117,President,,REP,Uncommitted,0,0,0
Travis,118,President,,REP,Uncommitted,0,0,0
Travis,119,President,,REP,Uncommitted,0,0,0
Travis,120,President,,REP,Uncommitted,0,0,0
Travis,121,President,,REP,Uncommitted,0,0,0
Travis,122,President,,REP,Uncommitted,1,0,1
Travis,123,President,,REP,Uncommitted,4,1,3
Travis,124,President,,REP,Uncommitted,2,0,2
Travis,125,President,,REP,Uncommitted,0,0,0
Travis,126,President,,REP,Uncommitted,2,0,2
Travis,127,President,,REP,Uncommitted,0,0,0
Travis,128,President,,REP,Uncommitted,0,0,0
Travis,129,President,,REP,Uncommitted,1,0,1
Travis,130,President,,REP,Uncommitted,1,1,0
Travis,131,President,,REP,Uncommitted,0,0,0
Travis,132,President,,REP,Uncommitted,2,2,0
Travis,133,President,,REP,Uncommitted,2,1,1
Travis,134,President,,REP,Uncommitted,0,0,0
Travis,135,President,,REP,Uncommitted,2,1,1
Travis,136,President,,REP,Uncommitted,2,0,2
Travis,137,President,,REP,Uncommitted,9,5,4
Travis,138,President,,REP,Uncommitted,0,0,0
Travis,139,President,,REP,Uncommitted,5,4,1
Travis,140,President,,REP,Uncommitted,3,1,2
Travis,141,President,,REP,Uncommitted,0,0,0
Travis,142,President,,REP,Uncommitted,0,0,0
Travis,145,President,,REP,Uncommitted,3,1,2
Travis,146,President,,REP,Uncommitted,2,1,1
Travis,148,President,,REP,Uncommitted,1,1,0
Travis,149,President,,REP,Uncommitted,0,0,0
Travis,150,President,,REP,Uncommitted,4,1,3
Travis,151,President,,REP,Uncommitted,2,0,2
Travis,152,President,,REP,Uncommitted,0,0,0
Travis,153,President,,REP,Uncommitted,2,2,0
Travis,154,President,,REP,Uncommitted,0,0,0
Travis,156,President,,REP,Uncommitted,4,0,4
Travis,160,President,,REP,Uncommitted,1,0,1
Travis,161,President,,REP,Uncommitted,0,0,0
Travis,163,President,,REP,Uncommitted,0,0,0
Travis,164,President,,REP,Uncommitted,2,1,1
Travis,200,President,,REP,Uncommitted,2,1,1
Travis,202,President,,REP,Uncommitted,2,0,2
Travis,203,President,,REP,Uncommitted,0,0,0
Travis,205,President,,REP,Uncommitted,1,0,1
Travis,206,President,,REP,Uncommitted,0,0,0
Travis,207,President,,REP,Uncommitted,6,3,3
Travis,208,President,,REP,Uncommitted,1,1,0
Travis,209,President,,REP,Uncommitted,0,0,0
Travis,210,President,,REP,Uncommitted,1,1,0
Travis,211,President,,REP,Uncommitted,2,1,1
Travis,212,President,,REP,Uncommitted,2,0,2
Travis,213,President,,REP,Uncommitted,0,0,0
Travis,214,President,,REP,Uncommitted,2,1,1
Travis,215,President,,REP,Uncommitted,4,3,1
Travis,216,President,,REP,Uncommitted,4,2,2
Travis,217,President,,REP,Uncommitted,1,1,0
Travis,218,President,,REP,Uncommitted,4,2,2
Travis,219,President,,REP,Uncommitted,3,2,1
Travis,220,President,,REP,Uncommitted,0,0,0
Travis,221,President,,REP,Uncommitted,2,1,1
Travis,222,President,,REP,Uncommitted,6,2,4
Travis,223,President,,REP,Uncommitted,1,0,1
Travis,224,President,,REP,Uncommitted,1,0,1
Travis,225,President,,REP,Uncommitted,4,1,3
Travis,226,President,,REP,Uncommitted,1,0,1
Travis,227,President,,REP,Uncommitted,0,0,0
Travis,228,President,,REP,Uncommitted,5,2,3
Travis,229,President,,REP,Uncommitted,0,0,0
Travis,231,President,,REP,Uncommitted,3,0,3
Travis,232,President,,REP,Uncommitted,4,4,0
Travis,233,President,,REP,Uncommitted,3,2,1
Travis,234,President,,REP,Uncommitted,7,5,2
Travis,235,President,,REP,Uncommitted,0,0,0
Travis,236,President,,REP,Uncommitted,1,0,1
Travis,237,President,,REP,Uncommitted,2,1,1
Travis,238,President,,REP,Uncommitted,2,1,1
Travis,239,President,,REP,Uncommitted,4,3,1
Travis,240,President,,REP,Uncommitted,1,0,1
Travis,241,President,,REP,Uncommitted,3,2,1
Travis,242,President,,REP,Uncommitted,2,2,0
Travis,243,President,,REP,Uncommitted,1,0,1
Travis,244,President,,REP,Uncommitted,6,4,2
Travis,245,President,,REP,Uncommitted,0,0,0
Travis,246,President,,REP,Uncommitted,0,0,0
Travis,247,President,,REP,Uncommitted,1,1,0
Travis,248,President,,REP,Uncommitted,6,4,2
Travis,249,President,,REP,Uncommitted,7,4,3
Travis,250,President,,REP,Uncommitted,0,0,0
Travis,251,President,,REP,Uncommitted,3,2,1
Travis,252,President,,REP,Uncommitted,2,2,0
Travis,253,President,,REP,Uncommitted,8,4,4
Travis,254,President,,REP,Uncommitted,2,2,0
Travis,256,President,,REP,Uncommitted,2,0,2
Travis,258,President,,REP,Uncommitted,4,0,4
Travis,259,President,,REP,Uncommitted,2,2,0
Travis,260,President,,REP,Uncommitted,3,2,1
Travis,262,President,,REP,Uncommitted,4,4,0
Travis,263,President,,REP,Uncommitted,0,0,0
Travis,266,President,,REP,Uncommitted,1,0,1
Travis,267,President,,REP,Uncommitted,2,0,2
Travis,268,President,,REP,Uncommitted,1,0,1
Travis,273,President,,REP,Uncommitted,4,2,2
Travis,274,President,,REP,Uncommitted,1,0,1
Travis,275,President,,REP,Uncommitted,0,0,0
Travis,277,President,,REP,Uncommitted,2,0,2
Travis,301,President,,REP,Uncommitted,0,0,0
Travis,302,President,,REP,Uncommitted,6,3,3
Travis,303,President,,REP,Uncommitted,2,0,2
Travis,304,President,,REP,Uncommitted,9,1,8
Travis,305,President,,REP,Uncommitted,0,0,0
Travis,306,President,,REP,Uncommitted,11,10,1
Travis,307,President,,REP,Uncommitted,1,1,0
Travis,308,President,,REP,Uncommitted,5,3,2
Travis,309,President,,REP,Uncommitted,2,2,0
Travis,310,President,,REP,Uncommitted,6,4,2
Travis,311,President,,REP,Uncommitted,0,0,0
Travis,312,President,,REP,Uncommitted,0,0,0
Travis,313,President,,REP,Uncommitted,0,0,0
Travis,314,President,,REP,Uncommitted,9,7,2
Travis,315,President,,REP,Uncommitted,9,5,4
Travis,316,President,,REP,Uncommitted,10,6,4
Travis,317,President,,REP,Uncommitted,6,4,2
Travis,318,President,,REP,Uncommitted,1,0,1
Travis,319,President,,REP,Uncommitted,6,5,1
Travis,320,President,,REP,Uncommitted,7,5,2
Travis,321,President,,REP,Uncommitted,0,0,0
Travis,323,President,,REP,Uncommitted,3,2,1
Travis,324,President,,REP,Uncommitted,9,8,1
Travis,325,President,,REP,Uncommitted,0,0,0
Travis,326,President,,REP,Uncommitted,6,4,2
Travis,327,President,,REP,Uncommitted,4,3,1
Travis,328,President,,REP,Uncommitted,6,4,2
Travis,329,President,,REP,Uncommitted,0,0,0
Travis,330,President,,REP,Uncommitted,3,2,1
Travis,331,President,,REP,Uncommitted,2,2,0
Travis,332,President,,REP,Uncommitted,0,0,0
Travis,333,President,,REP,Uncommitted,3,1,2
Travis,334,President,,REP,Uncommitted,7,3,4
Travis,335,President,,REP,Uncommitted,3,2,1
Travis,336,President,,REP,Uncommitted,3,2,1
Travis,337,President,,REP,Uncommitted,2,0,2
Travis,338,President,,REP,Uncommitted,10,3,7
Travis,339,President,,REP,Uncommitted,3,1,2
Travis,340,President,,REP,Uncommitted,3,2,1
Travis,341,President,,REP,Uncommitted,0,0,0
Travis,342,President,,REP,Uncommitted,5,4,1
Travis,343,President,,REP,Uncommitted,1,1,0
Travis,344,President,,REP,Uncommitted,2,1,1
Travis,345,President,,REP,Uncommitted,0,0,0
Travis,346,President,,REP,Uncommitted,14,11,3
Travis,347,President,,REP,Uncommitted,4,4,0
Travis,349,President,,REP,Uncommitted,11,7,4
Travis,350,President,,REP,Uncommitted,8,5,3
Travis,351,President,,REP,Uncommitted,1,1,0
Travis,352,President,,REP,Uncommitted,4,3,1
Travis,354,President,,REP,Uncommitted,9,9,0
Travis,356,President,,REP,Uncommitted,1,0,1
Travis,357,President,,REP,Uncommitted,0,0,0
Travis,358,President,,REP,Uncommitted,3,3,0
Travis,359,President,,REP,Uncommitted,11,9,2
Travis,360,President,,REP,Uncommitted,8,4,4
Travis,361,President,,REP,Uncommitted,2,2,0
Travis,362,President,,REP,Uncommitted,2,1,1
Travis,363,President,,REP,Uncommitted,4,3,1
Travis,364,President,,REP,Uncommitted,2,1,1
Travis,365,President,,REP,Uncommitted,5,5,0
Travis,366,President,,REP,Uncommitted,7,5,2
Travis,367,President,,REP,Uncommitted,7,3,4
Travis,368,President,,REP,Uncommitted,1,1,0
Travis,369,President,,REP,Uncommitted,6,1,5
Travis,370,President,,REP,Uncommitted,3,0,3
Travis,371,President,,REP,Uncommitted,4,3,1
Travis,372,President,,REP,Uncommitted,2,0,2
Travis,373,President,,REP,Uncommitted,7,3,4
Travis,374,President,,REP,Uncommitted,4,2,2
Travis,375,President,,REP,Uncommitted,2,0,2
Travis,401,President,,REP,Uncommitted,2,1,1
Travis,402,President,,REP,Uncommitted,0,0,0
Travis,403,President,,REP,Uncommitted,2,1,1
Travis,404,President,,REP,Uncommitted,1,0,1
Travis,405,President,,REP,Uncommitted,0,0,0
Travis,406,President,,REP,Uncommitted,14,11,3
Travis,407,President,,REP,Uncommitted,0,0,0
Travis,408,President,,REP,Uncommitted,4,2,2
Travis,409,President,,REP,Uncommitted,1,0,1
Travis,410,President,,REP,Uncommitted,2,0,2
Travis,411,President,,REP,Uncommitted,5,2,3
Travis,412,President,,REP,Uncommitted,0,0,0
Travis,413,President,,REP,Uncommitted,2,0,2
Travis,414,President,,REP,Uncommitted,5,2,3
Travis,415,President,,REP,Uncommitted,1,0,1
Travis,416,President,,REP,Uncommitted,0,0,0
Travis,417,President,,REP,Uncommitted,1,1,0
Travis,418,President,,REP,Uncommitted,0,0,0
Travis,419,President,,REP,Uncommitted,0,0,0
Travis,420,President,,REP,Uncommitted,2,0,2
Travis,421,President,,REP,Uncommitted,4,2,2
Travis,422,President,,REP,Uncommitted,1,0,1
Travis,423,President,,REP,Uncommitted,2,0,2
Travis,424,President,,REP,Uncommitted,2,0,2
Travis,425,President,,REP,Uncommitted,1,1,0
Travis,426,President,,REP,Uncommitted,0,0,0
Travis,427,President,,REP,Uncommitted,1,0,1
Travis,428,President,,REP,Uncommitted,3,2,1
Travis,429,President,,REP,Uncommitted,3,0,3
Travis,430,President,,REP,Uncommitted,2,1,1
Travis,431,President,,REP,Uncommitted,5,1,4
Travis,432,President,,REP,Uncommitted,0,0,0
Travis,433,President,,REP,Uncommitted,2,2,0
Travis,434,President,,REP,Uncommitted,0,0,0
Travis,435,President,,REP,Uncommitted,4,2,2
Travis,436,President,,REP,Uncommitted,0,0,0
Travis,437,President,,REP,Uncommitted,2,0,2
Travis,438,President,,REP,Uncommitted,0,0,0
Travis,439,President,,REP,Uncommitted,1,0,1
Travis,440,President,,REP,Uncommitted,2,0,2
Travis,441,President,,REP,Uncommitted,4,1,3
Travis,442,President,,REP,Uncommitted,2,0,2
Travis,443,President,,REP,Uncommitted,1,0,1
Travis,444,President,,REP,Uncommitted,0,0,0
Travis,446,President,,REP,Uncommitted,2,1,1
Travis,447,President,,REP,Uncommitted,1,1,0
Travis,448,President,,REP,Uncommitted,4,2,2
Travis,450,President,,REP,Uncommitted,2,1,1
Travis,451,President,,REP,Uncommitted,3,1,2
Travis,452,President,,REP,Uncommitted,1,1,0
Travis,454,President,,REP,Uncommitted,4,3,1
Travis,458,President,,REP,Uncommitted,3,1,2
Travis,460,President,,REP,Uncommitted,4,0,4
Travis,461,President,,REP,Uncommitted,1,1,0
Travis,463,President,,REP,Uncommitted,0,0,0
Travis,101,Proposition 1,,REP,No,80,29,51
Travis,102,Proposition 1,,REP,No,25,7,18
Travis,103,Proposition 1,,REP,No,58,26,32
Travis,104,Proposition 1,,REP,No,30,8,22
Travis,105,Proposition 1,,REP,No,158,61,97
Travis,106,Proposition 1,,REP,No,136,43,93
Travis,107,Proposition 1,,REP,No,27,3,24
Travis,108,Proposition 1,,REP,No,35,8,27
Travis,109,Proposition 1,,REP,No,71,21,50
Travis,110,Proposition 1,,REP,No,214,76,138
Travis,111,Proposition 1,,REP,No,134,41,93
Travis,112,Proposition 1,,REP,No,27,9,18
Travis,113,Proposition 1,,REP,No,136,35,101
Travis,114,Proposition 1,,REP,No,6,1,5
Travis,115,Proposition 1,,REP,No,0,0,0
Travis,116,Proposition 1,,REP,No,1,0,1
Travis,117,Proposition 1,,REP,No,19,10,9
Travis,118,Proposition 1,,REP,No,13,4,9
Travis,119,Proposition 1,,REP,No,0,0,0
Travis,120,Proposition 1,,REP,No,6,3,3
Travis,121,Proposition 1,,REP,No,5,0,5
Travis,122,Proposition 1,,REP,No,16,4,12
Travis,123,Proposition 1,,REP,No,232,66,166
Travis,124,Proposition 1,,REP,No,49,18,31
Travis,125,Proposition 1,,REP,No,0,0,0
Travis,126,Proposition 1,,REP,No,34,9,25
Travis,127,Proposition 1,,REP,No,0,0,0
Travis,128,Proposition 1,,REP,No,0,0,0
Travis,129,Proposition 1,,REP,No,11,4,7
Travis,130,Proposition 1,,REP,No,27,5,22
Travis,131,Proposition 1,,REP,No,0,0,0
Travis,132,Proposition 1,,REP,No,33,10,23
Travis,133,Proposition 1,,REP,No,39,11,28
Travis,134,Proposition 1,,REP,No,0,0,0
Travis,135,Proposition 1,,REP,No,143,44,99
Travis,136,Proposition 1,,REP,No,163,60,103
Travis,137,Proposition 1,,REP,No,407,116,291
Travis,138,Proposition 1,,REP,No,0,0,0
Travis,139,Proposition 1,,REP,No,69,23,46
Travis,140,Proposition 1,,REP,No,37,13,24
Travis,141,Proposition 1,,REP,No,5,1,4
Travis,142,Proposition 1,,REP,No,9,6,3
Travis,145,Proposition 1,,REP,No,87,26,61
Travis,146,Proposition 1,,REP,No,153,56,97
Travis,148,Proposition 1,,REP,No,119,36,83
Travis,149,Proposition 1,,REP,No,18,3,15
Travis,150,Proposition 1,,REP,No,161,59,102
Travis,151,Proposition 1,,REP,No,41,8,33
Travis,152,Proposition 1,,REP,No,49,20,29
Travis,153,Proposition 1,,REP,No,115,37,78
Travis,154,Proposition 1,,REP,No,81,13,68
Travis,156,Proposition 1,,REP,No,96,28,68
Travis,160,Proposition 1,,REP,No,64,23,41
Travis,161,Proposition 1,,REP,No,54,14,40
Travis,163,Proposition 1,,REP,No,13,7,6
Travis,164,Proposition 1,,REP,No,29,7,22
Travis,200,Proposition 1,,REP,No,72,21,51
Travis,202,Proposition 1,,REP,No,59,23,36
Travis,203,Proposition 1,,REP,No,21,7,14
Travis,205,Proposition 1,,REP,No,62,19,43
Travis,206,Proposition 1,,REP,No,35,14,21
Travis,207,Proposition 1,,REP,No,210,71,139
Travis,208,Proposition 1,,REP,No,141,50,91
Travis,209,Proposition 1,,REP,No,19,6,13
Travis,210,Proposition 1,,REP,No,100,46,54
Travis,211,Proposition 1,,REP,No,48,16,32
Travis,212,Proposition 1,,REP,No,290,123,167
Travis,213,Proposition 1,,REP,No,0,0,0
Travis,214,Proposition 1,,REP,No,170,59,111
Travis,215,Proposition 1,,REP,No,71,18,53
Travis,216,Proposition 1,,REP,No,41,16,25
Travis,217,Proposition 1,,REP,No,50,14,36
Travis,218,Proposition 1,,REP,No,145,45,100
Travis,219,Proposition 1,,REP,No,125,47,78
Travis,220,Proposition 1,,REP,No,122,41,81
Travis,221,Proposition 1,,REP,No,70,20,50
Travis,222,Proposition 1,,REP,No,83,24,59
Travis,223,Proposition 1,,REP,No,12,7,5
Travis,224,Proposition 1,,REP,No,5,1,4
Travis,225,Proposition 1,,REP,No,133,38,95
Travis,226,Proposition 1,,REP,No,46,21,25
Travis,227,Proposition 1,,REP,No,10,5,5
Travis,228,Proposition 1,,REP,No,102,40,62
Travis,229,Proposition 1,,REP,No,80,24,56
Travis,231,Proposition 1,,REP,No,223,79,144
Travis,232,Proposition 1,,REP,No,455,227,228
Travis,233,Proposition 1,,REP,No,221,75,146
Travis,234,Proposition 1,,REP,No,172,53,119
Travis,235,Proposition 1,,REP,No,64,25,39
Travis,236,Proposition 1,,REP,No,91,34,57
Travis,237,Proposition 1,,REP,No,128,35,93
Travis,238,Proposition 1,,REP,No,152,44,108
Travis,239,Proposition 1,,REP,No,97,29,68
Travis,240,Proposition 1,,REP,No,63,13,50
Travis,241,Proposition 1,,REP,No,46,17,29
Travis,242,Proposition 1,,REP,No,132,40,92
Travis,243,Proposition 1,,REP,No,74,32,42
Travis,244,Proposition 1,,REP,No,235,98,137
Travis,245,Proposition 1,,REP,No,87,21,66
Travis,246,Proposition 1,,REP,No,116,30,86
Travis,247,Proposition 1,,REP,No,67,27,40
Travis,248,Proposition 1,,REP,No,74,19,55
Travis,249,Proposition 1,,REP,No,160,54,106
Travis,250,Proposition 1,,REP,No,180,63,117
Travis,251,Proposition 1,,REP,No,152,53,99
Travis,252,Proposition 1,,REP,No,80,20,60
Travis,253,Proposition 1,,REP,No,238,101,137
Travis,254,Proposition 1,,REP,No,142,54,88
Travis,256,Proposition 1,,REP,No,173,80,93
Travis,258,Proposition 1,,REP,No,108,34,74
Travis,259,Proposition 1,,REP,No,135,50,85
Travis,260,Proposition 1,,REP,No,26,10,16
Travis,262,Proposition 1,,REP,No,221,100,121
Travis,263,Proposition 1,,REP,No,130,32,98
Travis,266,Proposition 1,,REP,No,44,25,19
Travis,267,Proposition 1,,REP,No,63,22,41
Travis,268,Proposition 1,,REP,No,28,13,15
Travis,273,Proposition 1,,REP,No,106,40,66
Travis,274,Proposition 1,,REP,No,61,26,35
Travis,275,Proposition 1,,REP,No,61,19,42
Travis,277,Proposition 1,,REP,No,192,87,105
Travis,301,Proposition 1,,REP,No,45,14,31
Travis,302,Proposition 1,,REP,No,196,80,116
Travis,303,Proposition 1,,REP,No,210,67,143
Travis,304,Proposition 1,,REP,No,306,100,206
Travis,305,Proposition 1,,REP,No,1,1,0
Travis,306,Proposition 1,,REP,No,272,148,124
Travis,307,Proposition 1,,REP,No,87,21,66
Travis,308,Proposition 1,,REP,No,423,170,253
Travis,309,Proposition 1,,REP,No,103,48,55
Travis,310,Proposition 1,,REP,No,205,80,125
Travis,311,Proposition 1,,REP,No,133,63,70
Travis,312,Proposition 1,,REP,No,145,71,74
Travis,313,Proposition 1,,REP,No,4,1,3
Travis,314,Proposition 1,,REP,No,376,181,195
Travis,315,Proposition 1,,REP,No,226,99,127
Travis,316,Proposition 1,,REP,No,205,85,120
Travis,317,Proposition 1,,REP,No,205,81,124
Travis,318,Proposition 1,,REP,No,53,12,41
Travis,319,Proposition 1,,REP,No,189,105,84
Travis,320,Proposition 1,,REP,No,203,124,79
Travis,321,Proposition 1,,REP,No,61,29,32
Travis,323,Proposition 1,,REP,No,60,25,35
Travis,324,Proposition 1,,REP,No,402,169,233
Travis,325,Proposition 1,,REP,No,2,1,1
Travis,326,Proposition 1,,REP,No,164,56,108
Travis,327,Proposition 1,,REP,No,223,93,130
Travis,328,Proposition 1,,REP,No,180,67,113
Travis,329,Proposition 1,,REP,No,183,83,100
Travis,330,Proposition 1,,REP,No,273,114,159
Travis,331,Proposition 1,,REP,No,203,85,118
Travis,332,Proposition 1,,REP,No,68,19,49
Travis,333,Proposition 1,,REP,No,250,44,206
Travis,334,Proposition 1,,REP,No,237,87,150
Travis,335,Proposition 1,,REP,No,164,63,101
Travis,336,Proposition 1,,REP,No,157,39,118
Travis,337,Proposition 1,,REP,No,279,69,210
Travis,338,Proposition 1,,REP,No,313,102,211
Travis,339,Proposition 1,,REP,No,79,37,42
Travis,340,Proposition 1,,REP,No,95,32,63
Travis,341,Proposition 1,,REP,No,9,3,6
Travis,342,Proposition 1,,REP,No,130,57,73
Travis,343,Proposition 1,,REP,No,80,25,55
Travis,344,Proposition 1,,REP,No,63,25,38
Travis,345,Proposition 1,,REP,No,0,0,0
Travis,346,Proposition 1,,REP,No,392,223,169
Travis,347,Proposition 1,,REP,No,189,88,101
Travis,349,Proposition 1,,REP,No,226,90,136
Travis,350,Proposition 1,,REP,No,144,55,89
Travis,351,Proposition 1,,REP,No,66,34,32
Travis,352,Proposition 1,,REP,No,105,53,52
Travis,354,Proposition 1,,REP,No,253,104,149
Travis,356,Proposition 1,,REP,No,69,21,48
Travis,357,Proposition 1,,REP,No,47,17,30
Travis,358,Proposition 1,,REP,No,128,58,70
Travis,359,Proposition 1,,REP,No,321,141,180
Travis,360,Proposition 1,,REP,No,191,86,105
Travis,361,Proposition 1,,REP,No,72,37,35
Travis,362,Proposition 1,,REP,No,158,63,95
Travis,363,Proposition 1,,REP,No,125,51,74
Travis,364,Proposition 1,,REP,No,234,113,121
Travis,365,Proposition 1,,REP,No,100,41,59
Travis,366,Proposition 1,,REP,No,251,106,145
Travis,367,Proposition 1,,REP,No,396,163,233
Travis,368,Proposition 1,,REP,No,32,18,14
Travis,369,Proposition 1,,REP,No,187,45,142
Travis,370,Proposition 1,,REP,No,66,4,62
Travis,371,Proposition 1,,REP,No,135,43,92
Travis,372,Proposition 1,,REP,No,104,13,91
Travis,373,Proposition 1,,REP,No,363,128,235
Travis,374,Proposition 1,,REP,No,407,111,296
Travis,375,Proposition 1,,REP,No,59,15,44
Travis,401,Proposition 1,,REP,No,54,21,33
Travis,402,Proposition 1,,REP,No,53,13,40
Travis,403,Proposition 1,,REP,No,42,10,32
Travis,404,Proposition 1,,REP,No,36,11,25
Travis,405,Proposition 1,,REP,No,9,3,6
Travis,406,Proposition 1,,REP,No,202,107,95
Travis,407,Proposition 1,,REP,No,34,17,17
Travis,408,Proposition 1,,REP,No,116,50,66
Travis,409,Proposition 1,,REP,No,35,14,21
Travis,410,Proposition 1,,REP,No,61,27,34
Travis,411,Proposition 1,,REP,No,37,15,22
Travis,412,Proposition 1,,REP,No,1,0,1
Travis,413,Proposition 1,,REP,No,11,4,7
Travis,414,Proposition 1,,REP,No,85,21,64
Travis,415,Proposition 1,,REP,No,32,7,25
Travis,416,Proposition 1,,REP,No,3,3,0
Travis,417,Proposition 1,,REP,No,33,12,21
Travis,418,Proposition 1,,REP,No,0,0,0
Travis,419,Proposition 1,,REP,No,21,3,18
Travis,420,Proposition 1,,REP,No,52,24,28
Travis,421,Proposition 1,,REP,No,74,25,49
Travis,422,Proposition 1,,REP,No,42,15,27
Travis,423,Proposition 1,,REP,No,35,12,23
Travis,424,Proposition 1,,REP,No,44,16,28
Travis,425,Proposition 1,,REP,No,17,4,13
Travis,426,Proposition 1,,REP,No,29,8,21
Travis,427,Proposition 1,,REP,No,24,8,16
Travis,428,Proposition 1,,REP,No,68,21,47
Travis,429,Proposition 1,,REP,No,81,30,51
Travis,430,Proposition 1,,REP,No,24,9,15
Travis,431,Proposition 1,,REP,No,67,28,39
Travis,432,Proposition 1,,REP,No,0,0,0
Travis,433,Proposition 1,,REP,No,45,22,23
Travis,434,Proposition 1,,REP,No,0,0,0
Travis,435,Proposition 1,,REP,No,179,70,109
Travis,436,Proposition 1,,REP,No,1,0,1
Travis,437,Proposition 1,,REP,No,29,10,19
Travis,438,Proposition 1,,REP,No,22,2,20
Travis,439,Proposition 1,,REP,No,26,3,23
Travis,440,Proposition 1,,REP,No,22,3,19
Travis,441,Proposition 1,,REP,No,69,25,44
Travis,442,Proposition 1,,REP,No,21,9,12
Travis,443,Proposition 1,,REP,No,48,16,32
Travis,444,Proposition 1,,REP,No,0,0,0
Travis,446,Proposition 1,,REP,No,25,4,21
Travis,447,Proposition 1,,REP,No,52,15,37
Travis,448,Proposition 1,,REP,No,42,14,28
Travis,450,Proposition 1,,REP,No,54,17,37
Travis,451,Proposition 1,,REP,No,56,17,39
Travis,452,Proposition 1,,REP,No,24,10,14
Travis,454,Proposition 1,,REP,No,76,49,27
Travis,458,Proposition 1,,REP,No,104,51,53
Travis,460,Proposition 1,,REP,No,68,39,29
Travis,461,Proposition 1,,REP,No,76,22,54
Travis,463,Proposition 1,,REP,No,75,21,54
Travis,101,Proposition 1,,REP,Yes,168,57,111
Travis,102,Proposition 1,,REP,Yes,49,17,32
Travis,103,Proposition 1,,REP,Yes,127,39,88
Travis,104,Proposition 1,,REP,Yes,95,40,55
Travis,105,Proposition 1,,REP,Yes,369,144,225
Travis,106,Proposition 1,,REP,Yes,367,128,239
Travis,107,Proposition 1,,REP,Yes,66,6,60
Travis,108,Proposition 1,,REP,Yes,72,12,60
Travis,109,Proposition 1,,REP,Yes,136,43,93
Travis,110,Proposition 1,,REP,Yes,390,148,242
Travis,111,Proposition 1,,REP,Yes,247,93,154
Travis,112,Proposition 1,,REP,Yes,45,8,37
Travis,113,Proposition 1,,REP,Yes,309,129,180
Travis,114,Proposition 1,,REP,Yes,20,6,14
Travis,115,Proposition 1,,REP,Yes,0,0,0
Travis,116,Proposition 1,,REP,Yes,0,0,0
Travis,117,Proposition 1,,REP,Yes,42,16,26
Travis,118,Proposition 1,,REP,Yes,8,5,3
Travis,119,Proposition 1,,REP,Yes,0,0,0
Travis,120,Proposition 1,,REP,Yes,13,5,8
Travis,121,Proposition 1,,REP,Yes,13,4,9
Travis,122,Proposition 1,,REP,Yes,32,14,18
Travis,123,Proposition 1,,REP,Yes,412,114,298
Travis,124,Proposition 1,,REP,Yes,66,24,42
Travis,125,Proposition 1,,REP,Yes,0,0,0
Travis,126,Proposition 1,,REP,Yes,71,29,42
Travis,127,Proposition 1,,REP,Yes,0,0,0
Travis,128,Proposition 1,,REP,Yes,0,0,0
Travis,129,Proposition 1,,REP,Yes,27,11,16
Travis,130,Proposition 1,,REP,Yes,62,13,49
Travis,131,Proposition 1,,REP,Yes,0,0,0
Travis,132,Proposition 1,,REP,Yes,54,15,39
Travis,133,Proposition 1,,REP,Yes,73,21,52
Travis,134,Proposition 1,,REP,Yes,0,0,0
Travis,135,Proposition 1,,REP,Yes,192,70,122
Travis,136,Proposition 1,,REP,Yes,350,129,221
Travis,137,Proposition 1,,REP,Yes,873,289,584
Travis,138,Proposition 1,,REP,Yes,0,0,0
Travis,139,Proposition 1,,REP,Yes,122,41,81
Travis,140,Proposition 1,,REP,Yes,87,28,59
Travis,141,Proposition 1,,REP,Yes,18,3,15
Travis,142,Proposition 1,,REP,Yes,15,7,8
Travis,145,Proposition 1,,REP,Yes,176,56,120
Travis,146,Proposition 1,,REP,Yes,283,112,171
Travis,148,Proposition 1,,REP,Yes,212,90,122
Travis,149,Proposition 1,,REP,Yes,40,9,31
Travis,150,Proposition 1,,REP,Yes,285,114,171
Travis,151,Proposition 1,,REP,Yes,75,24,51
Travis,152,Proposition 1,,REP,Yes,60,21,39
Travis,153,Proposition 1,,REP,Yes,220,60,160
Travis,154,Proposition 1,,REP,Yes,171,46,125
Travis,156,Proposition 1,,REP,Yes,184,62,122
Travis,160,Proposition 1,,REP,Yes,128,61,67
Travis,161,Proposition 1,,REP,Yes,119,44,75
Travis,163,Proposition 1,,REP,Yes,50,17,33
Travis,164,Proposition 1,,REP,Yes,49,15,34
Travis,200,Proposition 1,,REP,Yes,119,36,83
Travis,202,Proposition 1,,REP,Yes,101,33,68
Travis,203,Proposition 1,,REP,Yes,49,13,36
Travis,205,Proposition 1,,REP,Yes,136,27,109
Travis,206,Proposition 1,,REP,Yes,43,18,25
Travis,207,Proposition 1,,REP,Yes,333,115,218
Travis,208,Proposition 1,,REP,Yes,223,117,106
Travis,209,Proposition 1,,REP,Yes,45,13,32
Travis,210,Proposition 1,,REP,Yes,173,81,92
Travis,211,Proposition 1,,REP,Yes,116,29,87
Travis,212,Proposition 1,,REP,Yes,648,286,362
Travis,213,Proposition 1,,REP,Yes,0,0,0
Travis,214,Proposition 1,,REP,Yes,338,106,232
Travis,215,Proposition 1,,REP,Yes,145,46,99
Travis,216,Proposition 1,,REP,Yes,98,39,59
Travis,217,Proposition 1,,REP,Yes,127,36,91
Travis,218,Proposition 1,,REP,Yes,227,97,130
Travis,219,Proposition 1,,REP,Yes,212,74,138
Travis,220,Proposition 1,,REP,Yes,232,93,139
Travis,221,Proposition 1,,REP,Yes,124,45,79
Travis,222,Proposition 1,,REP,Yes,163,53,110
Travis,223,Proposition 1,,REP,Yes,33,16,17
Travis,224,Proposition 1,,REP,Yes,5,1,4
Travis,225,Proposition 1,,REP,Yes,235,74,161
Travis,226,Proposition 1,,REP,Yes,99,28,71
Travis,227,Proposition 1,,REP,Yes,40,12,28
Travis,228,Proposition 1,,REP,Yes,166,81,85
Travis,229,Proposition 1,,REP,Yes,171,41,130
Travis,231,Proposition 1,,REP,Yes,343,125,218
Travis,232,Proposition 1,,REP,Yes,976,458,518
Travis,233,Proposition 1,,REP,Yes,495,182,313
Travis,234,Proposition 1,,REP,Yes,420,168,252
Travis,235,Proposition 1,,REP,Yes,89,28,61
Travis,236,Proposition 1,,REP,Yes,153,43,110
Travis,237,Proposition 1,,REP,Yes,275,99,176
Travis,238,Proposition 1,,REP,Yes,227,72,155
Travis,239,Proposition 1,,REP,Yes,188,61,127
Travis,240,Proposition 1,,REP,Yes,113,39,74
Travis,241,Proposition 1,,REP,Yes,97,27,70
Travis,242,Proposition 1,,REP,Yes,196,75,121
Travis,243,Proposition 1,,REP,Yes,138,63,75
Travis,244,Proposition 1,,REP,Yes,490,241,249
Travis,245,Proposition 1,,REP,Yes,173,47,126
Travis,246,Proposition 1,,REP,Yes,182,68,114
Travis,247,Proposition 1,,REP,Yes,128,33,95
Travis,248,Proposition 1,,REP,Yes,139,49,90
Travis,249,Proposition 1,,REP,Yes,268,95,173
Travis,250,Proposition 1,,REP,Yes,277,113,164
Travis,251,Proposition 1,,REP,Yes,249,81,168
Travis,252,Proposition 1,,REP,Yes,154,65,89
Travis,253,Proposition 1,,REP,Yes,413,173,240
Travis,254,Proposition 1,,REP,Yes,257,97,160
Travis,256,Proposition 1,,REP,Yes,311,144,167
Travis,258,Proposition 1,,REP,Yes,211,75,136
Travis,259,Proposition 1,,REP,Yes,246,102,144
Travis,260,Proposition 1,,REP,Yes,54,18,36
Travis,262,Proposition 1,,REP,Yes,408,176,232
Travis,263,Proposition 1,,REP,Yes,198,54,144
Travis,266,Proposition 1,,REP,Yes,73,34,39
Travis,267,Proposition 1,,REP,Yes,139,65,74
Travis,268,Proposition 1,,REP,Yes,62,12,50
Travis,273,Proposition 1,,REP,Yes,175,79,96
Travis,274,Proposition 1,,REP,Yes,62,25,37
Travis,275,Proposition 1,,REP,Yes,78,21,57
Travis,277,Proposition 1,,REP,Yes,261,114,147
Travis,301,Proposition 1,,REP,Yes,105,36,69
Travis,302,Proposition 1,,REP,Yes,447,242,205
Travis,303,Proposition 1,,REP,Yes,470,193,277
Travis,304,Proposition 1,,REP,Yes,571,220,351
Travis,305,Proposition 1,,REP,Yes,3,3,0
Travis,306,Proposition 1,,REP,Yes,604,338,266
Travis,307,Proposition 1,,REP,Yes,176,76,100
Travis,308,Proposition 1,,REP,Yes,1075,417,658
Travis,309,Proposition 1,,REP,Yes,232,124,108
Travis,310,Proposition 1,,REP,Yes,476,200,276
Travis,311,Proposition 1,,REP,Yes,170,68,102
Travis,312,Proposition 1,,REP,Yes,310,134,176
Travis,313,Proposition 1,,REP,Yes,9,3,6
Travis,314,Proposition 1,,REP,Yes,826,378,448
Travis,315,Proposition 1,,REP,Yes,512,229,283
Travis,316,Proposition 1,,REP,Yes,465,185,280
Travis,317,Proposition 1,,REP,Yes,357,128,229
Travis,318,Proposition 1,,REP,Yes,108,26,82
Travis,319,Proposition 1,,REP,Yes,410,186,224
Travis,320,Proposition 1,,REP,Yes,389,203,186
Travis,321,Proposition 1,,REP,Yes,78,41,37
Travis,323,Proposition 1,,REP,Yes,97,44,53
Travis,324,Proposition 1,,REP,Yes,837,420,417
Travis,325,Proposition 1,,REP,Yes,9,6,3
Travis,326,Proposition 1,,REP,Yes,310,112,198
Travis,327,Proposition 1,,REP,Yes,400,152,248
Travis,328,Proposition 1,,REP,Yes,294,129,165
Travis,329,Proposition 1,,REP,Yes,222,89,133
Travis,330,Proposition 1,,REP,Yes,448,176,272
Travis,331,Proposition 1,,REP,Yes,325,115,210
Travis,332,Proposition 1,,REP,Yes,110,37,73
Travis,333,Proposition 1,,REP,Yes,353,89,264
Travis,334,Proposition 1,,REP,Yes,481,159,322
Travis,335,Proposition 1,,REP,Yes,257,110,147
Travis,336,Proposition 1,,REP,Yes,296,96,200
Travis,337,Proposition 1,,REP,Yes,455,131,324
Travis,338,Proposition 1,,REP,Yes,642,232,410
Travis,339,Proposition 1,,REP,Yes,158,81,77
Travis,340,Proposition 1,,REP,Yes,141,50,91
Travis,341,Proposition 1,,REP,Yes,7,3,4
Travis,342,Proposition 1,,REP,Yes,261,100,161
Travis,343,Proposition 1,,REP,Yes,161,45,116
Travis,344,Proposition 1,,REP,Yes,137,41,96
Travis,345,Proposition 1,,REP,Yes,0,0,0
Travis,346,Proposition 1,,REP,Yes,845,474,371
Travis,347,Proposition 1,,REP,Yes,357,177,180
Travis,349,Proposition 1,,REP,Yes,462,198,264
Travis,350,Proposition 1,,REP,Yes,284,125,159
Travis,351,Proposition 1,,REP,Yes,110,51,59
Travis,352,Proposition 1,,REP,Yes,194,88,106
Travis,354,Proposition 1,,REP,Yes,524,260,264
Travis,356,Proposition 1,,REP,Yes,105,41,64
Travis,357,Proposition 1,,REP,Yes,100,37,63
Travis,358,Proposition 1,,REP,Yes,287,103,184
Travis,359,Proposition 1,,REP,Yes,667,299,368
Travis,360,Proposition 1,,REP,Yes,435,197,238
Travis,361,Proposition 1,,REP,Yes,188,73,115
Travis,362,Proposition 1,,REP,Yes,285,126,159
Travis,363,Proposition 1,,REP,Yes,193,92,101
Travis,364,Proposition 1,,REP,Yes,433,213,220
Travis,365,Proposition 1,,REP,Yes,272,110,162
Travis,366,Proposition 1,,REP,Yes,561,226,335
Travis,367,Proposition 1,,REP,Yes,749,293,456
Travis,368,Proposition 1,,REP,Yes,64,34,30
Travis,369,Proposition 1,,REP,Yes,515,137,378
Travis,370,Proposition 1,,REP,Yes,241,21,220
Travis,371,Proposition 1,,REP,Yes,452,103,349
Travis,372,Proposition 1,,REP,Yes,271,53,218
Travis,373,Proposition 1,,REP,Yes,955,335,620
Travis,374,Proposition 1,,REP,Yes,842,264,578
Travis,375,Proposition 1,,REP,Yes,165,44,121
Travis,401,Proposition 1,,REP,Yes,139,45,94
Travis,402,Proposition 1,,REP,Yes,129,37,92
Travis,403,Proposition 1,,REP,Yes,120,31,89
Travis,404,Proposition 1,,REP,Yes,121,31,90
Travis,405,Proposition 1,,REP,Yes,27,6,21
Travis,406,Proposition 1,,REP,Yes,509,283,226
Travis,407,Proposition 1,,REP,Yes,52,20,32
Travis,408,Proposition 1,,REP,Yes,207,86,121
Travis,409,Proposition 1,,REP,Yes,55,16,39
Travis,410,Proposition 1,,REP,Yes,121,49,72
Travis,411,Proposition 1,,REP,Yes,97,32,65
Travis,412,Proposition 1,,REP,Yes,4,1,3
Travis,413,Proposition 1,,REP,Yes,49,17,32
Travis,414,Proposition 1,,REP,Yes,229,80,149
Travis,415,Proposition 1,,REP,Yes,86,21,65
Travis,416,Proposition 1,,REP,Yes,11,0,11
Travis,417,Proposition 1,,REP,Yes,100,41,59
Travis,418,Proposition 1,,REP,Yes,3,2,1
Travis,419,Proposition 1,,REP,Yes,43,14,29
Travis,420,Proposition 1,,REP,Yes,63,30,33
Travis,421,Proposition 1,,REP,Yes,107,26,81
Travis,422,Proposition 1,,REP,Yes,61,27,34
Travis,423,Proposition 1,,REP,Yes,61,18,43
Travis,424,Proposition 1,,REP,Yes,74,31,43
Travis,425,Proposition 1,,REP,Yes,47,21,26
Travis,426,Proposition 1,,REP,Yes,58,14,44
Travis,427,Proposition 1,,REP,Yes,34,9,25
Travis,428,Proposition 1,,REP,Yes,93,49,44
Travis,429,Proposition 1,,REP,Yes,169,53,116
Travis,430,Proposition 1,,REP,Yes,25,11,14
Travis,431,Proposition 1,,REP,Yes,136,52,84
Travis,432,Proposition 1,,REP,Yes,0,0,0
Travis,433,Proposition 1,,REP,Yes,61,32,29
Travis,434,Proposition 1,,REP,Yes,0,0,0
Travis,435,Proposition 1,,REP,Yes,384,167,217
Travis,436,Proposition 1,,REP,Yes,0,0,0
Travis,437,Proposition 1,,REP,Yes,72,20,52
Travis,438,Proposition 1,,REP,Yes,33,9,24
Travis,439,Proposition 1,,REP,Yes,39,9,30
Travis,440,Proposition 1,,REP,Yes,28,6,22
Travis,441,Proposition 1,,REP,Yes,153,59,94
Travis,442,Proposition 1,,REP,Yes,40,7,33
Travis,443,Proposition 1,,REP,Yes,94,44,50
Travis,444,Proposition 1,,REP,Yes,0,0,0
Travis,446,Proposition 1,,REP,Yes,43,13,30
Travis,447,Proposition 1,,REP,Yes,153,59,94
Travis,448,Proposition 1,,REP,Yes,91,36,55
Travis,450,Proposition 1,,REP,Yes,119,49,70
Travis,451,Proposition 1,,REP,Yes,109,40,69
Travis,452,Proposition 1,,REP,Yes,53,21,32
Travis,454,Proposition 1,,REP,Yes,144,79,65
Travis,458,Proposition 1,,REP,Yes,243,97,146
Travis,460,Proposition 1,,REP,Yes,139,74,65
Travis,461,Proposition 1,,REP,Yes,134,53,81
Travis,463,Proposition 1,,REP,Yes,140,52,88
Travis,101,Proposition 2,,REP,No,90,29,61
Travis,102,Proposition 2,,REP,No,24,7,17
Travis,103,Proposition 2,,REP,No,61,27,34
Travis,104,Proposition 2,,REP,No,40,11,29
Travis,105,Proposition 2,,REP,No,182,54,128
Travis,106,Proposition 2,,REP,No,179,60,119
Travis,107,Proposition 2,,REP,No,36,1,35
Travis,108,Proposition 2,,REP,No,44,9,35
Travis,109,Proposition 2,,REP,No,67,22,45
Travis,110,Proposition 2,,REP,No,215,87,128
Travis,111,Proposition 2,,REP,No,128,45,83
Travis,112,Proposition 2,,REP,No,24,3,21
Travis,113,Proposition 2,,REP,No,152,58,94
Travis,114,Proposition 2,,REP,No,5,3,2
Travis,115,Proposition 2,,REP,No,0,0,0
Travis,116,Proposition 2,,REP,No,0,0,0
Travis,117,Proposition 2,,REP,No,19,5,14
Travis,118,Proposition 2,,REP,No,7,3,4
Travis,119,Proposition 2,,REP,No,0,0,0
Travis,120,Proposition 2,,REP,No,6,2,4
Travis,121,Proposition 2,,REP,No,6,2,4
Travis,122,Proposition 2,,REP,No,14,4,10
Travis,123,Proposition 2,,REP,No,217,62,155
Travis,124,Proposition 2,,REP,No,61,17,44
Travis,125,Proposition 2,,REP,No,0,0,0
Travis,126,Proposition 2,,REP,No,47,15,32
Travis,127,Proposition 2,,REP,No,0,0,0
Travis,128,Proposition 2,,REP,No,0,0,0
Travis,129,Proposition 2,,REP,No,19,8,11
Travis,130,Proposition 2,,REP,No,34,3,31
Travis,131,Proposition 2,,REP,No,0,0,0
Travis,132,Proposition 2,,REP,No,34,6,28
Travis,133,Proposition 2,,REP,No,43,9,34
Travis,134,Proposition 2,,REP,No,0,0,0
Travis,135,Proposition 2,,REP,No,141,38,103
Travis,136,Proposition 2,,REP,No,166,63,103
Travis,137,Proposition 2,,REP,No,416,131,285
Travis,138,Proposition 2,,REP,No,0,0,0
Travis,139,Proposition 2,,REP,No,54,20,34
Travis,140,Proposition 2,,REP,No,40,12,28
Travis,141,Proposition 2,,REP,No,8,4,4
Travis,142,Proposition 2,,REP,No,11,4,7
Travis,145,Proposition 2,,REP,No,104,30,74
Travis,146,Proposition 2,,REP,No,135,52,83
Travis,148,Proposition 2,,REP,No,124,45,79
Travis,149,Proposition 2,,REP,No,18,3,15
Travis,150,Proposition 2,,REP,No,145,51,94
Travis,151,Proposition 2,,REP,No,52,15,37
Travis,152,Proposition 2,,REP,No,49,15,34
Travis,153,Proposition 2,,REP,No,121,38,83
Travis,154,Proposition 2,,REP,No,84,22,62
Travis,156,Proposition 2,,REP,No,102,26,76
Travis,160,Proposition 2,,REP,No,54,26,28
Travis,161,Proposition 2,,REP,No,66,19,47
Travis,163,Proposition 2,,REP,No,26,9,17
Travis,164,Proposition 2,,REP,No,28,10,18
Travis,200,Proposition 2,,REP,No,71,14,57
Travis,202,Proposition 2,,REP,No,58,18,40
Travis,203,Proposition 2,,REP,No,25,7,18
Travis,205,Proposition 2,,REP,No,74,16,58
Travis,206,Proposition 2,,REP,No,24,9,15
Travis,207,Proposition 2,,REP,No,180,58,122
Travis,208,Proposition 2,,REP,No,119,62,57
Travis,209,Proposition 2,,REP,No,18,4,14
Travis,210,Proposition 2,,REP,No,123,51,72
Travis,211,Proposition 2,,REP,No,64,15,49
Travis,212,Proposition 2,,REP,No,290,131,159
Travis,213,Proposition 2,,REP,No,0,0,0
Travis,214,Proposition 2,,REP,No,184,61,123
Travis,215,Proposition 2,,REP,No,76,24,52
Travis,216,Proposition 2,,REP,No,37,9,28
Travis,217,Proposition 2,,REP,No,63,20,43
Travis,218,Proposition 2,,REP,No,97,33,64
Travis,219,Proposition 2,,REP,No,127,49,78
Travis,220,Proposition 2,,REP,No,112,39,73
Travis,221,Proposition 2,,REP,No,76,28,48
Travis,222,Proposition 2,,REP,No,70,20,50
Travis,223,Proposition 2,,REP,No,13,5,8
Travis,224,Proposition 2,,REP,No,2,0,2
Travis,225,Proposition 2,,REP,No,111,30,81
Travis,226,Proposition 2,,REP,No,41,9,32
Travis,227,Proposition 2,,REP,No,16,1,15
Travis,228,Proposition 2,,REP,No,92,38,54
Travis,229,Proposition 2,,REP,No,88,19,69
Travis,231,Proposition 2,,REP,No,177,56,121
Travis,232,Proposition 2,,REP,No,476,219,257
Travis,233,Proposition 2,,REP,No,214,72,142
Travis,234,Proposition 2,,REP,No,180,63,117
Travis,235,Proposition 2,,REP,No,49,19,30
Travis,236,Proposition 2,,REP,No,94,31,63
Travis,237,Proposition 2,,REP,No,128,42,86
Travis,238,Proposition 2,,REP,No,129,34,95
Travis,239,Proposition 2,,REP,No,106,26,80
Travis,240,Proposition 2,,REP,No,76,20,56
Travis,241,Proposition 2,,REP,No,43,12,31
Travis,242,Proposition 2,,REP,No,132,45,87
Travis,243,Proposition 2,,REP,No,76,34,42
Travis,244,Proposition 2,,REP,No,224,98,126
Travis,245,Proposition 2,,REP,No,90,21,69
Travis,246,Proposition 2,,REP,No,95,29,66
Travis,247,Proposition 2,,REP,No,68,19,49
Travis,248,Proposition 2,,REP,No,68,21,47
Travis,249,Proposition 2,,REP,No,138,49,89
Travis,250,Proposition 2,,REP,No,202,69,133
Travis,251,Proposition 2,,REP,No,137,44,93
Travis,252,Proposition 2,,REP,No,88,30,58
Travis,253,Proposition 2,,REP,No,223,99,124
Travis,254,Proposition 2,,REP,No,131,46,85
Travis,256,Proposition 2,,REP,No,172,84,88
Travis,258,Proposition 2,,REP,No,102,29,73
Travis,259,Proposition 2,,REP,No,118,38,80
Travis,260,Proposition 2,,REP,No,29,13,16
Travis,262,Proposition 2,,REP,No,200,83,117
Travis,263,Proposition 2,,REP,No,107,25,82
Travis,266,Proposition 2,,REP,No,38,20,18
Travis,267,Proposition 2,,REP,No,66,23,43
Travis,268,Proposition 2,,REP,No,32,9,23
Travis,273,Proposition 2,,REP,No,99,40,59
Travis,274,Proposition 2,,REP,No,62,22,40
Travis,275,Proposition 2,,REP,No,50,12,38
Travis,277,Proposition 2,,REP,No,178,77,101
Travis,301,Proposition 2,,REP,No,47,18,29
Travis,302,Proposition 2,,REP,No,233,98,135
Travis,303,Proposition 2,,REP,No,216,83,133
Travis,304,Proposition 2,,REP,No,291,95,196
Travis,305,Proposition 2,,REP,No,2,2,0
Travis,306,Proposition 2,,REP,No,276,140,136
Travis,307,Proposition 2,,REP,No,80,24,56
Travis,308,Proposition 2,,REP,No,472,183,289
Travis,309,Proposition 2,,REP,No,104,48,56
Travis,310,Proposition 2,,REP,No,242,94,148
Travis,311,Proposition 2,,REP,No,109,57,52
Travis,312,Proposition 2,,REP,No,157,72,85
Travis,313,Proposition 2,,REP,No,3,0,3
Travis,314,Proposition 2,,REP,No,406,183,223
Travis,315,Proposition 2,,REP,No,237,97,140
Travis,316,Proposition 2,,REP,No,210,86,124
Travis,317,Proposition 2,,REP,No,186,71,115
Travis,318,Proposition 2,,REP,No,51,9,42
Travis,319,Proposition 2,,REP,No,172,77,95
Travis,320,Proposition 2,,REP,No,202,110,92
Travis,321,Proposition 2,,REP,No,52,33,19
Travis,323,Proposition 2,,REP,No,65,28,37
Travis,324,Proposition 2,,REP,No,400,179,221
Travis,325,Proposition 2,,REP,No,2,1,1
Travis,326,Proposition 2,,REP,No,142,53,89
Travis,327,Proposition 2,,REP,No,227,90,137
Travis,328,Proposition 2,,REP,No,156,74,82
Travis,329,Proposition 2,,REP,No,151,58,93
Travis,330,Proposition 2,,REP,No,204,76,128
Travis,331,Proposition 2,,REP,No,179,67,112
Travis,332,Proposition 2,,REP,No,70,17,53
Travis,333,Proposition 2,,REP,No,192,42,150
Travis,334,Proposition 2,,REP,No,193,60,133
Travis,335,Proposition 2,,REP,No,144,50,94
Travis,336,Proposition 2,,REP,No,145,47,98
Travis,337,Proposition 2,,REP,No,241,57,184
Travis,338,Proposition 2,,REP,No,321,116,205
Travis,339,Proposition 2,,REP,No,77,35,42
Travis,340,Proposition 2,,REP,No,88,28,60
Travis,341,Proposition 2,,REP,No,3,2,1
Travis,342,Proposition 2,,REP,No,157,55,102
Travis,343,Proposition 2,,REP,No,101,31,70
Travis,344,Proposition 2,,REP,No,67,20,47
Travis,345,Proposition 2,,REP,No,0,0,0
Travis,346,Proposition 2,,REP,No,406,224,182
Travis,347,Proposition 2,,REP,No,182,90,92
Travis,349,Proposition 2,,REP,No,227,84,143
Travis,350,Proposition 2,,REP,No,130,60,70
Travis,351,Proposition 2,,REP,No,62,26,36
Travis,352,Proposition 2,,REP,No,113,44,69
Travis,354,Proposition 2,,REP,No,298,152,146
Travis,356,Proposition 2,,REP,No,69,22,47
Travis,357,Proposition 2,,REP,No,40,14,26
Travis,358,Proposition 2,,REP,No,134,47,87
Travis,359,Proposition 2,,REP,No,342,159,183
Travis,360,Proposition 2,,REP,No,198,80,118
Travis,361,Proposition 2,,REP,No,78,35,43
Travis,362,Proposition 2,,REP,No,160,61,99
Travis,363,Proposition 2,,REP,No,103,44,59
Travis,364,Proposition 2,,REP,No,203,97,106
Travis,365,Proposition 2,,REP,No,138,59,79
Travis,366,Proposition 2,,REP,No,274,115,159
Travis,367,Proposition 2,,REP,No,377,147,230
Travis,368,Proposition 2,,REP,No,25,13,12
Travis,369,Proposition 2,,REP,No,231,58,173
Travis,370,Proposition 2,,REP,No,112,7,105
Travis,371,Proposition 2,,REP,No,193,41,152
Travis,372,Proposition 2,,REP,No,120,20,100
Travis,373,Proposition 2,,REP,No,394,125,269
Travis,374,Proposition 2,,REP,No,422,115,307
Travis,375,Proposition 2,,REP,No,72,15,57
Travis,401,Proposition 2,,REP,No,65,19,46
Travis,402,Proposition 2,,REP,No,66,21,45
Travis,403,Proposition 2,,REP,No,56,14,42
Travis,404,Proposition 2,,REP,No,43,16,27
Travis,405,Proposition 2,,REP,No,18,5,13
Travis,406,Proposition 2,,REP,No,211,110,101
Travis,407,Proposition 2,,REP,No,33,16,17
Travis,408,Proposition 2,,REP,No,120,53,67
Travis,409,Proposition 2,,REP,No,31,9,22
Travis,410,Proposition 2,,REP,No,54,16,38
Travis,411,Proposition 2,,REP,No,53,21,32
Travis,412,Proposition 2,,REP,No,3,1,2
Travis,413,Proposition 2,,REP,No,19,4,15
Travis,414,Proposition 2,,REP,No,98,27,71
Travis,415,Proposition 2,,REP,No,37,7,30
Travis,416,Proposition 2,,REP,No,4,1,3
Travis,417,Proposition 2,,REP,No,40,17,23
Travis,418,Proposition 2,,REP,No,1,1,0
Travis,419,Proposition 2,,REP,No,25,7,18
Travis,420,Proposition 2,,REP,No,48,19,29
Travis,421,Proposition 2,,REP,No,62,22,40
Travis,422,Proposition 2,,REP,No,41,11,30
Travis,423,Proposition 2,,REP,No,39,12,27
Travis,424,Proposition 2,,REP,No,45,15,30
Travis,425,Proposition 2,,REP,No,23,5,18
Travis,426,Proposition 2,,REP,No,32,4,28
Travis,427,Proposition 2,,REP,No,21,6,15
Travis,428,Proposition 2,,REP,No,58,21,37
Travis,429,Proposition 2,,REP,No,105,41,64
Travis,430,Proposition 2,,REP,No,21,7,14
Travis,431,Proposition 2,,REP,No,64,25,39
Travis,432,Proposition 2,,REP,No,0,0,0
Travis,433,Proposition 2,,REP,No,43,19,24
Travis,434,Proposition 2,,REP,No,0,0,0
Travis,435,Proposition 2,,REP,No,192,89,103
Travis,436,Proposition 2,,REP,No,1,0,1
Travis,437,Proposition 2,,REP,No,47,17,30
Travis,438,Proposition 2,,REP,No,21,3,18
Travis,439,Proposition 2,,REP,No,26,8,18
Travis,440,Proposition 2,,REP,No,14,2,12
Travis,441,Proposition 2,,REP,No,74,27,47
Travis,442,Proposition 2,,REP,No,25,10,15
Travis,443,Proposition 2,,REP,No,38,9,29
Travis,444,Proposition 2,,REP,No,0,0,0
Travis,446,Proposition 2,,REP,No,21,3,18
Travis,447,Proposition 2,,REP,No,81,25,56
Travis,448,Proposition 2,,REP,No,58,25,33
Travis,450,Proposition 2,,REP,No,54,15,39
Travis,451,Proposition 2,,REP,No,56,17,39
Travis,452,Proposition 2,,REP,No,23,8,15
Travis,454,Proposition 2,,REP,No,83,53,30
Travis,458,Proposition 2,,REP,No,106,48,58
Travis,460,Proposition 2,,REP,No,96,56,40
Travis,461,Proposition 2,,REP,No,84,22,62
Travis,463,Proposition 2,,REP,No,86,29,57
Travis,101,Proposition 2,,REP,Yes,169,60,109
Travis,102,Proposition 2,,REP,Yes,49,15,34
Travis,103,Proposition 2,,REP,Yes,124,39,85
Travis,104,Proposition 2,,REP,Yes,90,41,49
Travis,105,Proposition 2,,REP,Yes,362,157,205
Travis,106,Proposition 2,,REP,Yes,336,112,224
Travis,107,Proposition 2,,REP,Yes,59,9,50
Travis,108,Proposition 2,,REP,Yes,70,11,59
Travis,109,Proposition 2,,REP,Yes,143,43,100
Travis,110,Proposition 2,,REP,Yes,402,139,263
Travis,111,Proposition 2,,REP,Yes,263,93,170
Travis,112,Proposition 2,,REP,Yes,51,16,35
Travis,113,Proposition 2,,REP,Yes,307,111,196
Travis,114,Proposition 2,,REP,Yes,21,4,17
Travis,115,Proposition 2,,REP,Yes,0,0,0
Travis,116,Proposition 2,,REP,Yes,1,0,1
Travis,117,Proposition 2,,REP,Yes,42,21,21
Travis,118,Proposition 2,,REP,Yes,13,6,7
Travis,119,Proposition 2,,REP,Yes,0,0,0
Travis,120,Proposition 2,,REP,Yes,13,6,7
Travis,121,Proposition 2,,REP,Yes,11,2,9
Travis,122,Proposition 2,,REP,Yes,34,14,20
Travis,123,Proposition 2,,REP,Yes,435,118,317
Travis,124,Proposition 2,,REP,Yes,60,25,35
Travis,125,Proposition 2,,REP,Yes,0,0,0
Travis,126,Proposition 2,,REP,Yes,61,23,38
Travis,127,Proposition 2,,REP,Yes,0,0,0
Travis,128,Proposition 2,,REP,Yes,0,0,0
Travis,129,Proposition 2,,REP,Yes,22,9,13
Travis,130,Proposition 2,,REP,Yes,55,16,39
Travis,131,Proposition 2,,REP,Yes,0,0,0
Travis,132,Proposition 2,,REP,Yes,56,19,37
Travis,133,Proposition 2,,REP,Yes,70,24,46
Travis,134,Proposition 2,,REP,Yes,0,0,0
Travis,135,Proposition 2,,REP,Yes,199,78,121
Travis,136,Proposition 2,,REP,Yes,353,128,225
Travis,137,Proposition 2,,REP,Yes,893,282,611
Travis,138,Proposition 2,,REP,Yes,0,0,0
Travis,139,Proposition 2,,REP,Yes,147,45,102
Travis,140,Proposition 2,,REP,Yes,85,28,57
Travis,141,Proposition 2,,REP,Yes,15,0,15
Travis,142,Proposition 2,,REP,Yes,16,10,6
Travis,145,Proposition 2,,REP,Yes,166,54,112
Travis,146,Proposition 2,,REP,Yes,314,120,194
Travis,148,Proposition 2,,REP,Yes,218,85,133
Travis,149,Proposition 2,,REP,Yes,40,9,31
Travis,150,Proposition 2,,REP,Yes,310,126,184
Travis,151,Proposition 2,,REP,Yes,70,19,51
Travis,152,Proposition 2,,REP,Yes,61,26,35
Travis,153,Proposition 2,,REP,Yes,219,60,159
Travis,154,Proposition 2,,REP,Yes,171,38,133
Travis,156,Proposition 2,,REP,Yes,183,65,118
Travis,160,Proposition 2,,REP,Yes,145,62,83
Travis,161,Proposition 2,,REP,Yes,108,41,67
Travis,163,Proposition 2,,REP,Yes,36,14,22
Travis,164,Proposition 2,,REP,Yes,50,13,37
Travis,200,Proposition 2,,REP,Yes,126,43,83
Travis,202,Proposition 2,,REP,Yes,105,40,65
Travis,203,Proposition 2,,REP,Yes,50,14,36
Travis,205,Proposition 2,,REP,Yes,131,31,100
Travis,206,Proposition 2,,REP,Yes,54,22,32
Travis,207,Proposition 2,,REP,Yes,370,127,243
Travis,208,Proposition 2,,REP,Yes,260,115,145
Travis,209,Proposition 2,,REP,Yes,44,14,30
Travis,210,Proposition 2,,REP,Yes,159,82,77
Travis,211,Proposition 2,,REP,Yes,100,29,71
Travis,212,Proposition 2,,REP,Yes,670,286,384
Travis,213,Proposition 2,,REP,Yes,0,0,0
Travis,214,Proposition 2,,REP,Yes,329,110,219
Travis,215,Proposition 2,,REP,Yes,149,44,105
Travis,216,Proposition 2,,REP,Yes,108,48,60
Travis,217,Proposition 2,,REP,Yes,116,30,86
Travis,218,Proposition 2,,REP,Yes,288,111,177
Travis,219,Proposition 2,,REP,Yes,210,72,138
Travis,220,Proposition 2,,REP,Yes,247,97,150
Travis,221,Proposition 2,,REP,Yes,127,38,89
Travis,222,Proposition 2,,REP,Yes,182,57,125
Travis,223,Proposition 2,,REP,Yes,34,18,16
Travis,224,Proposition 2,,REP,Yes,8,2,6
Travis,225,Proposition 2,,REP,Yes,256,83,173
Travis,226,Proposition 2,,REP,Yes,104,40,64
Travis,227,Proposition 2,,REP,Yes,36,17,19
Travis,228,Proposition 2,,REP,Yes,182,89,93
Travis,229,Proposition 2,,REP,Yes,159,44,115
Travis,231,Proposition 2,,REP,Yes,388,146,242
Travis,232,Proposition 2,,REP,Yes,979,479,500
Travis,233,Proposition 2,,REP,Yes,528,194,334
Travis,234,Proposition 2,,REP,Yes,415,160,255
Travis,235,Proposition 2,,REP,Yes,104,33,71
Travis,236,Proposition 2,,REP,Yes,150,49,101
Travis,237,Proposition 2,,REP,Yes,280,95,185
Travis,238,Proposition 2,,REP,Yes,258,83,175
Travis,239,Proposition 2,,REP,Yes,184,69,115
Travis,240,Proposition 2,,REP,Yes,98,34,64
Travis,241,Proposition 2,,REP,Yes,98,30,68
Travis,242,Proposition 2,,REP,Yes,202,74,128
Travis,243,Proposition 2,,REP,Yes,138,62,76
Travis,244,Proposition 2,,REP,Yes,512,244,268
Travis,245,Proposition 2,,REP,Yes,173,49,124
Travis,246,Proposition 2,,REP,Yes,210,71,139
Travis,247,Proposition 2,,REP,Yes,134,41,93
Travis,248,Proposition 2,,REP,Yes,146,46,100
Travis,249,Proposition 2,,REP,Yes,306,101,205
Travis,250,Proposition 2,,REP,Yes,260,108,152
Travis,251,Proposition 2,,REP,Yes,273,89,184
Travis,252,Proposition 2,,REP,Yes,144,54,90
Travis,253,Proposition 2,,REP,Yes,436,182,254
Travis,254,Proposition 2,,REP,Yes,278,108,170
Travis,256,Proposition 2,,REP,Yes,310,148,162
Travis,258,Proposition 2,,REP,Yes,228,84,144
Travis,259,Proposition 2,,REP,Yes,268,116,152
Travis,260,Proposition 2,,REP,Yes,51,15,36
Travis,262,Proposition 2,,REP,Yes,437,198,239
Travis,263,Proposition 2,,REP,Yes,230,60,170
Travis,266,Proposition 2,,REP,Yes,82,39,43
Travis,267,Proposition 2,,REP,Yes,139,66,73
Travis,268,Proposition 2,,REP,Yes,59,17,42
Travis,273,Proposition 2,,REP,Yes,190,83,107
Travis,274,Proposition 2,,REP,Yes,68,29,39
Travis,275,Proposition 2,,REP,Yes,94,32,62
Travis,277,Proposition 2,,REP,Yes,296,131,165
Travis,301,Proposition 2,,REP,Yes,117,37,80
Travis,302,Proposition 2,,REP,Yes,424,225,199
Travis,303,Proposition 2,,REP,Yes,468,179,289
Travis,304,Proposition 2,,REP,Yes,601,231,370
Travis,305,Proposition 2,,REP,Yes,1,1,0
Travis,306,Proposition 2,,REP,Yes,614,350,264
Travis,307,Proposition 2,,REP,Yes,195,81,114
Travis,308,Proposition 2,,REP,Yes,1051,414,637
Travis,309,Proposition 2,,REP,Yes,237,127,110
Travis,310,Proposition 2,,REP,Yes,454,192,262
Travis,311,Proposition 2,,REP,Yes,208,87,121
Travis,312,Proposition 2,,REP,Yes,310,139,171
Travis,313,Proposition 2,,REP,Yes,9,3,6
Travis,314,Proposition 2,,REP,Yes,829,395,434
Travis,315,Proposition 2,,REP,Yes,523,239,284
Travis,316,Proposition 2,,REP,Yes,473,187,286
Travis,317,Proposition 2,,REP,Yes,384,142,242
Travis,318,Proposition 2,,REP,Yes,109,30,79
Travis,319,Proposition 2,,REP,Yes,444,220,224
Travis,320,Proposition 2,,REP,Yes,398,223,175
Travis,321,Proposition 2,,REP,Yes,88,39,49
Travis,323,Proposition 2,,REP,Yes,96,43,53
Travis,324,Proposition 2,,REP,Yes,905,439,466
Travis,325,Proposition 2,,REP,Yes,9,6,3
Travis,326,Proposition 2,,REP,Yes,339,118,221
Travis,327,Proposition 2,,REP,Yes,418,162,256
Travis,328,Proposition 2,,REP,Yes,328,127,201
Travis,329,Proposition 2,,REP,Yes,265,119,146
Travis,330,Proposition 2,,REP,Yes,525,215,310
Travis,331,Proposition 2,,REP,Yes,360,136,224
Travis,332,Proposition 2,,REP,Yes,110,44,66
Travis,333,Proposition 2,,REP,Yes,416,92,324
Travis,334,Proposition 2,,REP,Yes,536,193,343
Travis,335,Proposition 2,,REP,Yes,284,124,160
Travis,336,Proposition 2,,REP,Yes,318,93,225
Travis,337,Proposition 2,,REP,Yes,496,147,349
Travis,338,Proposition 2,,REP,Yes,653,228,425
Travis,339,Proposition 2,,REP,Yes,163,84,79
Travis,340,Proposition 2,,REP,Yes,158,59,99
Travis,341,Proposition 2,,REP,Yes,14,4,10
Travis,342,Proposition 2,,REP,Yes,242,101,141
Travis,343,Proposition 2,,REP,Yes,149,42,107
Travis,344,Proposition 2,,REP,Yes,138,47,91
Travis,345,Proposition 2,,REP,Yes,0,0,0
Travis,346,Proposition 2,,REP,Yes,880,497,383
Travis,347,Proposition 2,,REP,Yes,380,184,196
Travis,349,Proposition 2,,REP,Yes,483,217,266
Travis,350,Proposition 2,,REP,Yes,312,118,194
Travis,351,Proposition 2,,REP,Yes,121,62,59
Travis,352,Proposition 2,,REP,Yes,191,95,96
Travis,354,Proposition 2,,REP,Yes,515,229,286
Travis,356,Proposition 2,,REP,Yes,112,42,70
Travis,357,Proposition 2,,REP,Yes,105,39,66
Travis,358,Proposition 2,,REP,Yes,289,115,174
Travis,359,Proposition 2,,REP,Yes,650,285,365
Travis,360,Proposition 2,,REP,Yes,443,211,232
Travis,361,Proposition 2,,REP,Yes,187,74,113
Travis,362,Proposition 2,,REP,Yes,284,127,157
Travis,363,Proposition 2,,REP,Yes,223,103,120
Travis,364,Proposition 2,,REP,Yes,475,233,242
Travis,365,Proposition 2,,REP,Yes,247,98,149
Travis,366,Proposition 2,,REP,Yes,555,225,330
Travis,367,Proposition 2,,REP,Yes,794,317,477
Travis,368,Proposition 2,,REP,Yes,76,41,35
Travis,369,Proposition 2,,REP,Yes,485,129,356
Travis,370,Proposition 2,,REP,Yes,209,19,190
Travis,371,Proposition 2,,REP,Yes,413,109,304
Travis,372,Proposition 2,,REP,Yes,262,46,216
Travis,373,Proposition 2,,REP,Yes,939,342,597
Travis,374,Proposition 2,,REP,Yes,861,266,595
Travis,375,Proposition 2,,REP,Yes,157,45,112
Travis,401,Proposition 2,,REP,Yes,131,50,81
Travis,402,Proposition 2,,REP,Yes,123,31,92
Travis,403,Proposition 2,,REP,Yes,103,27,76
Travis,404,Proposition 2,,REP,Yes,117,27,90
Travis,405,Proposition 2,,REP,Yes,18,4,14
Travis,406,Proposition 2,,REP,Yes,505,281,224
Travis,407,Proposition 2,,REP,Yes,58,23,35
Travis,408,Proposition 2,,REP,Yes,208,86,122
Travis,409,Proposition 2,,REP,Yes,63,20,43
Travis,410,Proposition 2,,REP,Yes,131,60,71
Travis,411,Proposition 2,,REP,Yes,86,27,59
Travis,412,Proposition 2,,REP,Yes,2,0,2
Travis,413,Proposition 2,,REP,Yes,45,17,28
Travis,414,Proposition 2,,REP,Yes,230,74,156
Travis,415,Proposition 2,,REP,Yes,85,22,63
Travis,416,Proposition 2,,REP,Yes,8,2,6
Travis,417,Proposition 2,,REP,Yes,96,36,60
Travis,418,Proposition 2,,REP,Yes,2,1,1
Travis,419,Proposition 2,,REP,Yes,37,9,28
Travis,420,Proposition 2,,REP,Yes,71,36,35
Travis,421,Proposition 2,,REP,Yes,124,33,91
Travis,422,Proposition 2,,REP,Yes,67,30,37
Travis,423,Proposition 2,,REP,Yes,62,19,43
Travis,424,Proposition 2,,REP,Yes,74,32,42
Travis,425,Proposition 2,,REP,Yes,41,20,21
Travis,426,Proposition 2,,REP,Yes,57,19,38
Travis,427,Proposition 2,,REP,Yes,38,12,26
Travis,428,Proposition 2,,REP,Yes,109,53,56
Travis,429,Proposition 2,,REP,Yes,157,46,111
Travis,430,Proposition 2,,REP,Yes,31,14,17
Travis,431,Proposition 2,,REP,Yes,136,53,83
Travis,432,Proposition 2,,REP,Yes,0,0,0
Travis,433,Proposition 2,,REP,Yes,66,34,32
Travis,434,Proposition 2,,REP,Yes,0,0,0
Travis,435,Proposition 2,,REP,Yes,381,147,234
Travis,436,Proposition 2,,REP,Yes,0,0,0
Travis,437,Proposition 2,,REP,Yes,62,16,46
Travis,438,Proposition 2,,REP,Yes,35,8,27
Travis,439,Proposition 2,,REP,Yes,43,6,37
Travis,440,Proposition 2,,REP,Yes,39,10,29
Travis,441,Proposition 2,,REP,Yes,154,57,97
Travis,442,Proposition 2,,REP,Yes,33,5,28
Travis,443,Proposition 2,,REP,Yes,103,49,54
Travis,444,Proposition 2,,REP,Yes,0,0,0
Travis,446,Proposition 2,,REP,Yes,48,15,33
Travis,447,Proposition 2,,REP,Yes,127,48,79
Travis,448,Proposition 2,,REP,Yes,82,28,54
Travis,450,Proposition 2,,REP,Yes,118,52,66
Travis,451,Proposition 2,,REP,Yes,114,42,72
Travis,452,Proposition 2,,REP,Yes,55,23,32
Travis,454,Proposition 2,,REP,Yes,137,77,60
Travis,458,Proposition 2,,REP,Yes,244,102,142
Travis,460,Proposition 2,,REP,Yes,116,60,56
Travis,461,Proposition 2,,REP,Yes,133,57,76
Travis,463,Proposition 2,,REP,Yes,136,49,87
Travis,101,Proposition 3,,REP,No,68,21,47
Travis,102,Proposition 3,,REP,No,20,6,14
Travis,103,Proposition 3,,REP,No,40,18,22
Travis,104,Proposition 3,,REP,No,26,7,19
Travis,105,Proposition 3,,REP,No,112,34,78
Travis,106,Proposition 3,,REP,No,89,32,57
Travis,107,Proposition 3,,REP,No,16,3,13
Travis,108,Proposition 3,,REP,No,23,4,19
Travis,109,Proposition 3,,REP,No,44,12,32
Travis,110,Proposition 3,,REP,No,123,36,87
Travis,111,Proposition 3,,REP,No,64,26,38
Travis,112,Proposition 3,,REP,No,16,5,11
Travis,113,Proposition 3,,REP,No,88,31,57
Travis,114,Proposition 3,,REP,No,6,0,6
Travis,115,Proposition 3,,REP,No,0,0,0
Travis,116,Proposition 3,,REP,No,1,0,1
Travis,117,Proposition 3,,REP,No,16,8,8
Travis,118,Proposition 3,,REP,No,8,4,4
Travis,119,Proposition 3,,REP,No,0,0,0
Travis,120,Proposition 3,,REP,No,1,0,1
Travis,121,Proposition 3,,REP,No,1,0,1
Travis,122,Proposition 3,,REP,No,12,4,8
Travis,123,Proposition 3,,REP,No,113,20,93
Travis,124,Proposition 3,,REP,No,41,18,23
Travis,125,Proposition 3,,REP,No,0,0,0
Travis,126,Proposition 3,,REP,No,26,9,17
Travis,127,Proposition 3,,REP,No,0,0,0
Travis,128,Proposition 3,,REP,No,0,0,0
Travis,129,Proposition 3,,REP,No,14,3,11
Travis,130,Proposition 3,,REP,No,16,2,14
Travis,131,Proposition 3,,REP,No,0,0,0
Travis,132,Proposition 3,,REP,No,18,6,12
Travis,133,Proposition 3,,REP,No,20,3,17
Travis,134,Proposition 3,,REP,No,0,0,0
Travis,135,Proposition 3,,REP,No,84,26,58
Travis,136,Proposition 3,,REP,No,80,26,54
Travis,137,Proposition 3,,REP,No,240,60,180
Travis,138,Proposition 3,,REP,No,0,0,0
Travis,139,Proposition 3,,REP,No,37,12,25
Travis,140,Proposition 3,,REP,No,28,8,20
Travis,141,Proposition 3,,REP,No,3,0,3
Travis,142,Proposition 3,,REP,No,7,5,2
Travis,145,Proposition 3,,REP,No,55,17,38
Travis,146,Proposition 3,,REP,No,84,35,49
Travis,148,Proposition 3,,REP,No,49,16,33
Travis,149,Proposition 3,,REP,No,13,2,11
Travis,150,Proposition 3,,REP,No,72,27,45
Travis,151,Proposition 3,,REP,No,25,8,17
Travis,152,Proposition 3,,REP,No,34,13,21
Travis,153,Proposition 3,,REP,No,84,27,57
Travis,154,Proposition 3,,REP,No,56,12,44
Travis,156,Proposition 3,,REP,No,67,21,46
Travis,160,Proposition 3,,REP,No,46,20,26
Travis,161,Proposition 3,,REP,No,33,6,27
Travis,163,Proposition 3,,REP,No,11,6,5
Travis,164,Proposition 3,,REP,No,19,7,12
Travis,200,Proposition 3,,REP,No,49,17,32
Travis,202,Proposition 3,,REP,No,29,10,19
Travis,203,Proposition 3,,REP,No,11,3,8
Travis,205,Proposition 3,,REP,No,42,14,28
Travis,206,Proposition 3,,REP,No,16,3,13
Travis,207,Proposition 3,,REP,No,102,34,68
Travis,208,Proposition 3,,REP,No,78,29,49
Travis,209,Proposition 3,,REP,No,19,6,13
Travis,210,Proposition 3,,REP,No,51,20,31
Travis,211,Proposition 3,,REP,No,41,14,27
Travis,212,Proposition 3,,REP,No,100,34,66
Travis,213,Proposition 3,,REP,No,0,0,0
Travis,214,Proposition 3,,REP,No,79,32,47
Travis,215,Proposition 3,,REP,No,40,10,30
Travis,216,Proposition 3,,REP,No,20,5,15
Travis,217,Proposition 3,,REP,No,26,7,19
Travis,218,Proposition 3,,REP,No,78,19,59
Travis,219,Proposition 3,,REP,No,69,25,44
Travis,220,Proposition 3,,REP,No,64,18,46
Travis,221,Proposition 3,,REP,No,35,10,25
Travis,222,Proposition 3,,REP,No,59,15,44
Travis,223,Proposition 3,,REP,No,11,5,6
Travis,224,Proposition 3,,REP,No,3,2,1
Travis,225,Proposition 3,,REP,No,73,25,48
Travis,226,Proposition 3,,REP,No,31,8,23
Travis,227,Proposition 3,,REP,No,7,2,5
Travis,228,Proposition 3,,REP,No,33,17,16
Travis,229,Proposition 3,,REP,No,49,14,35
Travis,231,Proposition 3,,REP,No,93,31,62
Travis,232,Proposition 3,,REP,No,213,105,108
Travis,233,Proposition 3,,REP,No,102,31,71
Travis,234,Proposition 3,,REP,No,94,28,66
Travis,235,Proposition 3,,REP,No,40,17,23
Travis,236,Proposition 3,,REP,No,60,21,39
Travis,237,Proposition 3,,REP,No,49,10,39
Travis,238,Proposition 3,,REP,No,66,22,44
Travis,239,Proposition 3,,REP,No,57,13,44
Travis,240,Proposition 3,,REP,No,40,10,30
Travis,241,Proposition 3,,REP,No,27,7,20
Travis,242,Proposition 3,,REP,No,71,24,47
Travis,243,Proposition 3,,REP,No,48,18,30
Travis,244,Proposition 3,,REP,No,109,44,65
Travis,245,Proposition 3,,REP,No,34,7,27
Travis,246,Proposition 3,,REP,No,48,12,36
Travis,247,Proposition 3,,REP,No,28,11,17
Travis,248,Proposition 3,,REP,No,44,9,35
Travis,249,Proposition 3,,REP,No,86,35,51
Travis,250,Proposition 3,,REP,No,109,38,71
Travis,251,Proposition 3,,REP,No,98,36,62
Travis,252,Proposition 3,,REP,No,44,8,36
Travis,253,Proposition 3,,REP,No,108,45,63
Travis,254,Proposition 3,,REP,No,67,28,39
Travis,256,Proposition 3,,REP,No,89,31,58
Travis,258,Proposition 3,,REP,No,63,21,42
Travis,259,Proposition 3,,REP,No,72,26,46
Travis,260,Proposition 3,,REP,No,17,7,10
Travis,262,Proposition 3,,REP,No,107,47,60
Travis,263,Proposition 3,,REP,No,65,15,50
Travis,266,Proposition 3,,REP,No,14,9,5
Travis,267,Proposition 3,,REP,No,31,10,21
Travis,268,Proposition 3,,REP,No,16,9,7
Travis,273,Proposition 3,,REP,No,60,23,37
Travis,274,Proposition 3,,REP,No,35,14,21
Travis,275,Proposition 3,,REP,No,33,10,23
Travis,277,Proposition 3,,REP,No,82,27,55
Travis,301,Proposition 3,,REP,No,20,6,14
Travis,302,Proposition 3,,REP,No,110,48,62
Travis,303,Proposition 3,,REP,No,127,47,80
Travis,304,Proposition 3,,REP,No,154,54,100
Travis,305,Proposition 3,,REP,No,0,0,0
Travis,306,Proposition 3,,REP,No,102,47,55
Travis,307,Proposition 3,,REP,No,33,10,23
Travis,308,Proposition 3,,REP,No,183,65,118
Travis,309,Proposition 3,,REP,No,58,22,36
Travis,310,Proposition 3,,REP,No,138,56,82
Travis,311,Proposition 3,,REP,No,57,26,31
Travis,312,Proposition 3,,REP,No,73,31,42
Travis,313,Proposition 3,,REP,No,4,1,3
Travis,314,Proposition 3,,REP,No,168,75,93
Travis,315,Proposition 3,,REP,No,137,54,83
Travis,316,Proposition 3,,REP,No,98,44,54
Travis,317,Proposition 3,,REP,No,98,33,65
Travis,318,Proposition 3,,REP,No,30,5,25
Travis,319,Proposition 3,,REP,No,79,38,41
Travis,320,Proposition 3,,REP,No,66,35,31
Travis,321,Proposition 3,,REP,No,25,15,10
Travis,323,Proposition 3,,REP,No,33,10,23
Travis,324,Proposition 3,,REP,No,178,79,99
Travis,325,Proposition 3,,REP,No,1,0,1
Travis,326,Proposition 3,,REP,No,85,28,57
Travis,327,Proposition 3,,REP,No,105,34,71
Travis,328,Proposition 3,,REP,No,79,33,46
Travis,329,Proposition 3,,REP,No,71,33,38
Travis,330,Proposition 3,,REP,No,112,44,68
Travis,331,Proposition 3,,REP,No,111,38,73
Travis,332,Proposition 3,,REP,No,39,11,28
Travis,333,Proposition 3,,REP,No,129,26,103
Travis,334,Proposition 3,,REP,No,105,34,71
Travis,335,Proposition 3,,REP,No,76,27,49
Travis,336,Proposition 3,,REP,No,73,12,61
Travis,337,Proposition 3,,REP,No,114,26,88
Travis,338,Proposition 3,,REP,No,154,50,104
Travis,339,Proposition 3,,REP,No,44,23,21
Travis,340,Proposition 3,,REP,No,58,18,40
Travis,341,Proposition 3,,REP,No,3,0,3
Travis,342,Proposition 3,,REP,No,74,19,55
Travis,343,Proposition 3,,REP,No,39,16,23
Travis,344,Proposition 3,,REP,No,38,10,28
Travis,345,Proposition 3,,REP,No,0,0,0
Travis,346,Proposition 3,,REP,No,142,80,62
Travis,347,Proposition 3,,REP,No,94,51,43
Travis,349,Proposition 3,,REP,No,117,58,59
Travis,350,Proposition 3,,REP,No,91,36,55
Travis,351,Proposition 3,,REP,No,34,11,23
Travis,352,Proposition 3,,REP,No,52,25,27
Travis,354,Proposition 3,,REP,No,126,65,61
Travis,356,Proposition 3,,REP,No,22,8,14
Travis,357,Proposition 3,,REP,No,14,4,10
Travis,358,Proposition 3,,REP,No,84,30,54
Travis,359,Proposition 3,,REP,No,158,62,96
Travis,360,Proposition 3,,REP,No,114,45,69
Travis,361,Proposition 3,,REP,No,35,18,17
Travis,362,Proposition 3,,REP,No,84,31,53
Travis,363,Proposition 3,,REP,No,63,25,38
Travis,364,Proposition 3,,REP,No,93,48,45
Travis,365,Proposition 3,,REP,No,46,23,23
Travis,366,Proposition 3,,REP,No,154,55,99
Travis,367,Proposition 3,,REP,No,192,73,119
Travis,368,Proposition 3,,REP,No,13,6,7
Travis,369,Proposition 3,,REP,No,94,24,70
Travis,370,Proposition 3,,REP,No,43,2,41
Travis,371,Proposition 3,,REP,No,75,17,58
Travis,372,Proposition 3,,REP,No,56,10,46
Travis,373,Proposition 3,,REP,No,181,58,123
Travis,374,Proposition 3,,REP,No,197,46,151
Travis,375,Proposition 3,,REP,No,37,11,26
Travis,401,Proposition 3,,REP,No,27,7,20
Travis,402,Proposition 3,,REP,No,43,14,29
Travis,403,Proposition 3,,REP,No,34,7,27
Travis,404,Proposition 3,,REP,No,31,10,21
Travis,405,Proposition 3,,REP,No,9,2,7
Travis,406,Proposition 3,,REP,No,99,47,52
Travis,407,Proposition 3,,REP,No,21,8,13
Travis,408,Proposition 3,,REP,No,66,27,39
Travis,409,Proposition 3,,REP,No,21,11,10
Travis,410,Proposition 3,,REP,No,28,11,17
Travis,411,Proposition 3,,REP,No,35,14,21
Travis,412,Proposition 3,,REP,No,2,0,2
Travis,413,Proposition 3,,REP,No,14,8,6
Travis,414,Proposition 3,,REP,No,56,18,38
Travis,415,Proposition 3,,REP,No,22,5,17
Travis,416,Proposition 3,,REP,No,4,2,2
Travis,417,Proposition 3,,REP,No,25,10,15
Travis,418,Proposition 3,,REP,No,0,0,0
Travis,419,Proposition 3,,REP,No,14,3,11
Travis,420,Proposition 3,,REP,No,39,17,22
Travis,421,Proposition 3,,REP,No,42,12,30
Travis,422,Proposition 3,,REP,No,23,6,17
Travis,423,Proposition 3,,REP,No,33,12,21
Travis,424,Proposition 3,,REP,No,29,11,18
Travis,425,Proposition 3,,REP,No,11,4,7
Travis,426,Proposition 3,,REP,No,26,4,22
Travis,427,Proposition 3,,REP,No,10,3,7
Travis,428,Proposition 3,,REP,No,40,14,26
Travis,429,Proposition 3,,REP,No,55,16,39
Travis,430,Proposition 3,,REP,No,13,5,8
Travis,431,Proposition 3,,REP,No,60,25,35
Travis,432,Proposition 3,,REP,No,0,0,0
Travis,433,Proposition 3,,REP,No,20,10,10
Travis,434,Proposition 3,,REP,No,0,0,0
Travis,435,Proposition 3,,REP,No,114,46,68
Travis,436,Proposition 3,,REP,No,1,0,1
Travis,437,Proposition 3,,REP,No,25,11,14
Travis,438,Proposition 3,,REP,No,14,1,13
Travis,439,Proposition 3,,REP,No,15,3,12
Travis,440,Proposition 3,,REP,No,10,2,8
Travis,441,Proposition 3,,REP,No,46,20,26
Travis,442,Proposition 3,,REP,No,14,5,9
Travis,443,Proposition 3,,REP,No,31,13,18
Travis,444,Proposition 3,,REP,No,0,0,0
Travis,446,Proposition 3,,REP,No,16,5,11
Travis,447,Proposition 3,,REP,No,50,11,39
Travis,448,Proposition 3,,REP,No,32,8,24
Travis,450,Proposition 3,,REP,No,27,6,21
Travis,451,Proposition 3,,REP,No,39,12,27
Travis,452,Proposition 3,,REP,No,15,7,8
Travis,454,Proposition 3,,REP,No,43,25,18
Travis,458,Proposition 3,,REP,No,47,18,29
Travis,460,Proposition 3,,REP,No,46,20,26
Travis,461,Proposition 3,,REP,No,47,20,27
Travis,463,Proposition 3,,REP,No,46,17,29
Travis,101,Proposition 3,,REP,Yes,177,64,113
Travis,102,Proposition 3,,REP,Yes,55,19,36
Travis,103,Proposition 3,,REP,Yes,145,48,97
Travis,104,Proposition 3,,REP,Yes,101,44,57
Travis,105,Proposition 3,,REP,Yes,420,173,247
Travis,106,Proposition 3,,REP,Yes,417,139,278
Travis,107,Proposition 3,,REP,Yes,75,5,70
Travis,108,Proposition 3,,REP,Yes,89,15,74
Travis,109,Proposition 3,,REP,Yes,164,53,111
Travis,110,Proposition 3,,REP,Yes,479,189,290
Travis,111,Proposition 3,,REP,Yes,316,108,208
Travis,112,Proposition 3,,REP,Yes,55,13,42
Travis,113,Proposition 3,,REP,Yes,358,134,224
Travis,114,Proposition 3,,REP,Yes,19,7,12
Travis,115,Proposition 3,,REP,Yes,0,0,0
Travis,116,Proposition 3,,REP,Yes,0,0,0
Travis,117,Proposition 3,,REP,Yes,44,18,26
Travis,118,Proposition 3,,REP,Yes,13,5,8
Travis,119,Proposition 3,,REP,Yes,0,0,0
Travis,120,Proposition 3,,REP,Yes,18,8,10
Travis,121,Proposition 3,,REP,Yes,16,4,12
Travis,122,Proposition 3,,REP,Yes,34,14,20
Travis,123,Proposition 3,,REP,Yes,529,153,376
Travis,124,Proposition 3,,REP,Yes,76,23,53
Travis,125,Proposition 3,,REP,Yes,0,0,0
Travis,126,Proposition 3,,REP,Yes,73,26,47
Travis,127,Proposition 3,,REP,Yes,0,0,0
Travis,128,Proposition 3,,REP,Yes,0,0,0
Travis,129,Proposition 3,,REP,Yes,26,12,14
Travis,130,Proposition 3,,REP,Yes,69,14,55
Travis,131,Proposition 3,,REP,Yes,0,0,0
Travis,132,Proposition 3,,REP,Yes,70,19,51
Travis,133,Proposition 3,,REP,Yes,91,30,61
Travis,134,Proposition 3,,REP,Yes,0,0,0
Travis,135,Proposition 3,,REP,Yes,247,87,160
Travis,136,Proposition 3,,REP,Yes,431,164,267
Travis,137,Proposition 3,,REP,Yes,1038,345,693
Travis,138,Proposition 3,,REP,Yes,0,0,0
Travis,139,Proposition 3,,REP,Yes,157,49,108
Travis,140,Proposition 3,,REP,Yes,94,32,62
Travis,141,Proposition 3,,REP,Yes,19,4,15
Travis,142,Proposition 3,,REP,Yes,17,8,9
Travis,145,Proposition 3,,REP,Yes,213,67,146
Travis,146,Proposition 3,,REP,Yes,350,133,217
Travis,148,Proposition 3,,REP,Yes,287,111,176
Travis,149,Proposition 3,,REP,Yes,48,11,37
Travis,150,Proposition 3,,REP,Yes,370,142,228
Travis,151,Proposition 3,,REP,Yes,94,26,68
Travis,152,Proposition 3,,REP,Yes,73,28,45
Travis,153,Proposition 3,,REP,Yes,244,70,174
Travis,154,Proposition 3,,REP,Yes,195,48,147
Travis,156,Proposition 3,,REP,Yes,212,71,141
Travis,160,Proposition 3,,REP,Yes,149,66,83
Travis,161,Proposition 3,,REP,Yes,138,51,87
Travis,163,Proposition 3,,REP,Yes,50,16,34
Travis,164,Proposition 3,,REP,Yes,55,15,40
Travis,200,Proposition 3,,REP,Yes,148,44,104
Travis,202,Proposition 3,,REP,Yes,127,45,82
Travis,203,Proposition 3,,REP,Yes,61,18,43
Travis,205,Proposition 3,,REP,Yes,160,34,126
Travis,206,Proposition 3,,REP,Yes,60,29,31
Travis,207,Proposition 3,,REP,Yes,436,151,285
Travis,208,Proposition 3,,REP,Yes,283,141,142
Travis,209,Proposition 3,,REP,Yes,45,12,33
Travis,210,Proposition 3,,REP,Yes,226,110,116
Travis,211,Proposition 3,,REP,Yes,122,31,91
Travis,212,Proposition 3,,REP,Yes,851,384,467
Travis,213,Proposition 3,,REP,Yes,0,0,0
Travis,214,Proposition 3,,REP,Yes,436,141,295
Travis,215,Proposition 3,,REP,Yes,175,57,118
Travis,216,Proposition 3,,REP,Yes,122,51,71
Travis,217,Proposition 3,,REP,Yes,150,46,104
Travis,218,Proposition 3,,REP,Yes,289,122,167
Travis,219,Proposition 3,,REP,Yes,265,96,169
Travis,220,Proposition 3,,REP,Yes,293,117,176
Travis,221,Proposition 3,,REP,Yes,164,58,106
Travis,222,Proposition 3,,REP,Yes,188,62,126
Travis,223,Proposition 3,,REP,Yes,35,17,18
Travis,224,Proposition 3,,REP,Yes,7,0,7
Travis,225,Proposition 3,,REP,Yes,287,88,199
Travis,226,Proposition 3,,REP,Yes,114,40,74
Travis,227,Proposition 3,,REP,Yes,43,15,28
Travis,228,Proposition 3,,REP,Yes,241,108,133
Travis,229,Proposition 3,,REP,Yes,196,50,146
Travis,231,Proposition 3,,REP,Yes,466,172,294
Travis,232,Proposition 3,,REP,Yes,1212,588,624
Travis,233,Proposition 3,,REP,Yes,626,227,399
Travis,234,Proposition 3,,REP,Yes,492,195,297
Travis,235,Proposition 3,,REP,Yes,113,35,78
Travis,236,Proposition 3,,REP,Yes,177,59,118
Travis,237,Proposition 3,,REP,Yes,352,127,225
Travis,238,Proposition 3,,REP,Yes,316,97,219
Travis,239,Proposition 3,,REP,Yes,236,82,154
Travis,240,Proposition 3,,REP,Yes,130,40,90
Travis,241,Proposition 3,,REP,Yes,112,35,77
Travis,242,Proposition 3,,REP,Yes,255,97,158
Travis,243,Proposition 3,,REP,Yes,163,77,86
Travis,244,Proposition 3,,REP,Yes,611,295,316
Travis,245,Proposition 3,,REP,Yes,220,59,161
Travis,246,Proposition 3,,REP,Yes,245,84,161
Travis,247,Proposition 3,,REP,Yes,173,51,122
Travis,248,Proposition 3,,REP,Yes,171,61,110
Travis,249,Proposition 3,,REP,Yes,352,117,235
Travis,250,Proposition 3,,REP,Yes,344,138,206
Travis,251,Proposition 3,,REP,Yes,315,100,215
Travis,252,Proposition 3,,REP,Yes,191,76,115
Travis,253,Proposition 3,,REP,Yes,532,231,301
Travis,254,Proposition 3,,REP,Yes,332,126,206
Travis,256,Proposition 3,,REP,Yes,383,190,193
Travis,258,Proposition 3,,REP,Yes,264,90,174
Travis,259,Proposition 3,,REP,Yes,305,126,179
Travis,260,Proposition 3,,REP,Yes,59,20,39
Travis,262,Proposition 3,,REP,Yes,522,230,292
Travis,263,Proposition 3,,REP,Yes,255,69,186
Travis,266,Proposition 3,,REP,Yes,101,47,54
Travis,267,Proposition 3,,REP,Yes,169,79,90
Travis,268,Proposition 3,,REP,Yes,72,16,56
Travis,273,Proposition 3,,REP,Yes,220,99,121
Travis,274,Proposition 3,,REP,Yes,91,37,54
Travis,275,Proposition 3,,REP,Yes,97,30,67
Travis,277,Proposition 3,,REP,Yes,353,165,188
Travis,301,Proposition 3,,REP,Yes,137,46,91
Travis,302,Proposition 3,,REP,Yes,535,276,259
Travis,303,Proposition 3,,REP,Yes,547,209,338
Travis,304,Proposition 3,,REP,Yes,719,267,452
Travis,305,Proposition 3,,REP,Yes,4,4,0
Travis,306,Proposition 3,,REP,Yes,774,437,337
Travis,307,Proposition 3,,REP,Yes,237,93,144
Travis,308,Proposition 3,,REP,Yes,1325,526,799
Travis,309,Proposition 3,,REP,Yes,277,147,130
Travis,310,Proposition 3,,REP,Yes,557,232,325
Travis,311,Proposition 3,,REP,Yes,241,108,133
Travis,312,Proposition 3,,REP,Yes,383,178,205
Travis,313,Proposition 3,,REP,Yes,9,3,6
Travis,314,Proposition 3,,REP,Yes,1052,497,555
Travis,315,Proposition 3,,REP,Yes,601,271,330
Travis,316,Proposition 3,,REP,Yes,566,222,344
Travis,317,Proposition 3,,REP,Yes,478,185,293
Travis,318,Proposition 3,,REP,Yes,129,33,96
Travis,319,Proposition 3,,REP,Yes,527,259,268
Travis,320,Proposition 3,,REP,Yes,518,289,229
Travis,321,Proposition 3,,REP,Yes,114,56,58
Travis,323,Proposition 3,,REP,Yes,130,62,68
Travis,324,Proposition 3,,REP,Yes,1097,527,570
Travis,325,Proposition 3,,REP,Yes,10,7,3
Travis,326,Proposition 3,,REP,Yes,387,143,244
Travis,327,Proposition 3,,REP,Yes,527,212,315
Travis,328,Proposition 3,,REP,Yes,399,170,229
Travis,329,Proposition 3,,REP,Yes,337,143,194
Travis,330,Proposition 3,,REP,Yes,614,243,371
Travis,331,Proposition 3,,REP,Yes,414,162,252
Travis,332,Proposition 3,,REP,Yes,141,50,91
Travis,333,Proposition 3,,REP,Yes,469,109,360
Travis,334,Proposition 3,,REP,Yes,618,217,401
Travis,335,Proposition 3,,REP,Yes,350,144,206
Travis,336,Proposition 3,,REP,Yes,382,122,260
Travis,337,Proposition 3,,REP,Yes,622,177,445
Travis,338,Proposition 3,,REP,Yes,814,289,525
Travis,339,Proposition 3,,REP,Yes,194,96,98
Travis,340,Proposition 3,,REP,Yes,181,64,117
Travis,341,Proposition 3,,REP,Yes,15,6,9
Travis,342,Proposition 3,,REP,Yes,322,137,185
Travis,343,Proposition 3,,REP,Yes,206,56,150
Travis,344,Proposition 3,,REP,Yes,161,56,105
Travis,345,Proposition 3,,REP,Yes,0,0,0
Travis,346,Proposition 3,,REP,Yes,1100,622,478
Travis,347,Proposition 3,,REP,Yes,462,222,240
Travis,349,Proposition 3,,REP,Yes,571,233,338
Travis,350,Proposition 3,,REP,Yes,335,140,195
Travis,351,Proposition 3,,REP,Yes,145,76,69
Travis,352,Proposition 3,,REP,Yes,246,114,132
Travis,354,Proposition 3,,REP,Yes,674,314,360
Travis,356,Proposition 3,,REP,Yes,157,58,99
Travis,357,Proposition 3,,REP,Yes,131,50,81
Travis,358,Proposition 3,,REP,Yes,330,127,203
Travis,359,Proposition 3,,REP,Yes,810,370,440
Travis,360,Proposition 3,,REP,Yes,513,237,276
Travis,361,Proposition 3,,REP,Yes,230,93,137
Travis,362,Proposition 3,,REP,Yes,352,159,193
Travis,363,Proposition 3,,REP,Yes,260,122,138
Travis,364,Proposition 3,,REP,Yes,580,278,302
Travis,365,Proposition 3,,REP,Yes,328,130,198
Travis,366,Proposition 3,,REP,Yes,663,284,379
Travis,367,Proposition 3,,REP,Yes,947,387,560
Travis,368,Proposition 3,,REP,Yes,86,47,39
Travis,369,Proposition 3,,REP,Yes,607,158,449
Travis,370,Proposition 3,,REP,Yes,267,23,244
Travis,371,Proposition 3,,REP,Yes,526,137,389
Travis,372,Proposition 3,,REP,Yes,316,52,264
Travis,373,Proposition 3,,REP,Yes,1143,409,734
Travis,374,Proposition 3,,REP,Yes,1072,335,737
Travis,375,Proposition 3,,REP,Yes,186,47,139
Travis,401,Proposition 3,,REP,Yes,157,57,100
Travis,402,Proposition 3,,REP,Yes,143,37,106
Travis,403,Proposition 3,,REP,Yes,125,34,91
Travis,404,Proposition 3,,REP,Yes,122,31,91
Travis,405,Proposition 3,,REP,Yes,27,6,21
Travis,406,Proposition 3,,REP,Yes,615,347,268
Travis,407,Proposition 3,,REP,Yes,66,30,36
Travis,408,Proposition 3,,REP,Yes,249,106,143
Travis,409,Proposition 3,,REP,Yes,66,19,47
Travis,410,Proposition 3,,REP,Yes,152,64,88
Travis,411,Proposition 3,,REP,Yes,102,34,68
Travis,412,Proposition 3,,REP,Yes,3,1,2
Travis,413,Proposition 3,,REP,Yes,46,13,33
Travis,414,Proposition 3,,REP,Yes,266,81,185
Travis,415,Proposition 3,,REP,Yes,97,22,75
Travis,416,Proposition 3,,REP,Yes,9,1,8
Travis,417,Proposition 3,,REP,Yes,108,43,65
Travis,418,Proposition 3,,REP,Yes,3,2,1
Travis,419,Proposition 3,,REP,Yes,47,14,33
Travis,420,Proposition 3,,REP,Yes,80,37,43
Travis,421,Proposition 3,,REP,Yes,141,42,99
Travis,422,Proposition 3,,REP,Yes,84,34,50
Travis,423,Proposition 3,,REP,Yes,68,20,48
Travis,424,Proposition 3,,REP,Yes,84,33,51
Travis,425,Proposition 3,,REP,Yes,54,21,33
Travis,426,Proposition 3,,REP,Yes,60,18,42
Travis,427,Proposition 3,,REP,Yes,47,15,32
Travis,428,Proposition 3,,REP,Yes,122,59,63
Travis,429,Proposition 3,,REP,Yes,201,68,133
Travis,430,Proposition 3,,REP,Yes,37,16,21
Travis,431,Proposition 3,,REP,Yes,141,54,87
Travis,432,Proposition 3,,REP,Yes,0,0,0
Travis,433,Proposition 3,,REP,Yes,88,44,44
Travis,434,Proposition 3,,REP,Yes,0,0,0
Travis,435,Proposition 3,,REP,Yes,444,188,256
Travis,436,Proposition 3,,REP,Yes,0,0,0
Travis,437,Proposition 3,,REP,Yes,76,19,57
Travis,438,Proposition 3,,REP,Yes,41,10,31
Travis,439,Proposition 3,,REP,Yes,53,11,42
Travis,440,Proposition 3,,REP,Yes,40,10,30
Travis,441,Proposition 3,,REP,Yes,172,64,108
Travis,442,Proposition 3,,REP,Yes,43,10,33
Travis,443,Proposition 3,,REP,Yes,111,46,65
Travis,444,Proposition 3,,REP,Yes,0,0,0
Travis,446,Proposition 3,,REP,Yes,50,12,38
Travis,447,Proposition 3,,REP,Yes,159,64,95
Travis,448,Proposition 3,,REP,Yes,106,46,60
Travis,450,Proposition 3,,REP,Yes,143,60,83
Travis,451,Proposition 3,,REP,Yes,133,47,86
Travis,452,Proposition 3,,REP,Yes,60,23,37
Travis,454,Proposition 3,,REP,Yes,173,100,73
Travis,458,Proposition 3,,REP,Yes,297,130,167
Travis,460,Proposition 3,,REP,Yes,161,91,70
Travis,461,Proposition 3,,REP,Yes,161,57,104
Travis,463,Proposition 3,,REP,Yes,166,56,110
Travis,101,Proposition 4,,REP,No,29,17,12
Travis,102,Proposition 4,,REP,No,10,2,8
Travis,103,Proposition 4,,REP,No,18,8,10
Travis,104,Proposition 4,,REP,No,13,6,7
Travis,105,Proposition 4,,REP,No,39,9,30
Travis,106,Proposition 4,,REP,No,28,4,24
Travis,107,Proposition 4,,REP,No,7,1,6
Travis,108,Proposition 4,,REP,No,13,3,10
Travis,109,Proposition 4,,REP,No,16,5,11
Travis,110,Proposition 4,,REP,No,38,10,28
Travis,111,Proposition 4,,REP,No,25,10,15
Travis,112,Proposition 4,,REP,No,5,0,5
Travis,113,Proposition 4,,REP,No,33,8,25
Travis,114,Proposition 4,,REP,No,4,1,3
Travis,115,Proposition 4,,REP,No,0,0,0
Travis,116,Proposition 4,,REP,No,1,0,1
Travis,117,Proposition 4,,REP,No,9,4,5
Travis,118,Proposition 4,,REP,No,4,3,1
Travis,119,Proposition 4,,REP,No,0,0,0
Travis,120,Proposition 4,,REP,No,2,1,1
Travis,121,Proposition 4,,REP,No,2,0,2
Travis,122,Proposition 4,,REP,No,1,0,1
Travis,123,Proposition 4,,REP,No,63,18,45
Travis,124,Proposition 4,,REP,No,28,14,14
Travis,125,Proposition 4,,REP,No,0,0,0
Travis,126,Proposition 4,,REP,No,21,6,15
Travis,127,Proposition 4,,REP,No,0,0,0
Travis,128,Proposition 4,,REP,No,0,0,0
Travis,129,Proposition 4,,REP,No,7,3,4
Travis,130,Proposition 4,,REP,No,14,2,12
Travis,131,Proposition 4,,REP,No,0,0,0
Travis,132,Proposition 4,,REP,No,13,4,9
Travis,133,Proposition 4,,REP,No,17,1,16
Travis,134,Proposition 4,,REP,No,0,0,0
Travis,135,Proposition 4,,REP,No,62,19,43
Travis,136,Proposition 4,,REP,No,37,13,24
Travis,137,Proposition 4,,REP,No,92,23,69
Travis,138,Proposition 4,,REP,No,0,0,0
Travis,139,Proposition 4,,REP,No,16,4,12
Travis,140,Proposition 4,,REP,No,9,3,6
Travis,141,Proposition 4,,REP,No,2,1,1
Travis,142,Proposition 4,,REP,No,5,4,1
Travis,145,Proposition 4,,REP,No,11,2,9
Travis,146,Proposition 4,,REP,No,30,11,19
Travis,148,Proposition 4,,REP,No,20,7,13
Travis,149,Proposition 4,,REP,No,7,1,6
Travis,150,Proposition 4,,REP,No,26,11,15
Travis,151,Proposition 4,,REP,No,16,3,13
Travis,152,Proposition 4,,REP,No,31,15,16
Travis,153,Proposition 4,,REP,No,34,6,28
Travis,154,Proposition 4,,REP,No,26,7,19
Travis,156,Proposition 4,,REP,No,47,12,35
Travis,160,Proposition 4,,REP,No,16,5,11
Travis,161,Proposition 4,,REP,No,14,2,12
Travis,163,Proposition 4,,REP,No,4,1,3
Travis,164,Proposition 4,,REP,No,7,3,4
Travis,200,Proposition 4,,REP,No,37,13,24
Travis,202,Proposition 4,,REP,No,29,12,17
Travis,203,Proposition 4,,REP,No,3,1,2
Travis,205,Proposition 4,,REP,No,20,6,14
Travis,206,Proposition 4,,REP,No,7,3,4
Travis,207,Proposition 4,,REP,No,48,14,34
Travis,208,Proposition 4,,REP,No,45,25,20
Travis,209,Proposition 4,,REP,No,4,2,2
Travis,210,Proposition 4,,REP,No,56,23,33
Travis,211,Proposition 4,,REP,No,20,6,14
Travis,212,Proposition 4,,REP,No,88,32,56
Travis,213,Proposition 4,,REP,No,0,0,0
Travis,214,Proposition 4,,REP,No,72,29,43
Travis,215,Proposition 4,,REP,No,23,5,18
Travis,216,Proposition 4,,REP,No,11,4,7
Travis,217,Proposition 4,,REP,No,13,4,9
Travis,218,Proposition 4,,REP,No,36,9,27
Travis,219,Proposition 4,,REP,No,21,5,16
Travis,220,Proposition 4,,REP,No,52,17,35
Travis,221,Proposition 4,,REP,No,20,6,14
Travis,222,Proposition 4,,REP,No,29,5,24
Travis,223,Proposition 4,,REP,No,7,3,4
Travis,224,Proposition 4,,REP,No,1,0,1
Travis,225,Proposition 4,,REP,No,30,8,22
Travis,226,Proposition 4,,REP,No,16,5,11
Travis,227,Proposition 4,,REP,No,1,1,0
Travis,228,Proposition 4,,REP,No,24,8,16
Travis,229,Proposition 4,,REP,No,28,8,20
Travis,231,Proposition 4,,REP,No,74,30,44
Travis,232,Proposition 4,,REP,No,89,45,44
Travis,233,Proposition 4,,REP,No,53,16,37
Travis,234,Proposition 4,,REP,No,55,16,39
Travis,235,Proposition 4,,REP,No,34,18,16
Travis,236,Proposition 4,,REP,No,48,14,34
Travis,237,Proposition 4,,REP,No,54,14,40
Travis,238,Proposition 4,,REP,No,54,23,31
Travis,239,Proposition 4,,REP,No,34,9,25
Travis,240,Proposition 4,,REP,No,25,9,16
Travis,241,Proposition 4,,REP,No,31,11,20
Travis,242,Proposition 4,,REP,No,56,15,41
Travis,243,Proposition 4,,REP,No,27,13,14
Travis,244,Proposition 4,,REP,No,55,23,32
Travis,245,Proposition 4,,REP,No,19,5,14
Travis,246,Proposition 4,,REP,No,36,9,27
Travis,247,Proposition 4,,REP,No,28,11,17
Travis,248,Proposition 4,,REP,No,22,2,20
Travis,249,Proposition 4,,REP,No,50,20,30
Travis,250,Proposition 4,,REP,No,70,28,42
Travis,251,Proposition 4,,REP,No,56,21,35
Travis,252,Proposition 4,,REP,No,25,4,21
Travis,253,Proposition 4,,REP,No,88,32,56
Travis,254,Proposition 4,,REP,No,39,14,25
Travis,256,Proposition 4,,REP,No,71,26,45
Travis,258,Proposition 4,,REP,No,33,11,22
Travis,259,Proposition 4,,REP,No,40,11,29
Travis,260,Proposition 4,,REP,No,12,7,5
Travis,262,Proposition 4,,REP,No,85,40,45
Travis,263,Proposition 4,,REP,No,35,9,26
Travis,266,Proposition 4,,REP,No,13,6,7
Travis,267,Proposition 4,,REP,No,22,6,16
Travis,268,Proposition 4,,REP,No,10,4,6
Travis,273,Proposition 4,,REP,No,43,16,27
Travis,274,Proposition 4,,REP,No,24,11,13
Travis,275,Proposition 4,,REP,No,33,15,18
Travis,277,Proposition 4,,REP,No,46,18,28
Travis,301,Proposition 4,,REP,No,11,5,6
Travis,302,Proposition 4,,REP,No,44,18,26
Travis,303,Proposition 4,,REP,No,50,18,32
Travis,304,Proposition 4,,REP,No,95,35,60
Travis,305,Proposition 4,,REP,No,0,0,0
Travis,306,Proposition 4,,REP,No,51,31,20
Travis,307,Proposition 4,,REP,No,39,9,30
Travis,308,Proposition 4,,REP,No,71,25,46
Travis,309,Proposition 4,,REP,No,28,17,11
Travis,310,Proposition 4,,REP,No,49,22,27
Travis,311,Proposition 4,,REP,No,45,26,19
Travis,312,Proposition 4,,REP,No,32,14,18
Travis,313,Proposition 4,,REP,No,0,0,0
Travis,314,Proposition 4,,REP,No,90,52,38
Travis,315,Proposition 4,,REP,No,66,29,37
Travis,316,Proposition 4,,REP,No,43,23,20
Travis,317,Proposition 4,,REP,No,79,22,57
Travis,318,Proposition 4,,REP,No,18,2,16
Travis,319,Proposition 4,,REP,No,32,11,21
Travis,320,Proposition 4,,REP,No,39,17,22
Travis,321,Proposition 4,,REP,No,17,11,6
Travis,323,Proposition 4,,REP,No,19,9,10
Travis,324,Proposition 4,,REP,No,79,27,52
Travis,325,Proposition 4,,REP,No,0,0,0
Travis,326,Proposition 4,,REP,No,56,20,36
Travis,327,Proposition 4,,REP,No,81,34,47
Travis,328,Proposition 4,,REP,No,45,23,22
Travis,329,Proposition 4,,REP,No,62,31,31
Travis,330,Proposition 4,,REP,No,80,32,48
Travis,331,Proposition 4,,REP,No,52,21,31
Travis,332,Proposition 4,,REP,No,38,13,25
Travis,333,Proposition 4,,REP,No,72,13,59
Travis,334,Proposition 4,,REP,No,55,14,41
Travis,335,Proposition 4,,REP,No,61,14,47
Travis,336,Proposition 4,,REP,No,41,8,33
Travis,337,Proposition 4,,REP,No,100,27,73
Travis,338,Proposition 4,,REP,No,87,34,53
Travis,339,Proposition 4,,REP,No,24,12,12
Travis,340,Proposition 4,,REP,No,34,13,21
Travis,341,Proposition 4,,REP,No,1,0,1
Travis,342,Proposition 4,,REP,No,42,11,31
Travis,343,Proposition 4,,REP,No,16,7,9
Travis,344,Proposition 4,,REP,No,20,8,12
Travis,345,Proposition 4,,REP,No,0,0,0
Travis,346,Proposition 4,,REP,No,74,45,29
Travis,347,Proposition 4,,REP,No,79,44,35
Travis,349,Proposition 4,,REP,No,69,27,42
Travis,350,Proposition 4,,REP,No,58,23,35
Travis,351,Proposition 4,,REP,No,18,13,5
Travis,352,Proposition 4,,REP,No,36,16,20
Travis,354,Proposition 4,,REP,No,100,43,57
Travis,356,Proposition 4,,REP,No,17,5,12
Travis,357,Proposition 4,,REP,No,9,2,7
Travis,358,Proposition 4,,REP,No,34,14,20
Travis,359,Proposition 4,,REP,No,57,19,38
Travis,360,Proposition 4,,REP,No,52,17,35
Travis,361,Proposition 4,,REP,No,19,6,13
Travis,362,Proposition 4,,REP,No,41,16,25
Travis,363,Proposition 4,,REP,No,30,11,19
Travis,364,Proposition 4,,REP,No,66,30,36
Travis,365,Proposition 4,,REP,No,33,13,20
Travis,366,Proposition 4,,REP,No,85,39,46
Travis,367,Proposition 4,,REP,No,120,52,68
Travis,368,Proposition 4,,REP,No,8,3,5
Travis,369,Proposition 4,,REP,No,46,8,38
Travis,370,Proposition 4,,REP,No,20,2,18
Travis,371,Proposition 4,,REP,No,29,5,24
Travis,372,Proposition 4,,REP,No,25,6,19
Travis,373,Proposition 4,,REP,No,76,28,48
Travis,374,Proposition 4,,REP,No,89,30,59
Travis,375,Proposition 4,,REP,No,10,5,5
Travis,401,Proposition 4,,REP,No,20,7,13
Travis,402,Proposition 4,,REP,No,14,4,10
Travis,403,Proposition 4,,REP,No,9,2,7
Travis,404,Proposition 4,,REP,No,10,1,9
Travis,405,Proposition 4,,REP,No,3,2,1
Travis,406,Proposition 4,,REP,No,46,16,30
Travis,407,Proposition 4,,REP,No,12,8,4
Travis,408,Proposition 4,,REP,No,20,11,9
Travis,409,Proposition 4,,REP,No,20,7,13
Travis,410,Proposition 4,,REP,No,18,5,13
Travis,411,Proposition 4,,REP,No,11,2,9
Travis,412,Proposition 4,,REP,No,0,0,0
Travis,413,Proposition 4,,REP,No,3,3,0
Travis,414,Proposition 4,,REP,No,24,5,19
Travis,415,Proposition 4,,REP,No,13,1,12
Travis,416,Proposition 4,,REP,No,1,1,0
Travis,417,Proposition 4,,REP,No,11,5,6
Travis,418,Proposition 4,,REP,No,0,0,0
Travis,419,Proposition 4,,REP,No,3,0,3
Travis,420,Proposition 4,,REP,No,21,8,13
Travis,421,Proposition 4,,REP,No,34,14,20
Travis,422,Proposition 4,,REP,No,15,6,9
Travis,423,Proposition 4,,REP,No,17,5,12
Travis,424,Proposition 4,,REP,No,22,12,10
Travis,425,Proposition 4,,REP,No,7,2,5
Travis,426,Proposition 4,,REP,No,17,2,15
Travis,427,Proposition 4,,REP,No,4,1,3
Travis,428,Proposition 4,,REP,No,34,12,22
Travis,429,Proposition 4,,REP,No,30,10,20
Travis,430,Proposition 4,,REP,No,11,5,6
Travis,431,Proposition 4,,REP,No,26,12,14
Travis,432,Proposition 4,,REP,No,0,0,0
Travis,433,Proposition 4,,REP,No,13,6,7
Travis,434,Proposition 4,,REP,No,0,0,0
Travis,435,Proposition 4,,REP,No,53,20,33
Travis,436,Proposition 4,,REP,No,1,0,1
Travis,437,Proposition 4,,REP,No,19,11,8
Travis,438,Proposition 4,,REP,No,6,1,5
Travis,439,Proposition 4,,REP,No,16,2,14
Travis,440,Proposition 4,,REP,No,6,1,5
Travis,441,Proposition 4,,REP,No,26,11,15
Travis,442,Proposition 4,,REP,No,11,3,8
Travis,443,Proposition 4,,REP,No,9,4,5
Travis,444,Proposition 4,,REP,No,0,0,0
Travis,446,Proposition 4,,REP,No,14,5,9
Travis,447,Proposition 4,,REP,No,24,7,17
Travis,448,Proposition 4,,REP,No,6,2,4
Travis,450,Proposition 4,,REP,No,14,4,10
Travis,451,Proposition 4,,REP,No,13,3,10
Travis,452,Proposition 4,,REP,No,4,3,1
Travis,454,Proposition 4,,REP,No,30,17,13
Travis,458,Proposition 4,,REP,No,28,12,16
Travis,460,Proposition 4,,REP,No,24,10,14
Travis,461,Proposition 4,,REP,No,31,12,19
Travis,463,Proposition 4,,REP,No,23,6,17
Travis,101,Proposition 4,,REP,Yes,218,68,150
Travis,102,Proposition 4,,REP,Yes,62,20,42
Travis,103,Proposition 4,,REP,Yes,167,56,111
Travis,104,Proposition 4,,REP,Yes,116,47,69
Travis,105,Proposition 4,,REP,Yes,491,199,292
Travis,106,Proposition 4,,REP,Yes,484,165,319
Travis,107,Proposition 4,,REP,Yes,87,8,79
Travis,108,Proposition 4,,REP,Yes,98,16,82
Travis,109,Proposition 4,,REP,Yes,193,61,132
Travis,110,Proposition 4,,REP,Yes,586,218,368
Travis,111,Proposition 4,,REP,Yes,363,126,237
Travis,112,Proposition 4,,REP,Yes,67,17,50
Travis,113,Proposition 4,,REP,Yes,410,155,255
Travis,114,Proposition 4,,REP,Yes,21,6,15
Travis,115,Proposition 4,,REP,Yes,0,0,0
Travis,116,Proposition 4,,REP,Yes,0,0,0
Travis,117,Proposition 4,,REP,Yes,51,21,30
Travis,118,Proposition 4,,REP,Yes,16,6,10
Travis,119,Proposition 4,,REP,Yes,0,0,0
Travis,120,Proposition 4,,REP,Yes,17,7,10
Travis,121,Proposition 4,,REP,Yes,15,4,11
Travis,122,Proposition 4,,REP,Yes,45,18,27
Travis,123,Proposition 4,,REP,Yes,593,163,430
Travis,124,Proposition 4,,REP,Yes,89,28,61
Travis,125,Proposition 4,,REP,Yes,0,0,0
Travis,126,Proposition 4,,REP,Yes,86,31,55
Travis,127,Proposition 4,,REP,Yes,0,0,0
Travis,128,Proposition 4,,REP,Yes,0,0,0
Travis,129,Proposition 4,,REP,Yes,34,15,19
Travis,130,Proposition 4,,REP,Yes,72,14,58
Travis,131,Proposition 4,,REP,Yes,0,0,0
Travis,132,Proposition 4,,REP,Yes,74,22,52
Travis,133,Proposition 4,,REP,Yes,92,31,61
Travis,134,Proposition 4,,REP,Yes,0,0,0
Travis,135,Proposition 4,,REP,Yes,267,94,173
Travis,136,Proposition 4,,REP,Yes,480,177,303
Travis,137,Proposition 4,,REP,Yes,1220,391,829
Travis,138,Proposition 4,,REP,Yes,0,0,0
Travis,139,Proposition 4,,REP,Yes,176,58,118
Travis,140,Proposition 4,,REP,Yes,112,38,74
Travis,141,Proposition 4,,REP,Yes,19,3,16
Travis,142,Proposition 4,,REP,Yes,20,9,11
Travis,145,Proposition 4,,REP,Yes,256,80,176
Travis,146,Proposition 4,,REP,Yes,416,160,256
Travis,148,Proposition 4,,REP,Yes,322,122,200
Travis,149,Proposition 4,,REP,Yes,49,11,38
Travis,150,Proposition 4,,REP,Yes,431,170,261
Travis,151,Proposition 4,,REP,Yes,106,31,75
Travis,152,Proposition 4,,REP,Yes,77,26,51
Travis,153,Proposition 4,,REP,Yes,294,89,205
Travis,154,Proposition 4,,REP,Yes,225,53,172
Travis,156,Proposition 4,,REP,Yes,230,79,151
Travis,160,Proposition 4,,REP,Yes,181,83,98
Travis,161,Proposition 4,,REP,Yes,159,58,101
Travis,163,Proposition 4,,REP,Yes,58,21,37
Travis,164,Proposition 4,,REP,Yes,70,20,50
Travis,200,Proposition 4,,REP,Yes,165,46,119
Travis,202,Proposition 4,,REP,Yes,133,46,87
Travis,203,Proposition 4,,REP,Yes,72,20,52
Travis,205,Proposition 4,,REP,Yes,181,42,139
Travis,206,Proposition 4,,REP,Yes,71,29,42
Travis,207,Proposition 4,,REP,Yes,504,175,329
Travis,208,Proposition 4,,REP,Yes,339,154,185
Travis,209,Proposition 4,,REP,Yes,58,17,41
Travis,210,Proposition 4,,REP,Yes,227,110,117
Travis,211,Proposition 4,,REP,Yes,141,39,102
Travis,212,Proposition 4,,REP,Yes,865,382,483
Travis,213,Proposition 4,,REP,Yes,0,0,0
Travis,214,Proposition 4,,REP,Yes,428,141,287
Travis,215,Proposition 4,,REP,Yes,199,66,133
Travis,216,Proposition 4,,REP,Yes,133,50,83
Travis,217,Proposition 4,,REP,Yes,164,48,116
Travis,218,Proposition 4,,REP,Yes,338,131,207
Travis,219,Proposition 4,,REP,Yes,315,116,199
Travis,220,Proposition 4,,REP,Yes,298,120,178
Travis,221,Proposition 4,,REP,Yes,178,60,118
Travis,222,Proposition 4,,REP,Yes,219,73,146
Travis,223,Proposition 4,,REP,Yes,42,20,22
Travis,224,Proposition 4,,REP,Yes,9,2,7
Travis,225,Proposition 4,,REP,Yes,337,107,230
Travis,226,Proposition 4,,REP,Yes,130,45,85
Travis,227,Proposition 4,,REP,Yes,52,18,34
Travis,228,Proposition 4,,REP,Yes,251,116,135
Travis,229,Proposition 4,,REP,Yes,221,56,165
Travis,231,Proposition 4,,REP,Yes,485,174,311
Travis,232,Proposition 4,,REP,Yes,1353,654,699
Travis,233,Proposition 4,,REP,Yes,689,251,438
Travis,234,Proposition 4,,REP,Yes,530,206,324
Travis,235,Proposition 4,,REP,Yes,120,35,85
Travis,236,Proposition 4,,REP,Yes,195,66,129
Travis,237,Proposition 4,,REP,Yes,350,121,229
Travis,238,Proposition 4,,REP,Yes,329,94,235
Travis,239,Proposition 4,,REP,Yes,251,85,166
Travis,240,Proposition 4,,REP,Yes,146,41,105
Travis,241,Proposition 4,,REP,Yes,113,32,81
Travis,242,Proposition 4,,REP,Yes,273,105,168
Travis,243,Proposition 4,,REP,Yes,183,83,100
Travis,244,Proposition 4,,REP,Yes,686,321,365
Travis,245,Proposition 4,,REP,Yes,244,64,180
Travis,246,Proposition 4,,REP,Yes,262,88,174
Travis,247,Proposition 4,,REP,Yes,166,48,118
Travis,248,Proposition 4,,REP,Yes,198,67,131
Travis,249,Proposition 4,,REP,Yes,388,133,255
Travis,250,Proposition 4,,REP,Yes,389,145,244
Travis,251,Proposition 4,,REP,Yes,344,110,234
Travis,252,Proposition 4,,REP,Yes,208,81,127
Travis,253,Proposition 4,,REP,Yes,559,246,313
Travis,254,Proposition 4,,REP,Yes,368,140,228
Travis,256,Proposition 4,,REP,Yes,398,197,201
Travis,258,Proposition 4,,REP,Yes,291,100,191
Travis,259,Proposition 4,,REP,Yes,341,142,199
Travis,260,Proposition 4,,REP,Yes,67,21,46
Travis,262,Proposition 4,,REP,Yes,535,235,300
Travis,263,Proposition 4,,REP,Yes,290,76,214
Travis,266,Proposition 4,,REP,Yes,106,53,53
Travis,267,Proposition 4,,REP,Yes,184,84,100
Travis,268,Proposition 4,,REP,Yes,80,22,58
Travis,273,Proposition 4,,REP,Yes,240,108,132
Travis,274,Proposition 4,,REP,Yes,108,40,68
Travis,275,Proposition 4,,REP,Yes,106,29,77
Travis,277,Proposition 4,,REP,Yes,422,192,230
Travis,301,Proposition 4,,REP,Yes,149,48,101
Travis,302,Proposition 4,,REP,Yes,623,303,320
Travis,303,Proposition 4,,REP,Yes,633,241,392
Travis,304,Proposition 4,,REP,Yes,773,286,487
Travis,305,Proposition 4,,REP,Yes,3,3,0
Travis,306,Proposition 4,,REP,Yes,819,454,365
Travis,307,Proposition 4,,REP,Yes,240,96,144
Travis,308,Proposition 4,,REP,Yes,1435,572,863
Travis,309,Proposition 4,,REP,Yes,314,157,157
Travis,310,Proposition 4,,REP,Yes,657,269,388
Travis,311,Proposition 4,,REP,Yes,281,119,162
Travis,312,Proposition 4,,REP,Yes,426,192,234
Travis,313,Proposition 4,,REP,Yes,14,4,10
Travis,314,Proposition 4,,REP,Yes,1135,515,620
Travis,315,Proposition 4,,REP,Yes,690,305,385
Travis,316,Proposition 4,,REP,Yes,623,246,377
Travis,317,Proposition 4,,REP,Yes,494,191,303
Travis,318,Proposition 4,,REP,Yes,147,38,109
Travis,319,Proposition 4,,REP,Yes,570,281,289
Travis,320,Proposition 4,,REP,Yes,551,307,244
Travis,321,Proposition 4,,REP,Yes,121,58,63
Travis,323,Proposition 4,,REP,Yes,146,61,85
Travis,324,Proposition 4,,REP,Yes,1200,578,622
Travis,325,Proposition 4,,REP,Yes,11,7,4
Travis,326,Proposition 4,,REP,Yes,421,153,268
Travis,327,Proposition 4,,REP,Yes,549,213,336
Travis,328,Proposition 4,,REP,Yes,452,181,271
Travis,329,Proposition 4,,REP,Yes,351,146,205
Travis,330,Proposition 4,,REP,Yes,647,262,385
Travis,331,Proposition 4,,REP,Yes,477,179,298
Travis,332,Proposition 4,,REP,Yes,142,48,94
Travis,333,Proposition 4,,REP,Yes,531,124,407
Travis,334,Proposition 4,,REP,Yes,666,236,430
Travis,335,Proposition 4,,REP,Yes,366,159,207
Travis,336,Proposition 4,,REP,Yes,413,127,286
Travis,337,Proposition 4,,REP,Yes,648,181,467
Travis,338,Proposition 4,,REP,Yes,902,316,586
Travis,339,Proposition 4,,REP,Yes,221,108,113
Travis,340,Proposition 4,,REP,Yes,207,70,137
Travis,341,Proposition 4,,REP,Yes,16,6,10
Travis,342,Proposition 4,,REP,Yes,340,145,195
Travis,343,Proposition 4,,REP,Yes,234,67,167
Travis,344,Proposition 4,,REP,Yes,188,62,126
Travis,345,Proposition 4,,REP,Yes,0,0,0
Travis,346,Proposition 4,,REP,Yes,1181,662,519
Travis,347,Proposition 4,,REP,Yes,491,235,256
Travis,349,Proposition 4,,REP,Yes,640,274,366
Travis,350,Proposition 4,,REP,Yes,384,161,223
Travis,351,Proposition 4,,REP,Yes,162,77,85
Travis,352,Proposition 4,,REP,Yes,266,124,142
Travis,354,Proposition 4,,REP,Yes,707,338,369
Travis,356,Proposition 4,,REP,Yes,158,58,100
Travis,357,Proposition 4,,REP,Yes,140,52,88
Travis,358,Proposition 4,,REP,Yes,389,148,241
Travis,359,Proposition 4,,REP,Yes,913,417,496
Travis,360,Proposition 4,,REP,Yes,593,275,318
Travis,361,Proposition 4,,REP,Yes,247,106,141
Travis,362,Proposition 4,,REP,Yes,408,179,229
Travis,363,Proposition 4,,REP,Yes,286,136,150
Travis,364,Proposition 4,,REP,Yes,616,302,314
Travis,365,Proposition 4,,REP,Yes,344,142,202
Travis,366,Proposition 4,,REP,Yes,740,302,438
Travis,367,Proposition 4,,REP,Yes,1036,407,629
Travis,368,Proposition 4,,REP,Yes,93,53,40
Travis,369,Proposition 4,,REP,Yes,653,172,481
Travis,370,Proposition 4,,REP,Yes,296,25,271
Travis,371,Proposition 4,,REP,Yes,585,150,435
Travis,372,Proposition 4,,REP,Yes,358,59,299
Travis,373,Proposition 4,,REP,Yes,1251,439,812
Travis,374,Proposition 4,,REP,Yes,1178,352,826
Travis,375,Proposition 4,,REP,Yes,216,54,162
Travis,401,Proposition 4,,REP,Yes,171,60,111
Travis,402,Proposition 4,,REP,Yes,172,46,126
Travis,403,Proposition 4,,REP,Yes,148,40,108
Travis,404,Proposition 4,,REP,Yes,144,40,104
Travis,405,Proposition 4,,REP,Yes,32,7,25
Travis,406,Proposition 4,,REP,Yes,677,379,298
Travis,407,Proposition 4,,REP,Yes,76,30,46
Travis,408,Proposition 4,,REP,Yes,304,123,181
Travis,409,Proposition 4,,REP,Yes,72,23,49
Travis,410,Proposition 4,,REP,Yes,167,70,97
Travis,411,Proposition 4,,REP,Yes,123,47,76
Travis,412,Proposition 4,,REP,Yes,5,1,4
Travis,413,Proposition 4,,REP,Yes,59,17,42
Travis,414,Proposition 4,,REP,Yes,295,94,201
Travis,415,Proposition 4,,REP,Yes,107,28,79
Travis,416,Proposition 4,,REP,Yes,11,2,9
Travis,417,Proposition 4,,REP,Yes,124,48,76
Travis,418,Proposition 4,,REP,Yes,3,2,1
Travis,419,Proposition 4,,REP,Yes,58,16,42
Travis,420,Proposition 4,,REP,Yes,99,46,53
Travis,421,Proposition 4,,REP,Yes,150,39,111
Travis,422,Proposition 4,,REP,Yes,89,34,55
Travis,423,Proposition 4,,REP,Yes,80,25,55
Travis,424,Proposition 4,,REP,Yes,97,34,63
Travis,425,Proposition 4,,REP,Yes,58,24,34
Travis,426,Proposition 4,,REP,Yes,71,21,50
Travis,427,Proposition 4,,REP,Yes,50,15,35
Travis,428,Proposition 4,,REP,Yes,130,58,72
Travis,429,Proposition 4,,REP,Yes,227,73,154
Travis,430,Proposition 4,,REP,Yes,41,16,25
Travis,431,Proposition 4,,REP,Yes,171,65,106
Travis,432,Proposition 4,,REP,Yes,0,0,0
Travis,433,Proposition 4,,REP,Yes,96,47,49
Travis,434,Proposition 4,,REP,Yes,0,0,0
Travis,435,Proposition 4,,REP,Yes,500,209,291
Travis,436,Proposition 4,,REP,Yes,0,0,0
Travis,437,Proposition 4,,REP,Yes,81,19,62
Travis,438,Proposition 4,,REP,Yes,50,10,40
Travis,439,Proposition 4,,REP,Yes,52,12,40
Travis,440,Proposition 4,,REP,Yes,46,12,34
Travis,441,Proposition 4,,REP,Yes,197,74,123
Travis,442,Proposition 4,,REP,Yes,48,12,36
Travis,443,Proposition 4,,REP,Yes,134,56,78
Travis,444,Proposition 4,,REP,Yes,0,0,0
Travis,446,Proposition 4,,REP,Yes,54,12,42
Travis,447,Proposition 4,,REP,Yes,185,68,117
Travis,448,Proposition 4,,REP,Yes,132,52,80
Travis,450,Proposition 4,,REP,Yes,155,60,95
Travis,451,Proposition 4,,REP,Yes,158,55,103
Travis,452,Proposition 4,,REP,Yes,72,28,44
Travis,454,Proposition 4,,REP,Yes,187,111,76
Travis,458,Proposition 4,,REP,Yes,316,134,182
Travis,460,Proposition 4,,REP,Yes,181,103,78
Travis,461,Proposition 4,,REP,Yes,181,65,116
Travis,463,Proposition 4,,REP,Yes,195,71,124
Travis,101,Railroad Commissioner,,REP,Doug Jeffrey,14,4,10
Travis,102,Railroad Commissioner,,REP,Doug Jeffrey,6,2,4
Travis,103,Railroad Commissioner,,REP,Doug Jeffrey,13,5,8
Travis,104,Railroad Commissioner,,REP,Doug Jeffrey,13,4,9
Travis,105,Railroad Commissioner,,REP,Doug Jeffrey,36,16,20
Travis,106,Railroad Commissioner,,REP,Doug Jeffrey,41,12,29
Travis,107,Railroad Commissioner,,REP,Doug Jeffrey,9,1,8
Travis,108,Railroad Commissioner,,REP,Doug Jeffrey,7,0,7
Travis,109,Railroad Commissioner,,REP,Doug Jeffrey,18,9,9
Travis,110,Railroad Commissioner,,REP,Doug Jeffrey,53,13,40
Travis,111,Railroad Commissioner,,REP,Doug Jeffrey,26,7,19
Travis,112,Railroad Commissioner,,REP,Doug Jeffrey,6,1,5
Travis,113,Railroad Commissioner,,REP,Doug Jeffrey,35,11,24
Travis,114,Railroad Commissioner,,REP,Doug Jeffrey,1,0,1
Travis,115,Railroad Commissioner,,REP,Doug Jeffrey,0,0,0
Travis,116,Railroad Commissioner,,REP,Doug Jeffrey,0,0,0
Travis,117,Railroad Commissioner,,REP,Doug Jeffrey,5,0,5
Travis,118,Railroad Commissioner,,REP,Doug Jeffrey,0,0,0
Travis,119,Railroad Commissioner,,REP,Doug Jeffrey,0,0,0
Travis,120,Railroad Commissioner,,REP,Doug Jeffrey,2,0,2
Travis,121,Railroad Commissioner,,REP,Doug Jeffrey,3,0,3
Travis,122,Railroad Commissioner,,REP,Doug Jeffrey,5,3,2
Travis,123,Railroad Commissioner,,REP,Doug Jeffrey,45,20,25
Travis,124,Railroad Commissioner,,REP,Doug Jeffrey,6,1,5
Travis,125,Railroad Commissioner,,REP,Doug Jeffrey,0,0,0
Travis,126,Railroad Commissioner,,REP,Doug Jeffrey,6,2,4
Travis,127,Railroad Commissioner,,REP,Doug Jeffrey,0,0,0
Travis,128,Railroad Commissioner,,REP,Doug Jeffrey,0,0,0
Travis,129,Railroad Commissioner,,REP,Doug Jeffrey,4,1,3
Travis,130,Railroad Commissioner,,REP,Doug Jeffrey,15,4,11
Travis,131,Railroad Commissioner,,REP,Doug Jeffrey,0,0,0
Travis,132,Railroad Commissioner,,REP,Doug Jeffrey,3,1,2
Travis,133,Railroad Commissioner,,REP,Doug Jeffrey,10,2,8
Travis,134,Railroad Commissioner,,REP,Doug Jeffrey,0,0,0
Travis,135,Railroad Commissioner,,REP,Doug Jeffrey,19,6,13
Travis,136,Railroad Commissioner,,REP,Doug Jeffrey,47,16,31
Travis,137,Railroad Commissioner,,REP,Doug Jeffrey,114,40,74
Travis,138,Railroad Commissioner,,REP,Doug Jeffrey,0,0,0
Travis,139,Railroad Commissioner,,REP,Doug Jeffrey,16,3,13
Travis,140,Railroad Commissioner,,REP,Doug Jeffrey,7,3,4
Travis,141,Railroad Commissioner,,REP,Doug Jeffrey,0,0,0
Travis,142,Railroad Commissioner,,REP,Doug Jeffrey,0,0,0
Travis,145,Railroad Commissioner,,REP,Doug Jeffrey,18,6,12
Travis,146,Railroad Commissioner,,REP,Doug Jeffrey,31,12,19
Travis,148,Railroad Commissioner,,REP,Doug Jeffrey,42,18,24
Travis,149,Railroad Commissioner,,REP,Doug Jeffrey,5,0,5
Travis,150,Railroad Commissioner,,REP,Doug Jeffrey,27,14,13
Travis,151,Railroad Commissioner,,REP,Doug Jeffrey,7,3,4
Travis,152,Railroad Commissioner,,REP,Doug Jeffrey,5,2,3
Travis,153,Railroad Commissioner,,REP,Doug Jeffrey,25,5,20
Travis,154,Railroad Commissioner,,REP,Doug Jeffrey,16,5,11
Travis,156,Railroad Commissioner,,REP,Doug Jeffrey,17,6,11
Travis,160,Railroad Commissioner,,REP,Doug Jeffrey,19,12,7
Travis,161,Railroad Commissioner,,REP,Doug Jeffrey,17,4,13
Travis,163,Railroad Commissioner,,REP,Doug Jeffrey,4,2,2
Travis,164,Railroad Commissioner,,REP,Doug Jeffrey,8,3,5
Travis,200,Railroad Commissioner,,REP,Doug Jeffrey,12,2,10
Travis,202,Railroad Commissioner,,REP,Doug Jeffrey,7,4,3
Travis,203,Railroad Commissioner,,REP,Doug Jeffrey,8,3,5
Travis,205,Railroad Commissioner,,REP,Doug Jeffrey,13,3,10
Travis,206,Railroad Commissioner,,REP,Doug Jeffrey,1,0,1
Travis,207,Railroad Commissioner,,REP,Doug Jeffrey,45,17,28
Travis,208,Railroad Commissioner,,REP,Doug Jeffrey,25,12,13
Travis,209,Railroad Commissioner,,REP,Doug Jeffrey,7,2,5
Travis,210,Railroad Commissioner,,REP,Doug Jeffrey,10,7,3
Travis,211,Railroad Commissioner,,REP,Doug Jeffrey,15,6,9
Travis,212,Railroad Commissioner,,REP,Doug Jeffrey,64,31,33
Travis,213,Railroad Commissioner,,REP,Doug Jeffrey,0,0,0
Travis,214,Railroad Commissioner,,REP,Doug Jeffrey,27,9,18
Travis,215,Railroad Commissioner,,REP,Doug Jeffrey,20,8,12
Travis,216,Railroad Commissioner,,REP,Doug Jeffrey,16,1,15
Travis,217,Railroad Commissioner,,REP,Doug Jeffrey,13,5,8
Travis,218,Railroad Commissioner,,REP,Doug Jeffrey,20,9,11
Travis,219,Railroad Commissioner,,REP,Doug Jeffrey,26,7,19
Travis,220,Railroad Commissioner,,REP,Doug Jeffrey,25,7,18
Travis,221,Railroad Commissioner,,REP,Doug Jeffrey,11,2,9
Travis,222,Railroad Commissioner,,REP,Doug Jeffrey,15,4,11
Travis,223,Railroad Commissioner,,REP,Doug Jeffrey,2,0,2
Travis,224,Railroad Commissioner,,REP,Doug Jeffrey,2,0,2
Travis,225,Railroad Commissioner,,REP,Doug Jeffrey,27,9,18
Travis,226,Railroad Commissioner,,REP,Doug Jeffrey,11,5,6
Travis,227,Railroad Commissioner,,REP,Doug Jeffrey,10,4,6
Travis,228,Railroad Commissioner,,REP,Doug Jeffrey,17,6,11
Travis,229,Railroad Commissioner,,REP,Doug Jeffrey,15,5,10
Travis,231,Railroad Commissioner,,REP,Doug Jeffrey,30,11,19
Travis,232,Railroad Commissioner,,REP,Doug Jeffrey,97,42,55
Travis,233,Railroad Commissioner,,REP,Doug Jeffrey,49,23,26
Travis,234,Railroad Commissioner,,REP,Doug Jeffrey,28,13,15
Travis,235,Railroad Commissioner,,REP,Doug Jeffrey,7,1,6
Travis,236,Railroad Commissioner,,REP,Doug Jeffrey,17,7,10
Travis,237,Railroad Commissioner,,REP,Doug Jeffrey,24,9,15
Travis,238,Railroad Commissioner,,REP,Doug Jeffrey,22,5,17
Travis,239,Railroad Commissioner,,REP,Doug Jeffrey,26,7,19
Travis,240,Railroad Commissioner,,REP,Doug Jeffrey,7,1,6
Travis,241,Railroad Commissioner,,REP,Doug Jeffrey,7,3,4
Travis,242,Railroad Commissioner,,REP,Doug Jeffrey,24,8,16
Travis,243,Railroad Commissioner,,REP,Doug Jeffrey,19,10,9
Travis,244,Railroad Commissioner,,REP,Doug Jeffrey,59,33,26
Travis,245,Railroad Commissioner,,REP,Doug Jeffrey,14,3,11
Travis,246,Railroad Commissioner,,REP,Doug Jeffrey,19,8,11
Travis,247,Railroad Commissioner,,REP,Doug Jeffrey,18,7,11
Travis,248,Railroad Commissioner,,REP,Doug Jeffrey,13,6,7
Travis,249,Railroad Commissioner,,REP,Doug Jeffrey,24,8,16
Travis,250,Railroad Commissioner,,REP,Doug Jeffrey,22,10,12
Travis,251,Railroad Commissioner,,REP,Doug Jeffrey,21,4,17
Travis,252,Railroad Commissioner,,REP,Doug Jeffrey,12,4,8
Travis,253,Railroad Commissioner,,REP,Doug Jeffrey,35,11,24
Travis,254,Railroad Commissioner,,REP,Doug Jeffrey,29,9,20
Travis,256,Railroad Commissioner,,REP,Doug Jeffrey,15,5,10
Travis,258,Railroad Commissioner,,REP,Doug Jeffrey,20,4,16
Travis,259,Railroad Commissioner,,REP,Doug Jeffrey,27,12,15
Travis,260,Railroad Commissioner,,REP,Doug Jeffrey,5,2,3
Travis,262,Railroad Commissioner,,REP,Doug Jeffrey,37,18,19
Travis,263,Railroad Commissioner,,REP,Doug Jeffrey,26,6,20
Travis,266,Railroad Commissioner,,REP,Doug Jeffrey,11,5,6
Travis,267,Railroad Commissioner,,REP,Doug Jeffrey,18,8,10
Travis,268,Railroad Commissioner,,REP,Doug Jeffrey,6,2,4
Travis,273,Railroad Commissioner,,REP,Doug Jeffrey,21,11,10
Travis,274,Railroad Commissioner,,REP,Doug Jeffrey,5,1,4
Travis,275,Railroad Commissioner,,REP,Doug Jeffrey,8,2,6
Travis,277,Railroad Commissioner,,REP,Doug Jeffrey,40,18,22
Travis,301,Railroad Commissioner,,REP,Doug Jeffrey,17,8,9
Travis,302,Railroad Commissioner,,REP,Doug Jeffrey,44,26,18
Travis,303,Railroad Commissioner,,REP,Doug Jeffrey,52,18,34
Travis,304,Railroad Commissioner,,REP,Doug Jeffrey,66,26,40
Travis,305,Railroad Commissioner,,REP,Doug Jeffrey,0,0,0
Travis,306,Railroad Commissioner,,REP,Doug Jeffrey,63,36,27
Travis,307,Railroad Commissioner,,REP,Doug Jeffrey,12,6,6
Travis,308,Railroad Commissioner,,REP,Doug Jeffrey,107,43,64
Travis,309,Railroad Commissioner,,REP,Doug Jeffrey,28,17,11
Travis,310,Railroad Commissioner,,REP,Doug Jeffrey,66,29,37
Travis,311,Railroad Commissioner,,REP,Doug Jeffrey,22,11,11
Travis,312,Railroad Commissioner,,REP,Doug Jeffrey,39,15,24
Travis,313,Railroad Commissioner,,REP,Doug Jeffrey,0,0,0
Travis,314,Railroad Commissioner,,REP,Doug Jeffrey,89,38,51
Travis,315,Railroad Commissioner,,REP,Doug Jeffrey,69,31,38
Travis,316,Railroad Commissioner,,REP,Doug Jeffrey,64,32,32
Travis,317,Railroad Commissioner,,REP,Doug Jeffrey,28,9,19
Travis,318,Railroad Commissioner,,REP,Doug Jeffrey,11,3,8
Travis,319,Railroad Commissioner,,REP,Doug Jeffrey,43,20,23
Travis,320,Railroad Commissioner,,REP,Doug Jeffrey,42,24,18
Travis,321,Railroad Commissioner,,REP,Doug Jeffrey,9,5,4
Travis,323,Railroad Commissioner,,REP,Doug Jeffrey,11,6,5
Travis,324,Railroad Commissioner,,REP,Doug Jeffrey,104,54,50
Travis,325,Railroad Commissioner,,REP,Doug Jeffrey,0,0,0
Travis,326,Railroad Commissioner,,REP,Doug Jeffrey,27,9,18
Travis,327,Railroad Commissioner,,REP,Doug Jeffrey,37,13,24
Travis,328,Railroad Commissioner,,REP,Doug Jeffrey,35,16,19
Travis,329,Railroad Commissioner,,REP,Doug Jeffrey,16,5,11
Travis,330,Railroad Commissioner,,REP,Doug Jeffrey,64,26,38
Travis,331,Railroad Commissioner,,REP,Doug Jeffrey,38,11,27
Travis,332,Railroad Commissioner,,REP,Doug Jeffrey,14,4,10
Travis,333,Railroad Commissioner,,REP,Doug Jeffrey,44,9,35
Travis,334,Railroad Commissioner,,REP,Doug Jeffrey,48,15,33
Travis,335,Railroad Commissioner,,REP,Doug Jeffrey,34,17,17
Travis,336,Railroad Commissioner,,REP,Doug Jeffrey,34,10,24
Travis,337,Railroad Commissioner,,REP,Doug Jeffrey,45,5,40
Travis,338,Railroad Commissioner,,REP,Doug Jeffrey,68,26,42
Travis,339,Railroad Commissioner,,REP,Doug Jeffrey,18,9,9
Travis,340,Railroad Commissioner,,REP,Doug Jeffrey,24,7,17
Travis,341,Railroad Commissioner,,REP,Doug Jeffrey,0,0,0
Travis,342,Railroad Commissioner,,REP,Doug Jeffrey,27,15,12
Travis,343,Railroad Commissioner,,REP,Doug Jeffrey,14,5,9
Travis,344,Railroad Commissioner,,REP,Doug Jeffrey,18,6,12
Travis,345,Railroad Commissioner,,REP,Doug Jeffrey,0,0,0
Travis,346,Railroad Commissioner,,REP,Doug Jeffrey,95,48,47
Travis,347,Railroad Commissioner,,REP,Doug Jeffrey,29,19,10
Travis,349,Railroad Commissioner,,REP,Doug Jeffrey,49,20,29
Travis,350,Railroad Commissioner,,REP,Doug Jeffrey,33,15,18
Travis,351,Railroad Commissioner,,REP,Doug Jeffrey,14,9,5
Travis,352,Railroad Commissioner,,REP,Doug Jeffrey,20,10,10
Travis,354,Railroad Commissioner,,REP,Doug Jeffrey,46,22,24
Travis,356,Railroad Commissioner,,REP,Doug Jeffrey,11,5,6
Travis,357,Railroad Commissioner,,REP,Doug Jeffrey,14,2,12
Travis,358,Railroad Commissioner,,REP,Doug Jeffrey,37,12,25
Travis,359,Railroad Commissioner,,REP,Doug Jeffrey,81,39,42
Travis,360,Railroad Commissioner,,REP,Doug Jeffrey,43,16,27
Travis,361,Railroad Commissioner,,REP,Doug Jeffrey,16,7,9
Travis,362,Railroad Commissioner,,REP,Doug Jeffrey,22,7,15
Travis,363,Railroad Commissioner,,REP,Doug Jeffrey,19,8,11
Travis,364,Railroad Commissioner,,REP,Doug Jeffrey,33,15,18
Travis,365,Railroad Commissioner,,REP,Doug Jeffrey,24,9,15
Travis,366,Railroad Commissioner,,REP,Doug Jeffrey,47,18,29
Travis,367,Railroad Commissioner,,REP,Doug Jeffrey,79,29,50
Travis,368,Railroad Commissioner,,REP,Doug Jeffrey,11,6,5
Travis,369,Railroad Commissioner,,REP,Doug Jeffrey,43,16,27
Travis,370,Railroad Commissioner,,REP,Doug Jeffrey,39,4,35
Travis,371,Railroad Commissioner,,REP,Doug Jeffrey,53,15,38
Travis,372,Railroad Commissioner,,REP,Doug Jeffrey,27,5,22
Travis,373,Railroad Commissioner,,REP,Doug Jeffrey,104,32,72
Travis,374,Railroad Commissioner,,REP,Doug Jeffrey,97,22,75
Travis,375,Railroad Commissioner,,REP,Doug Jeffrey,10,2,8
Travis,401,Railroad Commissioner,,REP,Doug Jeffrey,8,4,4
Travis,402,Railroad Commissioner,,REP,Doug Jeffrey,16,1,15
Travis,403,Railroad Commissioner,,REP,Doug Jeffrey,11,2,9
Travis,404,Railroad Commissioner,,REP,Doug Jeffrey,12,3,9
Travis,405,Railroad Commissioner,,REP,Doug Jeffrey,5,1,4
Travis,406,Railroad Commissioner,,REP,Doug Jeffrey,57,39,18
Travis,407,Railroad Commissioner,,REP,Doug Jeffrey,12,5,7
Travis,408,Railroad Commissioner,,REP,Doug Jeffrey,34,11,23
Travis,409,Railroad Commissioner,,REP,Doug Jeffrey,7,3,4
Travis,410,Railroad Commissioner,,REP,Doug Jeffrey,11,5,6
Travis,411,Railroad Commissioner,,REP,Doug Jeffrey,6,2,4
Travis,412,Railroad Commissioner,,REP,Doug Jeffrey,2,0,2
Travis,413,Railroad Commissioner,,REP,Doug Jeffrey,7,3,4
Travis,414,Railroad Commissioner,,REP,Doug Jeffrey,27,7,20
Travis,415,Railroad Commissioner,,REP,Doug Jeffrey,8,0,8
Travis,416,Railroad Commissioner,,REP,Doug Jeffrey,1,0,1
Travis,417,Railroad Commissioner,,REP,Doug Jeffrey,14,10,4
Travis,418,Railroad Commissioner,,REP,Doug Jeffrey,0,0,0
Travis,419,Railroad Commissioner,,REP,Doug Jeffrey,4,1,3
Travis,420,Railroad Commissioner,,REP,Doug Jeffrey,6,3,3
Travis,421,Railroad Commissioner,,REP,Doug Jeffrey,11,3,8
Travis,422,Railroad Commissioner,,REP,Doug Jeffrey,8,2,6
Travis,423,Railroad Commissioner,,REP,Doug Jeffrey,5,3,2
Travis,424,Railroad Commissioner,,REP,Doug Jeffrey,9,3,6
Travis,425,Railroad Commissioner,,REP,Doug Jeffrey,4,2,2
Travis,426,Railroad Commissioner,,REP,Doug Jeffrey,6,3,3
Travis,427,Railroad Commissioner,,REP,Doug Jeffrey,6,1,5
Travis,428,Railroad Commissioner,,REP,Doug Jeffrey,11,5,6
Travis,429,Railroad Commissioner,,REP,Doug Jeffrey,13,5,8
Travis,430,Railroad Commissioner,,REP,Doug Jeffrey,4,0,4
Travis,431,Railroad Commissioner,,REP,Doug Jeffrey,13,6,7
Travis,432,Railroad Commissioner,,REP,Doug Jeffrey,0,0,0
Travis,433,Railroad Commissioner,,REP,Doug Jeffrey,14,6,8
Travis,434,Railroad Commissioner,,REP,Doug Jeffrey,0,0,0
Travis,435,Railroad Commissioner,,REP,Doug Jeffrey,57,20,37
Travis,436,Railroad Commissioner,,REP,Doug Jeffrey,0,0,0
Travis,437,Railroad Commissioner,,REP,Doug Jeffrey,9,3,6
Travis,438,Railroad Commissioner,,REP,Doug Jeffrey,6,2,4
Travis,439,Railroad Commissioner,,REP,Doug Jeffrey,4,0,4
Travis,440,Railroad Commissioner,,REP,Doug Jeffrey,4,1,3
Travis,441,Railroad Commissioner,,REP,Doug Jeffrey,15,6,9
Travis,442,Railroad Commissioner,,REP,Doug Jeffrey,7,1,6
Travis,443,Railroad Commissioner,,REP,Doug Jeffrey,20,6,14
Travis,444,Railroad Commissioner,,REP,Doug Jeffrey,0,0,0
Travis,446,Railroad Commissioner,,REP,Doug Jeffrey,1,0,1
Travis,447,Railroad Commissioner,,REP,Doug Jeffrey,12,4,8
Travis,448,Railroad Commissioner,,REP,Doug Jeffrey,8,4,4
Travis,450,Railroad Commissioner,,REP,Doug Jeffrey,20,6,14
Travis,451,Railroad Commissioner,,REP,Doug Jeffrey,14,2,12
Travis,452,Railroad Commissioner,,REP,Doug Jeffrey,10,5,5
Travis,454,Railroad Commissioner,,REP,Doug Jeffrey,16,13,3
Travis,458,Railroad Commissioner,,REP,Doug Jeffrey,33,11,22
Travis,460,Railroad Commissioner,,REP,Doug Jeffrey,21,10,11
Travis,461,Railroad Commissioner,,REP,Doug Jeffrey,9,4,5
Travis,463,Railroad Commissioner,,REP,Doug Jeffrey,16,8,8
Travis,101,Railroad Commissioner,,REP,Gary Gates,38,14,24
Travis,102,Railroad Commissioner,,REP,Gary Gates,17,4,13
Travis,103,Railroad Commissioner,,REP,Gary Gates,27,9,18
Travis,104,Railroad Commissioner,,REP,Gary Gates,29,15,14
Travis,105,Railroad Commissioner,,REP,Gary Gates,68,37,31
Travis,106,Railroad Commissioner,,REP,Gary Gates,99,35,64
Travis,107,Railroad Commissioner,,REP,Gary Gates,23,4,19
Travis,108,Railroad Commissioner,,REP,Gary Gates,10,2,8
Travis,109,Railroad Commissioner,,REP,Gary Gates,32,9,23
Travis,110,Railroad Commissioner,,REP,Gary Gates,84,26,58
Travis,111,Railroad Commissioner,,REP,Gary Gates,46,19,27
Travis,112,Railroad Commissioner,,REP,Gary Gates,9,3,6
Travis,113,Railroad Commissioner,,REP,Gary Gates,72,33,39
Travis,114,Railroad Commissioner,,REP,Gary Gates,6,4,2
Travis,115,Railroad Commissioner,,REP,Gary Gates,0,0,0
Travis,116,Railroad Commissioner,,REP,Gary Gates,0,0,0
Travis,117,Railroad Commissioner,,REP,Gary Gates,12,9,3
Travis,118,Railroad Commissioner,,REP,Gary Gates,4,2,2
Travis,119,Railroad Commissioner,,REP,Gary Gates,0,0,0
Travis,120,Railroad Commissioner,,REP,Gary Gates,5,1,4
Travis,121,Railroad Commissioner,,REP,Gary Gates,2,0,2
Travis,122,Railroad Commissioner,,REP,Gary Gates,7,5,2
Travis,123,Railroad Commissioner,,REP,Gary Gates,72,17,55
Travis,124,Railroad Commissioner,,REP,Gary Gates,6,2,4
Travis,125,Railroad Commissioner,,REP,Gary Gates,0,0,0
Travis,126,Railroad Commissioner,,REP,Gary Gates,9,3,6
Travis,127,Railroad Commissioner,,REP,Gary Gates,0,0,0
Travis,128,Railroad Commissioner,,REP,Gary Gates,0,0,0
Travis,129,Railroad Commissioner,,REP,Gary Gates,6,2,4
Travis,130,Railroad Commissioner,,REP,Gary Gates,8,1,7
Travis,131,Railroad Commissioner,,REP,Gary Gates,0,0,0
Travis,132,Railroad Commissioner,,REP,Gary Gates,12,5,7
Travis,133,Railroad Commissioner,,REP,Gary Gates,7,2,5
Travis,134,Railroad Commissioner,,REP,Gary Gates,0,0,0
Travis,135,Railroad Commissioner,,REP,Gary Gates,27,7,20
Travis,136,Railroad Commissioner,,REP,Gary Gates,73,28,45
Travis,137,Railroad Commissioner,,REP,Gary Gates,164,57,107
Travis,138,Railroad Commissioner,,REP,Gary Gates,0,0,0
Travis,139,Railroad Commissioner,,REP,Gary Gates,21,6,15
Travis,140,Railroad Commissioner,,REP,Gary Gates,11,7,4
Travis,141,Railroad Commissioner,,REP,Gary Gates,6,1,5
Travis,142,Railroad Commissioner,,REP,Gary Gates,5,4,1
Travis,145,Railroad Commissioner,,REP,Gary Gates,35,18,17
Travis,146,Railroad Commissioner,,REP,Gary Gates,47,20,27
Travis,148,Railroad Commissioner,,REP,Gary Gates,57,24,33
Travis,149,Railroad Commissioner,,REP,Gary Gates,8,4,4
Travis,150,Railroad Commissioner,,REP,Gary Gates,54,25,29
Travis,151,Railroad Commissioner,,REP,Gary Gates,23,7,16
Travis,152,Railroad Commissioner,,REP,Gary Gates,16,4,12
Travis,153,Railroad Commissioner,,REP,Gary Gates,40,16,24
Travis,154,Railroad Commissioner,,REP,Gary Gates,36,7,29
Travis,156,Railroad Commissioner,,REP,Gary Gates,37,18,19
Travis,160,Railroad Commissioner,,REP,Gary Gates,31,16,15
Travis,161,Railroad Commissioner,,REP,Gary Gates,26,9,17
Travis,163,Railroad Commissioner,,REP,Gary Gates,12,4,8
Travis,164,Railroad Commissioner,,REP,Gary Gates,13,1,12
Travis,200,Railroad Commissioner,,REP,Gary Gates,11,3,8
Travis,202,Railroad Commissioner,,REP,Gary Gates,15,6,9
Travis,203,Railroad Commissioner,,REP,Gary Gates,9,3,6
Travis,205,Railroad Commissioner,,REP,Gary Gates,25,3,22
Travis,206,Railroad Commissioner,,REP,Gary Gates,12,3,9
Travis,207,Railroad Commissioner,,REP,Gary Gates,72,26,46
Travis,208,Railroad Commissioner,,REP,Gary Gates,54,30,24
Travis,209,Railroad Commissioner,,REP,Gary Gates,12,3,9
Travis,210,Railroad Commissioner,,REP,Gary Gates,31,18,13
Travis,211,Railroad Commissioner,,REP,Gary Gates,21,5,16
Travis,212,Railroad Commissioner,,REP,Gary Gates,88,36,52
Travis,213,Railroad Commissioner,,REP,Gary Gates,0,0,0
Travis,214,Railroad Commissioner,,REP,Gary Gates,44,17,27
Travis,215,Railroad Commissioner,,REP,Gary Gates,26,7,19
Travis,216,Railroad Commissioner,,REP,Gary Gates,23,11,12
Travis,217,Railroad Commissioner,,REP,Gary Gates,21,8,13
Travis,218,Railroad Commissioner,,REP,Gary Gates,50,19,31
Travis,219,Railroad Commissioner,,REP,Gary Gates,42,21,21
Travis,220,Railroad Commissioner,,REP,Gary Gates,44,18,26
Travis,221,Railroad Commissioner,,REP,Gary Gates,25,14,11
Travis,222,Railroad Commissioner,,REP,Gary Gates,38,13,25
Travis,223,Railroad Commissioner,,REP,Gary Gates,7,4,3
Travis,224,Railroad Commissioner,,REP,Gary Gates,5,0,5
Travis,225,Railroad Commissioner,,REP,Gary Gates,50,18,32
Travis,226,Railroad Commissioner,,REP,Gary Gates,25,6,19
Travis,227,Railroad Commissioner,,REP,Gary Gates,7,5,2
Travis,228,Railroad Commissioner,,REP,Gary Gates,27,13,14
Travis,229,Railroad Commissioner,,REP,Gary Gates,33,11,22
Travis,231,Railroad Commissioner,,REP,Gary Gates,63,25,38
Travis,232,Railroad Commissioner,,REP,Gary Gates,157,84,73
Travis,233,Railroad Commissioner,,REP,Gary Gates,71,27,44
Travis,234,Railroad Commissioner,,REP,Gary Gates,61,28,33
Travis,235,Railroad Commissioner,,REP,Gary Gates,10,3,7
Travis,236,Railroad Commissioner,,REP,Gary Gates,32,7,25
Travis,237,Railroad Commissioner,,REP,Gary Gates,44,20,24
Travis,238,Railroad Commissioner,,REP,Gary Gates,44,14,30
Travis,239,Railroad Commissioner,,REP,Gary Gates,36,13,23
Travis,240,Railroad Commissioner,,REP,Gary Gates,13,3,10
Travis,241,Railroad Commissioner,,REP,Gary Gates,19,8,11
Travis,242,Railroad Commissioner,,REP,Gary Gates,35,15,20
Travis,243,Railroad Commissioner,,REP,Gary Gates,38,19,19
Travis,244,Railroad Commissioner,,REP,Gary Gates,68,42,26
Travis,245,Railroad Commissioner,,REP,Gary Gates,30,13,17
Travis,246,Railroad Commissioner,,REP,Gary Gates,28,11,17
Travis,247,Railroad Commissioner,,REP,Gary Gates,14,4,10
Travis,248,Railroad Commissioner,,REP,Gary Gates,30,13,17
Travis,249,Railroad Commissioner,,REP,Gary Gates,49,19,30
Travis,250,Railroad Commissioner,,REP,Gary Gates,48,16,32
Travis,251,Railroad Commissioner,,REP,Gary Gates,49,15,34
Travis,252,Railroad Commissioner,,REP,Gary Gates,33,17,16
Travis,253,Railroad Commissioner,,REP,Gary Gates,65,34,31
Travis,254,Railroad Commissioner,,REP,Gary Gates,56,25,31
Travis,256,Railroad Commissioner,,REP,Gary Gates,42,27,15
Travis,258,Railroad Commissioner,,REP,Gary Gates,53,23,30
Travis,259,Railroad Commissioner,,REP,Gary Gates,61,30,31
Travis,260,Railroad Commissioner,,REP,Gary Gates,5,1,4
Travis,262,Railroad Commissioner,,REP,Gary Gates,80,47,33
Travis,263,Railroad Commissioner,,REP,Gary Gates,41,8,33
Travis,266,Railroad Commissioner,,REP,Gary Gates,10,5,5
Travis,267,Railroad Commissioner,,REP,Gary Gates,28,11,17
Travis,268,Railroad Commissioner,,REP,Gary Gates,16,4,12
Travis,273,Railroad Commissioner,,REP,Gary Gates,28,15,13
Travis,274,Railroad Commissioner,,REP,Gary Gates,13,6,7
Travis,275,Railroad Commissioner,,REP,Gary Gates,15,7,8
Travis,277,Railroad Commissioner,,REP,Gary Gates,68,23,45
Travis,301,Railroad Commissioner,,REP,Gary Gates,21,11,10
Travis,302,Railroad Commissioner,,REP,Gary Gates,99,50,49
Travis,303,Railroad Commissioner,,REP,Gary Gates,83,35,48
Travis,304,Railroad Commissioner,,REP,Gary Gates,96,32,64
Travis,305,Railroad Commissioner,,REP,Gary Gates,0,0,0
Travis,306,Railroad Commissioner,,REP,Gary Gates,128,72,56
Travis,307,Railroad Commissioner,,REP,Gary Gates,28,12,16
Travis,308,Railroad Commissioner,,REP,Gary Gates,224,105,119
Travis,309,Railroad Commissioner,,REP,Gary Gates,34,18,16
Travis,310,Railroad Commissioner,,REP,Gary Gates,110,46,64
Travis,311,Railroad Commissioner,,REP,Gary Gates,35,15,20
Travis,312,Railroad Commissioner,,REP,Gary Gates,61,31,30
Travis,313,Railroad Commissioner,,REP,Gary Gates,2,1,1
Travis,314,Railroad Commissioner,,REP,Gary Gates,149,86,63
Travis,315,Railroad Commissioner,,REP,Gary Gates,98,44,54
Travis,316,Railroad Commissioner,,REP,Gary Gates,94,44,50
Travis,317,Railroad Commissioner,,REP,Gary Gates,68,30,38
Travis,318,Railroad Commissioner,,REP,Gary Gates,10,2,8
Travis,319,Railroad Commissioner,,REP,Gary Gates,94,55,39
Travis,320,Railroad Commissioner,,REP,Gary Gates,86,51,35
Travis,321,Railroad Commissioner,,REP,Gary Gates,13,6,7
Travis,323,Railroad Commissioner,,REP,Gary Gates,17,6,11
Travis,324,Railroad Commissioner,,REP,Gary Gates,160,79,81
Travis,325,Railroad Commissioner,,REP,Gary Gates,2,2,0
Travis,326,Railroad Commissioner,,REP,Gary Gates,47,22,25
Travis,327,Railroad Commissioner,,REP,Gary Gates,75,43,32
Travis,328,Railroad Commissioner,,REP,Gary Gates,59,34,25
Travis,329,Railroad Commissioner,,REP,Gary Gates,35,11,24
Travis,330,Railroad Commissioner,,REP,Gary Gates,78,43,35
Travis,331,Railroad Commissioner,,REP,Gary Gates,66,22,44
Travis,332,Railroad Commissioner,,REP,Gary Gates,28,9,19
Travis,333,Railroad Commissioner,,REP,Gary Gates,62,14,48
Travis,334,Railroad Commissioner,,REP,Gary Gates,89,30,59
Travis,335,Railroad Commissioner,,REP,Gary Gates,55,18,37
Travis,336,Railroad Commissioner,,REP,Gary Gates,51,21,30
Travis,337,Railroad Commissioner,,REP,Gary Gates,87,23,64
Travis,338,Railroad Commissioner,,REP,Gary Gates,110,44,66
Travis,339,Railroad Commissioner,,REP,Gary Gates,35,24,11
Travis,340,Railroad Commissioner,,REP,Gary Gates,24,10,14
Travis,341,Railroad Commissioner,,REP,Gary Gates,2,1,1
Travis,342,Railroad Commissioner,,REP,Gary Gates,40,17,23
Travis,343,Railroad Commissioner,,REP,Gary Gates,28,6,22
Travis,344,Railroad Commissioner,,REP,Gary Gates,26,12,14
Travis,345,Railroad Commissioner,,REP,Gary Gates,0,0,0
Travis,346,Railroad Commissioner,,REP,Gary Gates,189,126,63
Travis,347,Railroad Commissioner,,REP,Gary Gates,60,31,29
Travis,349,Railroad Commissioner,,REP,Gary Gates,74,32,42
Travis,350,Railroad Commissioner,,REP,Gary Gates,65,27,38
Travis,351,Railroad Commissioner,,REP,Gary Gates,28,15,13
Travis,352,Railroad Commissioner,,REP,Gary Gates,45,23,22
Travis,354,Railroad Commissioner,,REP,Gary Gates,99,44,55
Travis,356,Railroad Commissioner,,REP,Gary Gates,19,8,11
Travis,357,Railroad Commissioner,,REP,Gary Gates,15,6,9
Travis,358,Railroad Commissioner,,REP,Gary Gates,57,23,34
Travis,359,Railroad Commissioner,,REP,Gary Gates,125,64,61
Travis,360,Railroad Commissioner,,REP,Gary Gates,66,33,33
Travis,361,Railroad Commissioner,,REP,Gary Gates,47,17,30
Travis,362,Railroad Commissioner,,REP,Gary Gates,69,38,31
Travis,363,Railroad Commissioner,,REP,Gary Gates,32,18,14
Travis,364,Railroad Commissioner,,REP,Gary Gates,62,27,35
Travis,365,Railroad Commissioner,,REP,Gary Gates,66,23,43
Travis,366,Railroad Commissioner,,REP,Gary Gates,92,50,42
Travis,367,Railroad Commissioner,,REP,Gary Gates,139,65,74
Travis,368,Railroad Commissioner,,REP,Gary Gates,11,11,0
Travis,369,Railroad Commissioner,,REP,Gary Gates,78,23,55
Travis,370,Railroad Commissioner,,REP,Gary Gates,43,3,40
Travis,371,Railroad Commissioner,,REP,Gary Gates,85,18,67
Travis,372,Railroad Commissioner,,REP,Gary Gates,48,11,37
Travis,373,Railroad Commissioner,,REP,Gary Gates,208,77,131
Travis,374,Railroad Commissioner,,REP,Gary Gates,138,41,97
Travis,375,Railroad Commissioner,,REP,Gary Gates,23,5,18
Travis,401,Railroad Commissioner,,REP,Gary Gates,31,10,21
Travis,402,Railroad Commissioner,,REP,Gary Gates,42,18,24
Travis,403,Railroad Commissioner,,REP,Gary Gates,39,8,31
Travis,404,Railroad Commissioner,,REP,Gary Gates,22,5,17
Travis,405,Railroad Commissioner,,REP,Gary Gates,5,0,5
Travis,406,Railroad Commissioner,,REP,Gary Gates,98,46,52
Travis,407,Railroad Commissioner,,REP,Gary Gates,10,7,3
Travis,408,Railroad Commissioner,,REP,Gary Gates,45,20,25
Travis,409,Railroad Commissioner,,REP,Gary Gates,10,3,7
Travis,410,Railroad Commissioner,,REP,Gary Gates,34,15,19
Travis,411,Railroad Commissioner,,REP,Gary Gates,21,9,12
Travis,412,Railroad Commissioner,,REP,Gary Gates,0,0,0
Travis,413,Railroad Commissioner,,REP,Gary Gates,8,4,4
Travis,414,Railroad Commissioner,,REP,Gary Gates,27,9,18
Travis,415,Railroad Commissioner,,REP,Gary Gates,18,4,14
Travis,416,Railroad Commissioner,,REP,Gary Gates,1,1,0
Travis,417,Railroad Commissioner,,REP,Gary Gates,19,8,11
Travis,418,Railroad Commissioner,,REP,Gary Gates,0,0,0
Travis,419,Railroad Commissioner,,REP,Gary Gates,7,0,7
Travis,420,Railroad Commissioner,,REP,Gary Gates,15,10,5
Travis,421,Railroad Commissioner,,REP,Gary Gates,21,8,13
Travis,422,Railroad Commissioner,,REP,Gary Gates,13,4,9
Travis,423,Railroad Commissioner,,REP,Gary Gates,17,5,12
Travis,424,Railroad Commissioner,,REP,Gary Gates,7,2,5
Travis,425,Railroad Commissioner,,REP,Gary Gates,8,4,4
Travis,426,Railroad Commissioner,,REP,Gary Gates,6,0,6
Travis,427,Railroad Commissioner,,REP,Gary Gates,2,0,2
Travis,428,Railroad Commissioner,,REP,Gary Gates,12,7,5
Travis,429,Railroad Commissioner,,REP,Gary Gates,20,7,13
Travis,430,Railroad Commissioner,,REP,Gary Gates,6,3,3
Travis,431,Railroad Commissioner,,REP,Gary Gates,21,8,13
Travis,432,Railroad Commissioner,,REP,Gary Gates,0,0,0
Travis,433,Railroad Commissioner,,REP,Gary Gates,20,7,13
Travis,434,Railroad Commissioner,,REP,Gary Gates,0,0,0
Travis,435,Railroad Commissioner,,REP,Gary Gates,92,44,48
Travis,436,Railroad Commissioner,,REP,Gary Gates,0,0,0
Travis,437,Railroad Commissioner,,REP,Gary Gates,11,4,7
Travis,438,Railroad Commissioner,,REP,Gary Gates,3,2,1
Travis,439,Railroad Commissioner,,REP,Gary Gates,4,0,4
Travis,440,Railroad Commissioner,,REP,Gary Gates,7,2,5
Travis,441,Railroad Commissioner,,REP,Gary Gates,27,11,16
Travis,442,Railroad Commissioner,,REP,Gary Gates,6,2,4
Travis,443,Railroad Commissioner,,REP,Gary Gates,23,10,13
Travis,444,Railroad Commissioner,,REP,Gary Gates,0,0,0
Travis,446,Railroad Commissioner,,REP,Gary Gates,6,3,3
Travis,447,Railroad Commissioner,,REP,Gary Gates,29,11,18
Travis,448,Railroad Commissioner,,REP,Gary Gates,20,12,8
Travis,450,Railroad Commissioner,,REP,Gary Gates,30,18,12
Travis,451,Railroad Commissioner,,REP,Gary Gates,25,10,15
Travis,452,Railroad Commissioner,,REP,Gary Gates,12,3,9
Travis,454,Railroad Commissioner,,REP,Gary Gates,32,21,11
Travis,458,Railroad Commissioner,,REP,Gary Gates,48,21,27
Travis,460,Railroad Commissioner,,REP,Gary Gates,29,19,10
Travis,461,Railroad Commissioner,,REP,Gary Gates,27,15,12
Travis,463,Railroad Commissioner,,REP,Gary Gates,31,8,23
Travis,101,Railroad Commissioner,,REP,John Greytok,11,2,9
Travis,102,Railroad Commissioner,,REP,John Greytok,2,1,1
Travis,103,Railroad Commissioner,,REP,John Greytok,10,3,7
Travis,104,Railroad Commissioner,,REP,John Greytok,11,4,7
Travis,105,Railroad Commissioner,,REP,John Greytok,41,18,23
Travis,106,Railroad Commissioner,,REP,John Greytok,27,17,10
Travis,107,Railroad Commissioner,,REP,John Greytok,9,0,9
Travis,108,Railroad Commissioner,,REP,John Greytok,6,1,5
Travis,109,Railroad Commissioner,,REP,John Greytok,20,5,15
Travis,110,Railroad Commissioner,,REP,John Greytok,36,12,24
Travis,111,Railroad Commissioner,,REP,John Greytok,38,19,19
Travis,112,Railroad Commissioner,,REP,John Greytok,3,0,3
Travis,113,Railroad Commissioner,,REP,John Greytok,28,14,14
Travis,114,Railroad Commissioner,,REP,John Greytok,2,2,0
Travis,115,Railroad Commissioner,,REP,John Greytok,0,0,0
Travis,116,Railroad Commissioner,,REP,John Greytok,0,0,0
Travis,117,Railroad Commissioner,,REP,John Greytok,3,0,3
Travis,118,Railroad Commissioner,,REP,John Greytok,0,0,0
Travis,119,Railroad Commissioner,,REP,John Greytok,0,0,0
Travis,120,Railroad Commissioner,,REP,John Greytok,0,0,0
Travis,121,Railroad Commissioner,,REP,John Greytok,0,0,0
Travis,122,Railroad Commissioner,,REP,John Greytok,3,2,1
Travis,123,Railroad Commissioner,,REP,John Greytok,37,12,25
Travis,124,Railroad Commissioner,,REP,John Greytok,16,6,10
Travis,125,Railroad Commissioner,,REP,John Greytok,0,0,0
Travis,126,Railroad Commissioner,,REP,John Greytok,5,0,5
Travis,127,Railroad Commissioner,,REP,John Greytok,0,0,0
Travis,128,Railroad Commissioner,,REP,John Greytok,0,0,0
Travis,129,Railroad Commissioner,,REP,John Greytok,1,0,1
Travis,130,Railroad Commissioner,,REP,John Greytok,8,3,5
Travis,131,Railroad Commissioner,,REP,John Greytok,0,0,0
Travis,132,Railroad Commissioner,,REP,John Greytok,10,2,8
Travis,133,Railroad Commissioner,,REP,John Greytok,8,1,7
Travis,134,Railroad Commissioner,,REP,John Greytok,0,0,0
Travis,135,Railroad Commissioner,,REP,John Greytok,21,7,14
Travis,136,Railroad Commissioner,,REP,John Greytok,25,9,16
Travis,137,Railroad Commissioner,,REP,John Greytok,67,26,41
Travis,138,Railroad Commissioner,,REP,John Greytok,0,0,0
Travis,139,Railroad Commissioner,,REP,John Greytok,20,6,14
Travis,140,Railroad Commissioner,,REP,John Greytok,4,1,3
Travis,141,Railroad Commissioner,,REP,John Greytok,4,0,4
Travis,142,Railroad Commissioner,,REP,John Greytok,1,1,0
Travis,145,Railroad Commissioner,,REP,John Greytok,16,3,13
Travis,146,Railroad Commissioner,,REP,John Greytok,24,10,14
Travis,148,Railroad Commissioner,,REP,John Greytok,13,9,4
Travis,149,Railroad Commissioner,,REP,John Greytok,8,1,7
Travis,150,Railroad Commissioner,,REP,John Greytok,21,7,14
Travis,151,Railroad Commissioner,,REP,John Greytok,10,1,9
Travis,152,Railroad Commissioner,,REP,John Greytok,4,2,2
Travis,153,Railroad Commissioner,,REP,John Greytok,22,7,15
Travis,154,Railroad Commissioner,,REP,John Greytok,26,8,18
Travis,156,Railroad Commissioner,,REP,John Greytok,19,11,8
Travis,160,Railroad Commissioner,,REP,John Greytok,8,3,5
Travis,161,Railroad Commissioner,,REP,John Greytok,11,3,8
Travis,163,Railroad Commissioner,,REP,John Greytok,2,1,1
Travis,164,Railroad Commissioner,,REP,John Greytok,4,3,1
Travis,200,Railroad Commissioner,,REP,John Greytok,8,4,4
Travis,202,Railroad Commissioner,,REP,John Greytok,18,4,14
Travis,203,Railroad Commissioner,,REP,John Greytok,5,4,1
Travis,205,Railroad Commissioner,,REP,John Greytok,19,6,13
Travis,206,Railroad Commissioner,,REP,John Greytok,6,1,5
Travis,207,Railroad Commissioner,,REP,John Greytok,41,11,30
Travis,208,Railroad Commissioner,,REP,John Greytok,14,4,10
Travis,209,Railroad Commissioner,,REP,John Greytok,6,1,5
Travis,210,Railroad Commissioner,,REP,John Greytok,23,13,10
Travis,211,Railroad Commissioner,,REP,John Greytok,12,3,9
Travis,212,Railroad Commissioner,,REP,John Greytok,68,30,38
Travis,213,Railroad Commissioner,,REP,John Greytok,0,0,0
Travis,214,Railroad Commissioner,,REP,John Greytok,54,24,30
Travis,215,Railroad Commissioner,,REP,John Greytok,17,4,13
Travis,216,Railroad Commissioner,,REP,John Greytok,9,6,3
Travis,217,Railroad Commissioner,,REP,John Greytok,20,3,17
Travis,218,Railroad Commissioner,,REP,John Greytok,24,9,15
Travis,219,Railroad Commissioner,,REP,John Greytok,25,9,16
Travis,220,Railroad Commissioner,,REP,John Greytok,25,12,13
Travis,221,Railroad Commissioner,,REP,John Greytok,23,11,12
Travis,222,Railroad Commissioner,,REP,John Greytok,17,6,11
Travis,223,Railroad Commissioner,,REP,John Greytok,3,2,1
Travis,224,Railroad Commissioner,,REP,John Greytok,1,1,0
Travis,225,Railroad Commissioner,,REP,John Greytok,43,11,32
Travis,226,Railroad Commissioner,,REP,John Greytok,7,3,4
Travis,227,Railroad Commissioner,,REP,John Greytok,2,0,2
Travis,228,Railroad Commissioner,,REP,John Greytok,30,15,15
Travis,229,Railroad Commissioner,,REP,John Greytok,32,9,23
Travis,231,Railroad Commissioner,,REP,John Greytok,67,36,31
Travis,232,Railroad Commissioner,,REP,John Greytok,79,42,37
Travis,233,Railroad Commissioner,,REP,John Greytok,72,30,42
Travis,234,Railroad Commissioner,,REP,John Greytok,56,24,32
Travis,235,Railroad Commissioner,,REP,John Greytok,12,7,5
Travis,236,Railroad Commissioner,,REP,John Greytok,19,10,9
Travis,237,Railroad Commissioner,,REP,John Greytok,47,20,27
Travis,238,Railroad Commissioner,,REP,John Greytok,51,24,27
Travis,239,Railroad Commissioner,,REP,John Greytok,20,8,12
Travis,240,Railroad Commissioner,,REP,John Greytok,15,7,8
Travis,241,Railroad Commissioner,,REP,John Greytok,13,4,9
Travis,242,Railroad Commissioner,,REP,John Greytok,30,14,16
Travis,243,Railroad Commissioner,,REP,John Greytok,21,10,11
Travis,244,Railroad Commissioner,,REP,John Greytok,49,23,26
Travis,245,Railroad Commissioner,,REP,John Greytok,18,1,17
Travis,246,Railroad Commissioner,,REP,John Greytok,53,16,37
Travis,247,Railroad Commissioner,,REP,John Greytok,16,5,11
Travis,248,Railroad Commissioner,,REP,John Greytok,12,4,8
Travis,249,Railroad Commissioner,,REP,John Greytok,41,18,23
Travis,250,Railroad Commissioner,,REP,John Greytok,40,25,15
Travis,251,Railroad Commissioner,,REP,John Greytok,47,18,29
Travis,252,Railroad Commissioner,,REP,John Greytok,20,8,12
Travis,253,Railroad Commissioner,,REP,John Greytok,63,33,30
Travis,254,Railroad Commissioner,,REP,John Greytok,32,18,14
Travis,256,Railroad Commissioner,,REP,John Greytok,60,36,24
Travis,258,Railroad Commissioner,,REP,John Greytok,43,14,29
Travis,259,Railroad Commissioner,,REP,John Greytok,46,17,29
Travis,260,Railroad Commissioner,,REP,John Greytok,5,1,4
Travis,262,Railroad Commissioner,,REP,John Greytok,56,28,28
Travis,263,Railroad Commissioner,,REP,John Greytok,32,11,21
Travis,266,Railroad Commissioner,,REP,John Greytok,16,6,10
Travis,267,Railroad Commissioner,,REP,John Greytok,13,5,8
Travis,268,Railroad Commissioner,,REP,John Greytok,7,1,6
Travis,273,Railroad Commissioner,,REP,John Greytok,15,7,8
Travis,274,Railroad Commissioner,,REP,John Greytok,10,7,3
Travis,275,Railroad Commissioner,,REP,John Greytok,11,4,7
Travis,277,Railroad Commissioner,,REP,John Greytok,22,7,15
Travis,301,Railroad Commissioner,,REP,John Greytok,8,5,3
Travis,302,Railroad Commissioner,,REP,John Greytok,50,30,20
Travis,303,Railroad Commissioner,,REP,John Greytok,41,26,15
Travis,304,Railroad Commissioner,,REP,John Greytok,67,23,44
Travis,305,Railroad Commissioner,,REP,John Greytok,0,0,0
Travis,306,Railroad Commissioner,,REP,John Greytok,61,42,19
Travis,307,Railroad Commissioner,,REP,John Greytok,27,13,14
Travis,308,Railroad Commissioner,,REP,John Greytok,96,52,44
Travis,309,Railroad Commissioner,,REP,John Greytok,23,14,9
Travis,310,Railroad Commissioner,,REP,John Greytok,41,18,23
Travis,311,Railroad Commissioner,,REP,John Greytok,16,7,9
Travis,312,Railroad Commissioner,,REP,John Greytok,32,17,15
Travis,313,Railroad Commissioner,,REP,John Greytok,0,0,0
Travis,314,Railroad Commissioner,,REP,John Greytok,101,64,37
Travis,315,Railroad Commissioner,,REP,John Greytok,49,24,25
Travis,316,Railroad Commissioner,,REP,John Greytok,20,5,15
Travis,317,Railroad Commissioner,,REP,John Greytok,37,16,21
Travis,318,Railroad Commissioner,,REP,John Greytok,11,4,7
Travis,319,Railroad Commissioner,,REP,John Greytok,48,23,25
Travis,320,Railroad Commissioner,,REP,John Greytok,29,18,11
Travis,321,Railroad Commissioner,,REP,John Greytok,13,6,7
Travis,323,Railroad Commissioner,,REP,John Greytok,11,5,6
Travis,324,Railroad Commissioner,,REP,John Greytok,76,34,42
Travis,325,Railroad Commissioner,,REP,John Greytok,3,3,0
Travis,326,Railroad Commissioner,,REP,John Greytok,51,23,28
Travis,327,Railroad Commissioner,,REP,John Greytok,53,25,28
Travis,328,Railroad Commissioner,,REP,John Greytok,48,12,36
Travis,329,Railroad Commissioner,,REP,John Greytok,35,22,13
Travis,330,Railroad Commissioner,,REP,John Greytok,43,20,23
Travis,331,Railroad Commissioner,,REP,John Greytok,59,32,27
Travis,332,Railroad Commissioner,,REP,John Greytok,10,3,7
Travis,333,Railroad Commissioner,,REP,John Greytok,59,19,40
Travis,334,Railroad Commissioner,,REP,John Greytok,51,24,27
Travis,335,Railroad Commissioner,,REP,John Greytok,24,11,13
Travis,336,Railroad Commissioner,,REP,John Greytok,27,7,20
Travis,337,Railroad Commissioner,,REP,John Greytok,74,19,55
Travis,338,Railroad Commissioner,,REP,John Greytok,67,30,37
Travis,339,Railroad Commissioner,,REP,John Greytok,17,5,12
Travis,340,Railroad Commissioner,,REP,John Greytok,23,13,10
Travis,341,Railroad Commissioner,,REP,John Greytok,3,2,1
Travis,342,Railroad Commissioner,,REP,John Greytok,40,8,32
Travis,343,Railroad Commissioner,,REP,John Greytok,17,8,9
Travis,344,Railroad Commissioner,,REP,John Greytok,19,7,12
Travis,345,Railroad Commissioner,,REP,John Greytok,0,0,0
Travis,346,Railroad Commissioner,,REP,John Greytok,61,46,15
Travis,347,Railroad Commissioner,,REP,John Greytok,46,23,23
Travis,349,Railroad Commissioner,,REP,John Greytok,44,21,23
Travis,350,Railroad Commissioner,,REP,John Greytok,31,15,16
Travis,351,Railroad Commissioner,,REP,John Greytok,19,10,9
Travis,352,Railroad Commissioner,,REP,John Greytok,16,3,13
Travis,354,Railroad Commissioner,,REP,John Greytok,76,42,34
Travis,356,Railroad Commissioner,,REP,John Greytok,14,3,11
Travis,357,Railroad Commissioner,,REP,John Greytok,11,7,4
Travis,358,Railroad Commissioner,,REP,John Greytok,20,7,13
Travis,359,Railroad Commissioner,,REP,John Greytok,58,24,34
Travis,360,Railroad Commissioner,,REP,John Greytok,31,24,7
Travis,361,Railroad Commissioner,,REP,John Greytok,26,8,18
Travis,362,Railroad Commissioner,,REP,John Greytok,41,21,20
Travis,363,Railroad Commissioner,,REP,John Greytok,27,13,14
Travis,364,Railroad Commissioner,,REP,John Greytok,55,33,22
Travis,365,Railroad Commissioner,,REP,John Greytok,19,11,8
Travis,366,Railroad Commissioner,,REP,John Greytok,60,29,31
Travis,367,Railroad Commissioner,,REP,John Greytok,74,30,44
Travis,368,Railroad Commissioner,,REP,John Greytok,3,0,3
Travis,369,Railroad Commissioner,,REP,John Greytok,44,8,36
Travis,370,Railroad Commissioner,,REP,John Greytok,19,1,18
Travis,371,Railroad Commissioner,,REP,John Greytok,28,5,23
Travis,372,Railroad Commissioner,,REP,John Greytok,16,1,15
Travis,373,Railroad Commissioner,,REP,John Greytok,80,34,46
Travis,374,Railroad Commissioner,,REP,John Greytok,70,19,51
Travis,375,Railroad Commissioner,,REP,John Greytok,14,3,11
Travis,401,Railroad Commissioner,,REP,John Greytok,8,3,5
Travis,402,Railroad Commissioner,,REP,John Greytok,6,2,4
Travis,403,Railroad Commissioner,,REP,John Greytok,12,3,9
Travis,404,Railroad Commissioner,,REP,John Greytok,7,2,5
Travis,405,Railroad Commissioner,,REP,John Greytok,1,1,0
Travis,406,Railroad Commissioner,,REP,John Greytok,59,33,26
Travis,407,Railroad Commissioner,,REP,John Greytok,3,2,1
Travis,408,Railroad Commissioner,,REP,John Greytok,22,9,13
Travis,409,Railroad Commissioner,,REP,John Greytok,3,0,3
Travis,410,Railroad Commissioner,,REP,John Greytok,14,6,8
Travis,411,Railroad Commissioner,,REP,John Greytok,14,4,10
Travis,412,Railroad Commissioner,,REP,John Greytok,0,0,0
Travis,413,Railroad Commissioner,,REP,John Greytok,2,1,1
Travis,414,Railroad Commissioner,,REP,John Greytok,25,11,14
Travis,415,Railroad Commissioner,,REP,John Greytok,7,4,3
Travis,416,Railroad Commissioner,,REP,John Greytok,0,0,0
Travis,417,Railroad Commissioner,,REP,John Greytok,5,3,2
Travis,418,Railroad Commissioner,,REP,John Greytok,0,0,0
Travis,419,Railroad Commissioner,,REP,John Greytok,1,0,1
Travis,420,Railroad Commissioner,,REP,John Greytok,10,3,7
Travis,421,Railroad Commissioner,,REP,John Greytok,10,5,5
Travis,422,Railroad Commissioner,,REP,John Greytok,8,2,6
Travis,423,Railroad Commissioner,,REP,John Greytok,4,2,2
Travis,424,Railroad Commissioner,,REP,John Greytok,6,3,3
Travis,425,Railroad Commissioner,,REP,John Greytok,3,2,1
Travis,426,Railroad Commissioner,,REP,John Greytok,4,1,3
Travis,427,Railroad Commissioner,,REP,John Greytok,3,2,1
Travis,428,Railroad Commissioner,,REP,John Greytok,15,9,6
Travis,429,Railroad Commissioner,,REP,John Greytok,13,7,6
Travis,430,Railroad Commissioner,,REP,John Greytok,8,2,6
Travis,431,Railroad Commissioner,,REP,John Greytok,15,8,7
Travis,432,Railroad Commissioner,,REP,John Greytok,0,0,0
Travis,433,Railroad Commissioner,,REP,John Greytok,10,5,5
Travis,434,Railroad Commissioner,,REP,John Greytok,0,0,0
Travis,435,Railroad Commissioner,,REP,John Greytok,29,17,12
Travis,436,Railroad Commissioner,,REP,John Greytok,0,0,0
Travis,437,Railroad Commissioner,,REP,John Greytok,8,3,5
Travis,438,Railroad Commissioner,,REP,John Greytok,3,0,3
Travis,439,Railroad Commissioner,,REP,John Greytok,5,3,2
Travis,440,Railroad Commissioner,,REP,John Greytok,5,3,2
Travis,441,Railroad Commissioner,,REP,John Greytok,10,3,7
Travis,442,Railroad Commissioner,,REP,John Greytok,2,1,1
Travis,443,Railroad Commissioner,,REP,John Greytok,9,4,5
Travis,444,Railroad Commissioner,,REP,John Greytok,0,0,0
Travis,446,Railroad Commissioner,,REP,John Greytok,2,1,1
Travis,447,Railroad Commissioner,,REP,John Greytok,5,2,3
Travis,448,Railroad Commissioner,,REP,John Greytok,8,4,4
Travis,450,Railroad Commissioner,,REP,John Greytok,6,4,2
Travis,451,Railroad Commissioner,,REP,John Greytok,10,2,8
Travis,452,Railroad Commissioner,,REP,John Greytok,5,1,4
Travis,454,Railroad Commissioner,,REP,John Greytok,16,10,6
Travis,458,Railroad Commissioner,,REP,John Greytok,15,10,5
Travis,460,Railroad Commissioner,,REP,John Greytok,13,9,4
Travis,461,Railroad Commissioner,,REP,John Greytok,9,6,3
Travis,463,Railroad Commissioner,,REP,John Greytok,15,6,9
Travis,101,Railroad Commissioner,,REP,Lance N. Christian,24,7,17
Travis,102,Railroad Commissioner,,REP,Lance N. Christian,9,3,6
Travis,103,Railroad Commissioner,,REP,Lance N. Christian,23,13,10
Travis,104,Railroad Commissioner,,REP,Lance N. Christian,23,12,11
Travis,105,Railroad Commissioner,,REP,Lance N. Christian,45,15,30
Travis,106,Railroad Commissioner,,REP,Lance N. Christian,38,17,21
Travis,107,Railroad Commissioner,,REP,Lance N. Christian,2,0,2
Travis,108,Railroad Commissioner,,REP,Lance N. Christian,10,3,7
Travis,109,Railroad Commissioner,,REP,Lance N. Christian,14,6,8
Travis,110,Railroad Commissioner,,REP,Lance N. Christian,55,21,34
Travis,111,Railroad Commissioner,,REP,Lance N. Christian,47,18,29
Travis,112,Railroad Commissioner,,REP,Lance N. Christian,6,0,6
Travis,113,Railroad Commissioner,,REP,Lance N. Christian,42,11,31
Travis,114,Railroad Commissioner,,REP,Lance N. Christian,2,0,2
Travis,115,Railroad Commissioner,,REP,Lance N. Christian,0,0,0
Travis,116,Railroad Commissioner,,REP,Lance N. Christian,0,0,0
Travis,117,Railroad Commissioner,,REP,Lance N. Christian,9,2,7
Travis,118,Railroad Commissioner,,REP,Lance N. Christian,4,1,3
Travis,119,Railroad Commissioner,,REP,Lance N. Christian,0,0,0
Travis,120,Railroad Commissioner,,REP,Lance N. Christian,1,0,1
Travis,121,Railroad Commissioner,,REP,Lance N. Christian,1,1,0
Travis,122,Railroad Commissioner,,REP,Lance N. Christian,5,2,3
Travis,123,Railroad Commissioner,,REP,Lance N. Christian,64,22,42
Travis,124,Railroad Commissioner,,REP,Lance N. Christian,17,9,8
Travis,125,Railroad Commissioner,,REP,Lance N. Christian,0,0,0
Travis,126,Railroad Commissioner,,REP,Lance N. Christian,15,6,9
Travis,127,Railroad Commissioner,,REP,Lance N. Christian,0,0,0
Travis,128,Railroad Commissioner,,REP,Lance N. Christian,0,0,0
Travis,129,Railroad Commissioner,,REP,Lance N. Christian,3,1,2
Travis,130,Railroad Commissioner,,REP,Lance N. Christian,15,0,15
Travis,131,Railroad Commissioner,,REP,Lance N. Christian,0,0,0
Travis,132,Railroad Commissioner,,REP,Lance N. Christian,10,2,8
Travis,133,Railroad Commissioner,,REP,Lance N. Christian,15,6,9
Travis,134,Railroad Commissioner,,REP,Lance N. Christian,0,0,0
Travis,135,Railroad Commissioner,,REP,Lance N. Christian,34,9,25
Travis,136,Railroad Commissioner,,REP,Lance N. Christian,51,23,28
Travis,137,Railroad Commissioner,,REP,Lance N. Christian,132,43,89
Travis,138,Railroad Commissioner,,REP,Lance N. Christian,0,0,0
Travis,139,Railroad Commissioner,,REP,Lance N. Christian,15,10,5
Travis,140,Railroad Commissioner,,REP,Lance N. Christian,13,5,8
Travis,141,Railroad Commissioner,,REP,Lance N. Christian,1,1,0
Travis,142,Railroad Commissioner,,REP,Lance N. Christian,3,2,1
Travis,145,Railroad Commissioner,,REP,Lance N. Christian,32,10,22
Travis,146,Railroad Commissioner,,REP,Lance N. Christian,43,14,29
Travis,148,Railroad Commissioner,,REP,Lance N. Christian,28,9,19
Travis,149,Railroad Commissioner,,REP,Lance N. Christian,7,1,6
Travis,150,Railroad Commissioner,,REP,Lance N. Christian,55,16,39
Travis,151,Railroad Commissioner,,REP,Lance N. Christian,14,4,10
Travis,152,Railroad Commissioner,,REP,Lance N. Christian,20,8,12
Travis,153,Railroad Commissioner,,REP,Lance N. Christian,34,9,25
Travis,154,Railroad Commissioner,,REP,Lance N. Christian,28,4,24
Travis,156,Railroad Commissioner,,REP,Lance N. Christian,18,4,14
Travis,160,Railroad Commissioner,,REP,Lance N. Christian,21,13,8
Travis,161,Railroad Commissioner,,REP,Lance N. Christian,16,4,12
Travis,163,Railroad Commissioner,,REP,Lance N. Christian,8,4,4
Travis,164,Railroad Commissioner,,REP,Lance N. Christian,11,3,8
Travis,200,Railroad Commissioner,,REP,Lance N. Christian,26,6,20
Travis,202,Railroad Commissioner,,REP,Lance N. Christian,20,6,14
Travis,203,Railroad Commissioner,,REP,Lance N. Christian,3,0,3
Travis,205,Railroad Commissioner,,REP,Lance N. Christian,24,6,18
Travis,206,Railroad Commissioner,,REP,Lance N. Christian,7,2,5
Travis,207,Railroad Commissioner,,REP,Lance N. Christian,57,21,36
Travis,208,Railroad Commissioner,,REP,Lance N. Christian,27,10,17
Travis,209,Railroad Commissioner,,REP,Lance N. Christian,5,2,3
Travis,210,Railroad Commissioner,,REP,Lance N. Christian,36,13,23
Travis,211,Railroad Commissioner,,REP,Lance N. Christian,16,5,11
Travis,212,Railroad Commissioner,,REP,Lance N. Christian,83,33,50
Travis,213,Railroad Commissioner,,REP,Lance N. Christian,0,0,0
Travis,214,Railroad Commissioner,,REP,Lance N. Christian,59,20,39
Travis,215,Railroad Commissioner,,REP,Lance N. Christian,21,8,13
Travis,216,Railroad Commissioner,,REP,Lance N. Christian,16,8,8
Travis,217,Railroad Commissioner,,REP,Lance N. Christian,16,5,11
Travis,218,Railroad Commissioner,,REP,Lance N. Christian,33,12,21
Travis,219,Railroad Commissioner,,REP,Lance N. Christian,39,17,22
Travis,220,Railroad Commissioner,,REP,Lance N. Christian,41,24,17
Travis,221,Railroad Commissioner,,REP,Lance N. Christian,13,3,10
Travis,222,Railroad Commissioner,,REP,Lance N. Christian,32,11,21
Travis,223,Railroad Commissioner,,REP,Lance N. Christian,4,4,0
Travis,224,Railroad Commissioner,,REP,Lance N. Christian,0,0,0
Travis,225,Railroad Commissioner,,REP,Lance N. Christian,32,9,23
Travis,226,Railroad Commissioner,,REP,Lance N. Christian,14,5,9
Travis,227,Railroad Commissioner,,REP,Lance N. Christian,1,1,0
Travis,228,Railroad Commissioner,,REP,Lance N. Christian,30,15,15
Travis,229,Railroad Commissioner,,REP,Lance N. Christian,21,9,12
Travis,231,Railroad Commissioner,,REP,Lance N. Christian,55,18,37
Travis,232,Railroad Commissioner,,REP,Lance N. Christian,127,64,63
Travis,233,Railroad Commissioner,,REP,Lance N. Christian,81,34,47
Travis,234,Railroad Commissioner,,REP,Lance N. Christian,45,15,30
Travis,235,Railroad Commissioner,,REP,Lance N. Christian,15,8,7
Travis,236,Railroad Commissioner,,REP,Lance N. Christian,25,8,17
Travis,237,Railroad Commissioner,,REP,Lance N. Christian,41,14,27
Travis,238,Railroad Commissioner,,REP,Lance N. Christian,52,17,35
Travis,239,Railroad Commissioner,,REP,Lance N. Christian,40,16,24
Travis,240,Railroad Commissioner,,REP,Lance N. Christian,20,7,13
Travis,241,Railroad Commissioner,,REP,Lance N. Christian,14,7,7
Travis,242,Railroad Commissioner,,REP,Lance N. Christian,43,13,30
Travis,243,Railroad Commissioner,,REP,Lance N. Christian,29,14,15
Travis,244,Railroad Commissioner,,REP,Lance N. Christian,74,32,42
Travis,245,Railroad Commissioner,,REP,Lance N. Christian,23,12,11
Travis,246,Railroad Commissioner,,REP,Lance N. Christian,31,16,15
Travis,247,Railroad Commissioner,,REP,Lance N. Christian,32,13,19
Travis,248,Railroad Commissioner,,REP,Lance N. Christian,29,11,18
Travis,249,Railroad Commissioner,,REP,Lance N. Christian,39,17,22
Travis,250,Railroad Commissioner,,REP,Lance N. Christian,52,18,34
Travis,251,Railroad Commissioner,,REP,Lance N. Christian,40,16,24
Travis,252,Railroad Commissioner,,REP,Lance N. Christian,29,13,16
Travis,253,Railroad Commissioner,,REP,Lance N. Christian,66,29,37
Travis,254,Railroad Commissioner,,REP,Lance N. Christian,55,13,42
Travis,256,Railroad Commissioner,,REP,Lance N. Christian,48,20,28
Travis,258,Railroad Commissioner,,REP,Lance N. Christian,38,13,25
Travis,259,Railroad Commissioner,,REP,Lance N. Christian,41,16,25
Travis,260,Railroad Commissioner,,REP,Lance N. Christian,13,7,6
Travis,262,Railroad Commissioner,,REP,Lance N. Christian,67,31,36
Travis,263,Railroad Commissioner,,REP,Lance N. Christian,42,15,27
Travis,266,Railroad Commissioner,,REP,Lance N. Christian,15,11,4
Travis,267,Railroad Commissioner,,REP,Lance N. Christian,24,14,10
Travis,268,Railroad Commissioner,,REP,Lance N. Christian,12,5,7
Travis,273,Railroad Commissioner,,REP,Lance N. Christian,32,19,13
Travis,274,Railroad Commissioner,,REP,Lance N. Christian,10,6,4
Travis,275,Railroad Commissioner,,REP,Lance N. Christian,14,8,6
Travis,277,Railroad Commissioner,,REP,Lance N. Christian,22,13,9
Travis,301,Railroad Commissioner,,REP,Lance N. Christian,16,3,13
Travis,302,Railroad Commissioner,,REP,Lance N. Christian,74,43,31
Travis,303,Railroad Commissioner,,REP,Lance N. Christian,75,30,45
Travis,304,Railroad Commissioner,,REP,Lance N. Christian,84,32,52
Travis,305,Railroad Commissioner,,REP,Lance N. Christian,0,0,0
Travis,306,Railroad Commissioner,,REP,Lance N. Christian,78,44,34
Travis,307,Railroad Commissioner,,REP,Lance N. Christian,26,9,17
Travis,308,Railroad Commissioner,,REP,Lance N. Christian,129,47,82
Travis,309,Railroad Commissioner,,REP,Lance N. Christian,40,26,14
Travis,310,Railroad Commissioner,,REP,Lance N. Christian,51,29,22
Travis,311,Railroad Commissioner,,REP,Lance N. Christian,29,14,15
Travis,312,Railroad Commissioner,,REP,Lance N. Christian,40,20,20
Travis,313,Railroad Commissioner,,REP,Lance N. Christian,0,0,0
Travis,314,Railroad Commissioner,,REP,Lance N. Christian,129,68,61
Travis,315,Railroad Commissioner,,REP,Lance N. Christian,75,41,34
Travis,316,Railroad Commissioner,,REP,Lance N. Christian,77,30,47
Travis,317,Railroad Commissioner,,REP,Lance N. Christian,56,23,33
Travis,318,Railroad Commissioner,,REP,Lance N. Christian,10,1,9
Travis,319,Railroad Commissioner,,REP,Lance N. Christian,45,18,27
Travis,320,Railroad Commissioner,,REP,Lance N. Christian,69,40,29
Travis,321,Railroad Commissioner,,REP,Lance N. Christian,21,11,10
Travis,323,Railroad Commissioner,,REP,Lance N. Christian,20,11,9
Travis,324,Railroad Commissioner,,REP,Lance N. Christian,121,58,63
Travis,325,Railroad Commissioner,,REP,Lance N. Christian,0,0,0
Travis,326,Railroad Commissioner,,REP,Lance N. Christian,52,20,32
Travis,327,Railroad Commissioner,,REP,Lance N. Christian,78,44,34
Travis,328,Railroad Commissioner,,REP,Lance N. Christian,45,19,26
Travis,329,Railroad Commissioner,,REP,Lance N. Christian,41,21,20
Travis,330,Railroad Commissioner,,REP,Lance N. Christian,66,24,42
Travis,331,Railroad Commissioner,,REP,Lance N. Christian,55,28,27
Travis,332,Railroad Commissioner,,REP,Lance N. Christian,22,10,12
Travis,333,Railroad Commissioner,,REP,Lance N. Christian,66,14,52
Travis,334,Railroad Commissioner,,REP,Lance N. Christian,86,36,50
Travis,335,Railroad Commissioner,,REP,Lance N. Christian,52,25,27
Travis,336,Railroad Commissioner,,REP,Lance N. Christian,50,15,35
Travis,337,Railroad Commissioner,,REP,Lance N. Christian,97,38,59
Travis,338,Railroad Commissioner,,REP,Lance N. Christian,91,27,64
Travis,339,Railroad Commissioner,,REP,Lance N. Christian,32,18,14
Travis,340,Railroad Commissioner,,REP,Lance N. Christian,20,6,14
Travis,341,Railroad Commissioner,,REP,Lance N. Christian,1,0,1
Travis,342,Railroad Commissioner,,REP,Lance N. Christian,62,28,34
Travis,343,Railroad Commissioner,,REP,Lance N. Christian,29,6,23
Travis,344,Railroad Commissioner,,REP,Lance N. Christian,20,5,15
Travis,345,Railroad Commissioner,,REP,Lance N. Christian,0,0,0
Travis,346,Railroad Commissioner,,REP,Lance N. Christian,116,66,50
Travis,347,Railroad Commissioner,,REP,Lance N. Christian,65,33,32
Travis,349,Railroad Commissioner,,REP,Lance N. Christian,78,45,33
Travis,350,Railroad Commissioner,,REP,Lance N. Christian,39,19,20
Travis,351,Railroad Commissioner,,REP,Lance N. Christian,16,9,7
Travis,352,Railroad Commissioner,,REP,Lance N. Christian,45,19,26
Travis,354,Railroad Commissioner,,REP,Lance N. Christian,76,41,35
Travis,356,Railroad Commissioner,,REP,Lance N. Christian,13,4,9
Travis,357,Railroad Commissioner,,REP,Lance N. Christian,17,8,9
Travis,358,Railroad Commissioner,,REP,Lance N. Christian,42,18,24
Travis,359,Railroad Commissioner,,REP,Lance N. Christian,97,43,54
Travis,360,Railroad Commissioner,,REP,Lance N. Christian,63,32,31
Travis,361,Railroad Commissioner,,REP,Lance N. Christian,22,9,13
Travis,362,Railroad Commissioner,,REP,Lance N. Christian,45,11,34
Travis,363,Railroad Commissioner,,REP,Lance N. Christian,49,28,21
Travis,364,Railroad Commissioner,,REP,Lance N. Christian,80,38,42
Travis,365,Railroad Commissioner,,REP,Lance N. Christian,31,15,16
Travis,366,Railroad Commissioner,,REP,Lance N. Christian,81,39,42
Travis,367,Railroad Commissioner,,REP,Lance N. Christian,99,46,53
Travis,368,Railroad Commissioner,,REP,Lance N. Christian,6,4,2
Travis,369,Railroad Commissioner,,REP,Lance N. Christian,89,29,60
Travis,370,Railroad Commissioner,,REP,Lance N. Christian,27,1,26
Travis,371,Railroad Commissioner,,REP,Lance N. Christian,68,20,48
Travis,372,Railroad Commissioner,,REP,Lance N. Christian,39,6,33
Travis,373,Railroad Commissioner,,REP,Lance N. Christian,151,56,95
Travis,374,Railroad Commissioner,,REP,Lance N. Christian,106,37,69
Travis,375,Railroad Commissioner,,REP,Lance N. Christian,21,4,17
Travis,401,Railroad Commissioner,,REP,Lance N. Christian,18,8,10
Travis,402,Railroad Commissioner,,REP,Lance N. Christian,22,6,16
Travis,403,Railroad Commissioner,,REP,Lance N. Christian,20,3,17
Travis,404,Railroad Commissioner,,REP,Lance N. Christian,18,5,13
Travis,405,Railroad Commissioner,,REP,Lance N. Christian,5,2,3
Travis,406,Railroad Commissioner,,REP,Lance N. Christian,71,42,29
Travis,407,Railroad Commissioner,,REP,Lance N. Christian,9,3,6
Travis,408,Railroad Commissioner,,REP,Lance N. Christian,23,14,9
Travis,409,Railroad Commissioner,,REP,Lance N. Christian,4,2,2
Travis,410,Railroad Commissioner,,REP,Lance N. Christian,17,8,9
Travis,411,Railroad Commissioner,,REP,Lance N. Christian,12,5,7
Travis,412,Railroad Commissioner,,REP,Lance N. Christian,1,1,0
Travis,413,Railroad Commissioner,,REP,Lance N. Christian,7,1,6
Travis,414,Railroad Commissioner,,REP,Lance N. Christian,21,4,17
Travis,415,Railroad Commissioner,,REP,Lance N. Christian,9,0,9
Travis,416,Railroad Commissioner,,REP,Lance N. Christian,1,0,1
Travis,417,Railroad Commissioner,,REP,Lance N. Christian,10,3,7
Travis,418,Railroad Commissioner,,REP,Lance N. Christian,0,0,0
Travis,419,Railroad Commissioner,,REP,Lance N. Christian,7,1,6
Travis,420,Railroad Commissioner,,REP,Lance N. Christian,20,7,13
Travis,421,Railroad Commissioner,,REP,Lance N. Christian,16,6,10
Travis,422,Railroad Commissioner,,REP,Lance N. Christian,12,10,2
Travis,423,Railroad Commissioner,,REP,Lance N. Christian,9,3,6
Travis,424,Railroad Commissioner,,REP,Lance N. Christian,13,6,7
Travis,425,Railroad Commissioner,,REP,Lance N. Christian,6,2,4
Travis,426,Railroad Commissioner,,REP,Lance N. Christian,6,3,3
Travis,427,Railroad Commissioner,,REP,Lance N. Christian,9,4,5
Travis,428,Railroad Commissioner,,REP,Lance N. Christian,16,8,8
Travis,429,Railroad Commissioner,,REP,Lance N. Christian,33,14,19
Travis,430,Railroad Commissioner,,REP,Lance N. Christian,6,3,3
Travis,431,Railroad Commissioner,,REP,Lance N. Christian,25,11,14
Travis,432,Railroad Commissioner,,REP,Lance N. Christian,0,0,0
Travis,433,Railroad Commissioner,,REP,Lance N. Christian,7,4,3
Travis,434,Railroad Commissioner,,REP,Lance N. Christian,0,0,0
Travis,435,Railroad Commissioner,,REP,Lance N. Christian,44,19,25
Travis,436,Railroad Commissioner,,REP,Lance N. Christian,0,0,0
Travis,437,Railroad Commissioner,,REP,Lance N. Christian,12,5,7
Travis,438,Railroad Commissioner,,REP,Lance N. Christian,3,1,2
Travis,439,Railroad Commissioner,,REP,Lance N. Christian,6,2,4
Travis,440,Railroad Commissioner,,REP,Lance N. Christian,4,0,4
Travis,441,Railroad Commissioner,,REP,Lance N. Christian,24,9,15
Travis,442,Railroad Commissioner,,REP,Lance N. Christian,8,0,8
Travis,443,Railroad Commissioner,,REP,Lance N. Christian,14,8,6
Travis,444,Railroad Commissioner,,REP,Lance N. Christian,0,0,0
Travis,446,Railroad Commissioner,,REP,Lance N. Christian,9,3,6
Travis,447,Railroad Commissioner,,REP,Lance N. Christian,28,12,16
Travis,448,Railroad Commissioner,,REP,Lance N. Christian,13,7,6
Travis,450,Railroad Commissioner,,REP,Lance N. Christian,12,4,8
Travis,451,Railroad Commissioner,,REP,Lance N. Christian,17,8,9
Travis,452,Railroad Commissioner,,REP,Lance N. Christian,5,4,1
Travis,454,Railroad Commissioner,,REP,Lance N. Christian,28,16,12
Travis,458,Railroad Commissioner,,REP,Lance N. Christian,29,20,9
Travis,460,Railroad Commissioner,,REP,Lance N. Christian,26,16,10
Travis,461,Railroad Commissioner,,REP,Lance N. Christian,19,10,9
Travis,463,Railroad Commissioner,,REP,Lance N. Christian,15,6,9
Travis,101,Railroad Commissioner,,REP,Ron Hale,35,14,21
Travis,102,Railroad Commissioner,,REP,Ron Hale,16,4,12
Travis,103,Railroad Commissioner,,REP,Ron Hale,24,8,16
Travis,104,Railroad Commissioner,,REP,Ron Hale,11,2,9
Travis,105,Railroad Commissioner,,REP,Ron Hale,87,34,53
Travis,106,Railroad Commissioner,,REP,Ron Hale,81,26,55
Travis,107,Railroad Commissioner,,REP,Ron Hale,11,0,11
Travis,108,Railroad Commissioner,,REP,Ron Hale,16,0,16
Travis,109,Railroad Commissioner,,REP,Ron Hale,26,9,17
Travis,110,Railroad Commissioner,,REP,Ron Hale,112,53,59
Travis,111,Railroad Commissioner,,REP,Ron Hale,51,16,35
Travis,112,Railroad Commissioner,,REP,Ron Hale,15,4,11
Travis,113,Railroad Commissioner,,REP,Ron Hale,69,27,42
Travis,114,Railroad Commissioner,,REP,Ron Hale,4,1,3
Travis,115,Railroad Commissioner,,REP,Ron Hale,0,0,0
Travis,116,Railroad Commissioner,,REP,Ron Hale,0,0,0
Travis,117,Railroad Commissioner,,REP,Ron Hale,6,4,2
Travis,118,Railroad Commissioner,,REP,Ron Hale,3,2,1
Travis,119,Railroad Commissioner,,REP,Ron Hale,0,0,0
Travis,120,Railroad Commissioner,,REP,Ron Hale,2,2,0
Travis,121,Railroad Commissioner,,REP,Ron Hale,6,2,4
Travis,122,Railroad Commissioner,,REP,Ron Hale,9,1,8
Travis,123,Railroad Commissioner,,REP,Ron Hale,98,26,72
Travis,124,Railroad Commissioner,,REP,Ron Hale,9,4,5
Travis,125,Railroad Commissioner,,REP,Ron Hale,0,0,0
Travis,126,Railroad Commissioner,,REP,Ron Hale,13,7,6
Travis,127,Railroad Commissioner,,REP,Ron Hale,0,0,0
Travis,128,Railroad Commissioner,,REP,Ron Hale,0,0,0
Travis,129,Railroad Commissioner,,REP,Ron Hale,6,4,2
Travis,130,Railroad Commissioner,,REP,Ron Hale,10,1,9
Travis,131,Railroad Commissioner,,REP,Ron Hale,0,0,0
Travis,132,Railroad Commissioner,,REP,Ron Hale,14,5,9
Travis,133,Railroad Commissioner,,REP,Ron Hale,13,6,7
Travis,134,Railroad Commissioner,,REP,Ron Hale,0,0,0
Travis,135,Railroad Commissioner,,REP,Ron Hale,27,10,17
Travis,136,Railroad Commissioner,,REP,Ron Hale,78,22,56
Travis,137,Railroad Commissioner,,REP,Ron Hale,199,55,144
Travis,138,Railroad Commissioner,,REP,Ron Hale,0,0,0
Travis,139,Railroad Commissioner,,REP,Ron Hale,32,15,17
Travis,140,Railroad Commissioner,,REP,Ron Hale,22,13,9
Travis,141,Railroad Commissioner,,REP,Ron Hale,4,1,3
Travis,142,Railroad Commissioner,,REP,Ron Hale,4,3,1
Travis,145,Railroad Commissioner,,REP,Ron Hale,42,12,30
Travis,146,Railroad Commissioner,,REP,Ron Hale,74,24,50
Travis,148,Railroad Commissioner,,REP,Ron Hale,58,22,36
Travis,149,Railroad Commissioner,,REP,Ron Hale,2,0,2
Travis,150,Railroad Commissioner,,REP,Ron Hale,82,33,49
Travis,151,Railroad Commissioner,,REP,Ron Hale,12,3,9
Travis,152,Railroad Commissioner,,REP,Ron Hale,8,2,6
Travis,153,Railroad Commissioner,,REP,Ron Hale,34,8,26
Travis,154,Railroad Commissioner,,REP,Ron Hale,35,6,29
Travis,156,Railroad Commissioner,,REP,Ron Hale,37,6,31
Travis,160,Railroad Commissioner,,REP,Ron Hale,30,8,22
Travis,161,Railroad Commissioner,,REP,Ron Hale,28,9,19
Travis,163,Railroad Commissioner,,REP,Ron Hale,12,5,7
Travis,164,Railroad Commissioner,,REP,Ron Hale,7,1,6
Travis,200,Railroad Commissioner,,REP,Ron Hale,15,4,11
Travis,202,Railroad Commissioner,,REP,Ron Hale,15,5,10
Travis,203,Railroad Commissioner,,REP,Ron Hale,9,3,6
Travis,205,Railroad Commissioner,,REP,Ron Hale,27,10,17
Travis,206,Railroad Commissioner,,REP,Ron Hale,8,4,4
Travis,207,Railroad Commissioner,,REP,Ron Hale,88,32,56
Travis,208,Railroad Commissioner,,REP,Ron Hale,51,20,31
Travis,209,Railroad Commissioner,,REP,Ron Hale,7,2,5
Travis,210,Railroad Commissioner,,REP,Ron Hale,23,11,12
Travis,211,Railroad Commissioner,,REP,Ron Hale,23,9,14
Travis,212,Railroad Commissioner,,REP,Ron Hale,102,47,55
Travis,213,Railroad Commissioner,,REP,Ron Hale,0,0,0
Travis,214,Railroad Commissioner,,REP,Ron Hale,54,12,42
Travis,215,Railroad Commissioner,,REP,Ron Hale,38,14,24
Travis,216,Railroad Commissioner,,REP,Ron Hale,16,7,9
Travis,217,Railroad Commissioner,,REP,Ron Hale,28,8,20
Travis,218,Railroad Commissioner,,REP,Ron Hale,43,16,27
Travis,219,Railroad Commissioner,,REP,Ron Hale,56,21,35
Travis,220,Railroad Commissioner,,REP,Ron Hale,34,6,28
Travis,221,Railroad Commissioner,,REP,Ron Hale,27,7,20
Travis,222,Railroad Commissioner,,REP,Ron Hale,45,16,29
Travis,223,Railroad Commissioner,,REP,Ron Hale,8,2,6
Travis,224,Railroad Commissioner,,REP,Ron Hale,0,0,0
Travis,225,Railroad Commissioner,,REP,Ron Hale,47,18,29
Travis,226,Railroad Commissioner,,REP,Ron Hale,14,3,11
Travis,227,Railroad Commissioner,,REP,Ron Hale,10,3,7
Travis,228,Railroad Commissioner,,REP,Ron Hale,30,11,19
Travis,229,Railroad Commissioner,,REP,Ron Hale,26,6,20
Travis,231,Railroad Commissioner,,REP,Ron Hale,59,24,35
Travis,232,Railroad Commissioner,,REP,Ron Hale,155,65,90
Travis,233,Railroad Commissioner,,REP,Ron Hale,74,25,49
Travis,234,Railroad Commissioner,,REP,Ron Hale,57,19,38
Travis,235,Railroad Commissioner,,REP,Ron Hale,19,5,14
Travis,236,Railroad Commissioner,,REP,Ron Hale,21,3,18
Travis,237,Railroad Commissioner,,REP,Ron Hale,23,8,15
Travis,238,Railroad Commissioner,,REP,Ron Hale,31,8,23
Travis,239,Railroad Commissioner,,REP,Ron Hale,25,7,18
Travis,240,Railroad Commissioner,,REP,Ron Hale,24,2,22
Travis,241,Railroad Commissioner,,REP,Ron Hale,15,2,13
Travis,242,Railroad Commissioner,,REP,Ron Hale,31,13,18
Travis,243,Railroad Commissioner,,REP,Ron Hale,17,4,13
Travis,244,Railroad Commissioner,,REP,Ron Hale,107,52,55
Travis,245,Railroad Commissioner,,REP,Ron Hale,29,6,23
Travis,246,Railroad Commissioner,,REP,Ron Hale,23,8,15
Travis,247,Railroad Commissioner,,REP,Ron Hale,20,4,16
Travis,248,Railroad Commissioner,,REP,Ron Hale,34,10,24
Travis,249,Railroad Commissioner,,REP,Ron Hale,53,17,36
Travis,250,Railroad Commissioner,,REP,Ron Hale,40,11,29
Travis,251,Railroad Commissioner,,REP,Ron Hale,31,6,25
Travis,252,Railroad Commissioner,,REP,Ron Hale,27,13,14
Travis,253,Railroad Commissioner,,REP,Ron Hale,67,25,42
Travis,254,Railroad Commissioner,,REP,Ron Hale,51,19,32
Travis,256,Railroad Commissioner,,REP,Ron Hale,44,18,26
Travis,258,Railroad Commissioner,,REP,Ron Hale,38,14,24
Travis,259,Railroad Commissioner,,REP,Ron Hale,50,14,36
Travis,260,Railroad Commissioner,,REP,Ron Hale,7,3,4
Travis,262,Railroad Commissioner,,REP,Ron Hale,66,26,40
Travis,263,Railroad Commissioner,,REP,Ron Hale,49,11,38
Travis,266,Railroad Commissioner,,REP,Ron Hale,7,5,2
Travis,267,Railroad Commissioner,,REP,Ron Hale,33,16,17
Travis,268,Railroad Commissioner,,REP,Ron Hale,13,6,7
Travis,273,Railroad Commissioner,,REP,Ron Hale,23,8,15
Travis,274,Railroad Commissioner,,REP,Ron Hale,17,7,10
Travis,275,Railroad Commissioner,,REP,Ron Hale,8,0,8
Travis,277,Railroad Commissioner,,REP,Ron Hale,67,28,39
Travis,301,Railroad Commissioner,,REP,Ron Hale,15,2,13
Travis,302,Railroad Commissioner,,REP,Ron Hale,73,34,39
Travis,303,Railroad Commissioner,,REP,Ron Hale,63,21,42
Travis,304,Railroad Commissioner,,REP,Ron Hale,87,31,56
Travis,305,Railroad Commissioner,,REP,Ron Hale,1,1,0
Travis,306,Railroad Commissioner,,REP,Ron Hale,110,55,55
Travis,307,Railroad Commissioner,,REP,Ron Hale,17,5,12
Travis,308,Railroad Commissioner,,REP,Ron Hale,212,73,139
Travis,309,Railroad Commissioner,,REP,Ron Hale,44,14,30
Travis,310,Railroad Commissioner,,REP,Ron Hale,89,31,58
Travis,311,Railroad Commissioner,,REP,Ron Hale,46,24,22
Travis,312,Railroad Commissioner,,REP,Ron Hale,63,24,39
Travis,313,Railroad Commissioner,,REP,Ron Hale,1,0,1
Travis,314,Railroad Commissioner,,REP,Ron Hale,127,60,67
Travis,315,Railroad Commissioner,,REP,Ron Hale,97,33,64
Travis,316,Railroad Commissioner,,REP,Ron Hale,91,28,63
Travis,317,Railroad Commissioner,,REP,Ron Hale,69,22,47
Travis,318,Railroad Commissioner,,REP,Ron Hale,22,9,13
Travis,319,Railroad Commissioner,,REP,Ron Hale,76,37,39
Travis,320,Railroad Commissioner,,REP,Ron Hale,71,39,32
Travis,321,Railroad Commissioner,,REP,Ron Hale,10,7,3
Travis,323,Railroad Commissioner,,REP,Ron Hale,18,6,12
Travis,324,Railroad Commissioner,,REP,Ron Hale,140,63,77
Travis,325,Railroad Commissioner,,REP,Ron Hale,0,0,0
Travis,326,Railroad Commissioner,,REP,Ron Hale,39,11,28
Travis,327,Railroad Commissioner,,REP,Ron Hale,68,19,49
Travis,328,Railroad Commissioner,,REP,Ron Hale,74,31,43
Travis,329,Railroad Commissioner,,REP,Ron Hale,46,19,27
Travis,330,Railroad Commissioner,,REP,Ron Hale,82,34,48
Travis,331,Railroad Commissioner,,REP,Ron Hale,44,14,30
Travis,332,Railroad Commissioner,,REP,Ron Hale,10,4,6
Travis,333,Railroad Commissioner,,REP,Ron Hale,55,6,49
Travis,334,Railroad Commissioner,,REP,Ron Hale,79,31,48
Travis,335,Railroad Commissioner,,REP,Ron Hale,54,20,34
Travis,336,Railroad Commissioner,,REP,Ron Hale,54,24,30
Travis,337,Railroad Commissioner,,REP,Ron Hale,69,14,55
Travis,338,Railroad Commissioner,,REP,Ron Hale,105,42,63
Travis,339,Railroad Commissioner,,REP,Ron Hale,18,6,12
Travis,340,Railroad Commissioner,,REP,Ron Hale,25,6,19
Travis,341,Railroad Commissioner,,REP,Ron Hale,1,0,1
Travis,342,Railroad Commissioner,,REP,Ron Hale,23,6,17
Travis,343,Railroad Commissioner,,REP,Ron Hale,35,9,26
Travis,344,Railroad Commissioner,,REP,Ron Hale,22,10,12
Travis,345,Railroad Commissioner,,REP,Ron Hale,0,0,0
Travis,346,Railroad Commissioner,,REP,Ron Hale,135,77,58
Travis,347,Railroad Commissioner,,REP,Ron Hale,42,16,26
Travis,349,Railroad Commissioner,,REP,Ron Hale,97,40,57
Travis,350,Railroad Commissioner,,REP,Ron Hale,49,22,27
Travis,351,Railroad Commissioner,,REP,Ron Hale,19,8,11
Travis,352,Railroad Commissioner,,REP,Ron Hale,30,17,13
Travis,354,Railroad Commissioner,,REP,Ron Hale,74,26,48
Travis,356,Railroad Commissioner,,REP,Ron Hale,16,8,8
Travis,357,Railroad Commissioner,,REP,Ron Hale,13,5,8
Travis,358,Railroad Commissioner,,REP,Ron Hale,50,20,30
Travis,359,Railroad Commissioner,,REP,Ron Hale,129,56,73
Travis,360,Railroad Commissioner,,REP,Ron Hale,72,25,47
Travis,361,Railroad Commissioner,,REP,Ron Hale,33,16,17
Travis,362,Railroad Commissioner,,REP,Ron Hale,43,23,20
Travis,363,Railroad Commissioner,,REP,Ron Hale,44,14,30
Travis,364,Railroad Commissioner,,REP,Ron Hale,51,21,30
Travis,365,Railroad Commissioner,,REP,Ron Hale,44,20,24
Travis,366,Railroad Commissioner,,REP,Ron Hale,109,36,73
Travis,367,Railroad Commissioner,,REP,Ron Hale,108,36,72
Travis,368,Railroad Commissioner,,REP,Ron Hale,8,5,3
Travis,369,Railroad Commissioner,,REP,Ron Hale,85,17,68
Travis,370,Railroad Commissioner,,REP,Ron Hale,46,3,43
Travis,371,Railroad Commissioner,,REP,Ron Hale,88,24,64
Travis,372,Railroad Commissioner,,REP,Ron Hale,47,7,40
Travis,373,Railroad Commissioner,,REP,Ron Hale,178,65,113
Travis,374,Railroad Commissioner,,REP,Ron Hale,139,39,100
Travis,375,Railroad Commissioner,,REP,Ron Hale,28,10,18
Travis,401,Railroad Commissioner,,REP,Ron Hale,35,12,23
Travis,402,Railroad Commissioner,,REP,Ron Hale,28,6,22
Travis,403,Railroad Commissioner,,REP,Ron Hale,26,5,21
Travis,404,Railroad Commissioner,,REP,Ron Hale,24,8,16
Travis,405,Railroad Commissioner,,REP,Ron Hale,7,2,5
Travis,406,Railroad Commissioner,,REP,Ron Hale,86,45,41
Travis,407,Railroad Commissioner,,REP,Ron Hale,8,4,4
Travis,408,Railroad Commissioner,,REP,Ron Hale,41,15,26
Travis,409,Railroad Commissioner,,REP,Ron Hale,14,3,11
Travis,410,Railroad Commissioner,,REP,Ron Hale,31,6,25
Travis,411,Railroad Commissioner,,REP,Ron Hale,20,6,14
Travis,412,Railroad Commissioner,,REP,Ron Hale,0,0,0
Travis,413,Railroad Commissioner,,REP,Ron Hale,10,5,5
Travis,414,Railroad Commissioner,,REP,Ron Hale,51,11,40
Travis,415,Railroad Commissioner,,REP,Ron Hale,12,3,9
Travis,416,Railroad Commissioner,,REP,Ron Hale,2,0,2
Travis,417,Railroad Commissioner,,REP,Ron Hale,17,7,10
Travis,418,Railroad Commissioner,,REP,Ron Hale,0,0,0
Travis,419,Railroad Commissioner,,REP,Ron Hale,15,5,10
Travis,420,Railroad Commissioner,,REP,Ron Hale,15,9,6
Travis,421,Railroad Commissioner,,REP,Ron Hale,15,0,15
Travis,422,Railroad Commissioner,,REP,Ron Hale,10,5,5
Travis,423,Railroad Commissioner,,REP,Ron Hale,13,1,12
Travis,424,Railroad Commissioner,,REP,Ron Hale,13,3,10
Travis,425,Railroad Commissioner,,REP,Ron Hale,6,1,5
Travis,426,Railroad Commissioner,,REP,Ron Hale,5,3,2
Travis,427,Railroad Commissioner,,REP,Ron Hale,4,0,4
Travis,428,Railroad Commissioner,,REP,Ron Hale,24,9,15
Travis,429,Railroad Commissioner,,REP,Ron Hale,27,7,20
Travis,430,Railroad Commissioner,,REP,Ron Hale,4,1,3
Travis,431,Railroad Commissioner,,REP,Ron Hale,21,8,13
Travis,432,Railroad Commissioner,,REP,Ron Hale,0,0,0
Travis,433,Railroad Commissioner,,REP,Ron Hale,3,2,1
Travis,434,Railroad Commissioner,,REP,Ron Hale,0,0,0
Travis,435,Railroad Commissioner,,REP,Ron Hale,77,37,40
Travis,436,Railroad Commissioner,,REP,Ron Hale,0,0,0
Travis,437,Railroad Commissioner,,REP,Ron Hale,11,1,10
Travis,438,Railroad Commissioner,,REP,Ron Hale,6,0,6
Travis,439,Railroad Commissioner,,REP,Ron Hale,6,0,6
Travis,440,Railroad Commissioner,,REP,Ron Hale,8,2,6
Travis,441,Railroad Commissioner,,REP,Ron Hale,23,5,18
Travis,442,Railroad Commissioner,,REP,Ron Hale,3,0,3
Travis,443,Railroad Commissioner,,REP,Ron Hale,11,5,6
Travis,444,Railroad Commissioner,,REP,Ron Hale,0,0,0
Travis,446,Railroad Commissioner,,REP,Ron Hale,8,1,7
Travis,447,Railroad Commissioner,,REP,Ron Hale,25,9,16
Travis,448,Railroad Commissioner,,REP,Ron Hale,13,2,11
Travis,450,Railroad Commissioner,,REP,Ron Hale,18,8,10
Travis,451,Railroad Commissioner,,REP,Ron Hale,19,4,15
Travis,452,Railroad Commissioner,,REP,Ron Hale,12,6,6
Travis,454,Railroad Commissioner,,REP,Ron Hale,36,20,16
Travis,458,Railroad Commissioner,,REP,Ron Hale,49,17,32
Travis,460,Railroad Commissioner,,REP,Ron Hale,21,11,10
Travis,461,Railroad Commissioner,,REP,Ron Hale,30,7,23
Travis,463,Railroad Commissioner,,REP,Ron Hale,27,10,17
Travis,101,Railroad Commissioner,,REP,Wayne Christian,36,13,23
Travis,102,Railroad Commissioner,,REP,Wayne Christian,8,5,3
Travis,103,Railroad Commissioner,,REP,Wayne Christian,27,11,16
Travis,104,Railroad Commissioner,,REP,Wayne Christian,10,4,6
Travis,105,Railroad Commissioner,,REP,Wayne Christian,80,29,51
Travis,106,Railroad Commissioner,,REP,Wayne Christian,70,19,51
Travis,107,Railroad Commissioner,,REP,Wayne Christian,16,3,13
Travis,108,Railroad Commissioner,,REP,Wayne Christian,12,3,9
Travis,109,Railroad Commissioner,,REP,Wayne Christian,28,7,21
Travis,110,Railroad Commissioner,,REP,Wayne Christian,79,34,45
Travis,111,Railroad Commissioner,,REP,Wayne Christian,47,16,31
Travis,112,Railroad Commissioner,,REP,Wayne Christian,7,2,5
Travis,113,Railroad Commissioner,,REP,Wayne Christian,76,37,39
Travis,114,Railroad Commissioner,,REP,Wayne Christian,3,0,3
Travis,115,Railroad Commissioner,,REP,Wayne Christian,0,0,0
Travis,116,Railroad Commissioner,,REP,Wayne Christian,0,0,0
Travis,117,Railroad Commissioner,,REP,Wayne Christian,5,4,1
Travis,118,Railroad Commissioner,,REP,Wayne Christian,5,2,3
Travis,119,Railroad Commissioner,,REP,Wayne Christian,0,0,0
Travis,120,Railroad Commissioner,,REP,Wayne Christian,4,1,3
Travis,121,Railroad Commissioner,,REP,Wayne Christian,2,0,2
Travis,122,Railroad Commissioner,,REP,Wayne Christian,2,2,0
Travis,123,Railroad Commissioner,,REP,Wayne Christian,83,18,65
Travis,124,Railroad Commissioner,,REP,Wayne Christian,11,5,6
Travis,125,Railroad Commissioner,,REP,Wayne Christian,0,0,0
Travis,126,Railroad Commissioner,,REP,Wayne Christian,20,7,13
Travis,127,Railroad Commissioner,,REP,Wayne Christian,0,0,0
Travis,128,Railroad Commissioner,,REP,Wayne Christian,0,0,0
Travis,129,Railroad Commissioner,,REP,Wayne Christian,3,3,0
Travis,130,Railroad Commissioner,,REP,Wayne Christian,11,2,9
Travis,131,Railroad Commissioner,,REP,Wayne Christian,0,0,0
Travis,132,Railroad Commissioner,,REP,Wayne Christian,9,3,6
Travis,133,Railroad Commissioner,,REP,Wayne Christian,16,6,10
Travis,134,Railroad Commissioner,,REP,Wayne Christian,0,0,0
Travis,135,Railroad Commissioner,,REP,Wayne Christian,45,21,24
Travis,136,Railroad Commissioner,,REP,Wayne Christian,71,25,46
Travis,137,Railroad Commissioner,,REP,Wayne Christian,195,63,132
Travis,138,Railroad Commissioner,,REP,Wayne Christian,0,0,0
Travis,139,Railroad Commissioner,,REP,Wayne Christian,22,9,13
Travis,140,Railroad Commissioner,,REP,Wayne Christian,19,3,16
Travis,141,Railroad Commissioner,,REP,Wayne Christian,5,1,4
Travis,142,Railroad Commissioner,,REP,Wayne Christian,2,0,2
Travis,145,Railroad Commissioner,,REP,Wayne Christian,50,17,33
Travis,146,Railroad Commissioner,,REP,Wayne Christian,57,29,28
Travis,148,Railroad Commissioner,,REP,Wayne Christian,45,20,25
Travis,149,Railroad Commissioner,,REP,Wayne Christian,10,3,7
Travis,150,Railroad Commissioner,,REP,Wayne Christian,49,18,31
Travis,151,Railroad Commissioner,,REP,Wayne Christian,20,8,12
Travis,152,Railroad Commissioner,,REP,Wayne Christian,14,7,7
Travis,153,Railroad Commissioner,,REP,Wayne Christian,61,20,41
Travis,154,Railroad Commissioner,,REP,Wayne Christian,28,7,21
Travis,156,Railroad Commissioner,,REP,Wayne Christian,44,22,22
Travis,160,Railroad Commissioner,,REP,Wayne Christian,34,15,19
Travis,161,Railroad Commissioner,,REP,Wayne Christian,26,11,15
Travis,163,Railroad Commissioner,,REP,Wayne Christian,7,3,4
Travis,164,Railroad Commissioner,,REP,Wayne Christian,8,4,4
Travis,200,Railroad Commissioner,,REP,Wayne Christian,34,14,20
Travis,202,Railroad Commissioner,,REP,Wayne Christian,22,10,12
Travis,203,Railroad Commissioner,,REP,Wayne Christian,15,3,12
Travis,205,Railroad Commissioner,,REP,Wayne Christian,27,5,22
Travis,206,Railroad Commissioner,,REP,Wayne Christian,13,7,6
Travis,207,Railroad Commissioner,,REP,Wayne Christian,67,29,38
Travis,208,Railroad Commissioner,,REP,Wayne Christian,56,31,25
Travis,209,Railroad Commissioner,,REP,Wayne Christian,9,2,7
Travis,210,Railroad Commissioner,,REP,Wayne Christian,46,25,21
Travis,211,Railroad Commissioner,,REP,Wayne Christian,28,9,19
Travis,212,Railroad Commissioner,,REP,Wayne Christian,136,70,66
Travis,213,Railroad Commissioner,,REP,Wayne Christian,0,0,0
Travis,214,Railroad Commissioner,,REP,Wayne Christian,82,32,50
Travis,215,Railroad Commissioner,,REP,Wayne Christian,32,9,23
Travis,216,Railroad Commissioner,,REP,Wayne Christian,22,8,14
Travis,217,Railroad Commissioner,,REP,Wayne Christian,35,10,25
Travis,218,Railroad Commissioner,,REP,Wayne Christian,54,22,32
Travis,219,Railroad Commissioner,,REP,Wayne Christian,47,20,27
Travis,220,Railroad Commissioner,,REP,Wayne Christian,32,15,17
Travis,221,Railroad Commissioner,,REP,Wayne Christian,22,7,15
Travis,222,Railroad Commissioner,,REP,Wayne Christian,29,12,17
Travis,223,Railroad Commissioner,,REP,Wayne Christian,10,4,6
Travis,224,Railroad Commissioner,,REP,Wayne Christian,0,0,0
Travis,225,Railroad Commissioner,,REP,Wayne Christian,45,17,28
Travis,226,Railroad Commissioner,,REP,Wayne Christian,22,11,11
Travis,227,Railroad Commissioner,,REP,Wayne Christian,6,3,3
Travis,228,Railroad Commissioner,,REP,Wayne Christian,43,17,26
Travis,229,Railroad Commissioner,,REP,Wayne Christian,38,8,30
Travis,231,Railroad Commissioner,,REP,Wayne Christian,69,29,40
Travis,232,Railroad Commissioner,,REP,Wayne Christian,177,98,79
Travis,233,Railroad Commissioner,,REP,Wayne Christian,102,33,69
Travis,234,Railroad Commissioner,,REP,Wayne Christian,92,33,59
Travis,235,Railroad Commissioner,,REP,Wayne Christian,16,5,11
Travis,236,Railroad Commissioner,,REP,Wayne Christian,33,14,19
Travis,237,Railroad Commissioner,,REP,Wayne Christian,70,19,51
Travis,238,Railroad Commissioner,,REP,Wayne Christian,48,19,29
Travis,239,Railroad Commissioner,,REP,Wayne Christian,33,9,24
Travis,240,Railroad Commissioner,,REP,Wayne Christian,28,14,14
Travis,241,Railroad Commissioner,,REP,Wayne Christian,15,5,10
Travis,242,Railroad Commissioner,,REP,Wayne Christian,43,20,23
Travis,243,Railroad Commissioner,,REP,Wayne Christian,27,12,15
Travis,244,Railroad Commissioner,,REP,Wayne Christian,104,62,42
Travis,245,Railroad Commissioner,,REP,Wayne Christian,35,10,25
Travis,246,Railroad Commissioner,,REP,Wayne Christian,47,14,33
Travis,247,Railroad Commissioner,,REP,Wayne Christian,27,7,20
Travis,248,Railroad Commissioner,,REP,Wayne Christian,29,12,17
Travis,249,Railroad Commissioner,,REP,Wayne Christian,62,20,42
Travis,250,Railroad Commissioner,,REP,Wayne Christian,63,28,35
Travis,251,Railroad Commissioner,,REP,Wayne Christian,54,23,31
Travis,252,Railroad Commissioner,,REP,Wayne Christian,35,13,22
Travis,253,Railroad Commissioner,,REP,Wayne Christian,99,51,48
Travis,254,Railroad Commissioner,,REP,Wayne Christian,57,20,37
Travis,256,Railroad Commissioner,,REP,Wayne Christian,73,31,42
Travis,258,Railroad Commissioner,,REP,Wayne Christian,51,17,34
Travis,259,Railroad Commissioner,,REP,Wayne Christian,52,24,28
Travis,260,Railroad Commissioner,,REP,Wayne Christian,12,3,9
Travis,262,Railroad Commissioner,,REP,Wayne Christian,83,48,35
Travis,263,Railroad Commissioner,,REP,Wayne Christian,36,13,23
Travis,266,Railroad Commissioner,,REP,Wayne Christian,24,10,14
Travis,267,Railroad Commissioner,,REP,Wayne Christian,22,5,17
Travis,268,Railroad Commissioner,,REP,Wayne Christian,14,1,13
Travis,273,Railroad Commissioner,,REP,Wayne Christian,47,23,24
Travis,274,Railroad Commissioner,,REP,Wayne Christian,16,12,4
Travis,275,Railroad Commissioner,,REP,Wayne Christian,13,7,6
Travis,277,Railroad Commissioner,,REP,Wayne Christian,77,35,42
Travis,301,Railroad Commissioner,,REP,Wayne Christian,28,10,18
Travis,302,Railroad Commissioner,,REP,Wayne Christian,89,52,37
Travis,303,Railroad Commissioner,,REP,Wayne Christian,103,46,57
Travis,304,Railroad Commissioner,,REP,Wayne Christian,143,61,82
Travis,305,Railroad Commissioner,,REP,Wayne Christian,1,1,0
Travis,306,Railroad Commissioner,,REP,Wayne Christian,122,73,49
Travis,307,Railroad Commissioner,,REP,Wayne Christian,45,20,25
Travis,308,Railroad Commissioner,,REP,Wayne Christian,221,88,133
Travis,309,Railroad Commissioner,,REP,Wayne Christian,33,15,18
Travis,310,Railroad Commissioner,,REP,Wayne Christian,110,47,63
Travis,311,Railroad Commissioner,,REP,Wayne Christian,53,26,27
Travis,312,Railroad Commissioner,,REP,Wayne Christian,65,37,28
Travis,313,Railroad Commissioner,,REP,Wayne Christian,1,1,0
Travis,314,Railroad Commissioner,,REP,Wayne Christian,177,95,82
Travis,315,Railroad Commissioner,,REP,Wayne Christian,90,46,44
Travis,316,Railroad Commissioner,,REP,Wayne Christian,92,39,53
Travis,317,Railroad Commissioner,,REP,Wayne Christian,78,35,43
Travis,318,Railroad Commissioner,,REP,Wayne Christian,24,6,18
Travis,319,Railroad Commissioner,,REP,Wayne Christian,89,44,45
Travis,320,Railroad Commissioner,,REP,Wayne Christian,92,48,44
Travis,321,Railroad Commissioner,,REP,Wayne Christian,20,11,9
Travis,323,Railroad Commissioner,,REP,Wayne Christian,18,7,11
Travis,324,Railroad Commissioner,,REP,Wayne Christian,175,94,81
Travis,325,Railroad Commissioner,,REP,Wayne Christian,1,1,0
Travis,326,Railroad Commissioner,,REP,Wayne Christian,65,31,34
Travis,327,Railroad Commissioner,,REP,Wayne Christian,58,21,37
Travis,328,Railroad Commissioner,,REP,Wayne Christian,77,41,36
Travis,329,Railroad Commissioner,,REP,Wayne Christian,63,34,29
Travis,330,Railroad Commissioner,,REP,Wayne Christian,109,51,58
Travis,331,Railroad Commissioner,,REP,Wayne Christian,68,35,33
Travis,332,Railroad Commissioner,,REP,Wayne Christian,20,10,10
Travis,333,Railroad Commissioner,,REP,Wayne Christian,61,16,45
Travis,334,Railroad Commissioner,,REP,Wayne Christian,100,31,69
Travis,335,Railroad Commissioner,,REP,Wayne Christian,54,27,27
Travis,336,Railroad Commissioner,,REP,Wayne Christian,60,23,37
Travis,337,Railroad Commissioner,,REP,Wayne Christian,93,31,62
Travis,338,Railroad Commissioner,,REP,Wayne Christian,107,41,66
Travis,339,Railroad Commissioner,,REP,Wayne Christian,35,23,12
Travis,340,Railroad Commissioner,,REP,Wayne Christian,23,8,15
Travis,341,Railroad Commissioner,,REP,Wayne Christian,3,1,2
Travis,342,Railroad Commissioner,,REP,Wayne Christian,57,28,29
Travis,343,Railroad Commissioner,,REP,Wayne Christian,47,12,35
Travis,344,Railroad Commissioner,,REP,Wayne Christian,27,8,19
Travis,345,Railroad Commissioner,,REP,Wayne Christian,0,0,0
Travis,346,Railroad Commissioner,,REP,Wayne Christian,203,114,89
Travis,347,Railroad Commissioner,,REP,Wayne Christian,84,49,35
Travis,349,Railroad Commissioner,,REP,Wayne Christian,100,43,57
Travis,350,Railroad Commissioner,,REP,Wayne Christian,55,26,29
Travis,351,Railroad Commissioner,,REP,Wayne Christian,22,11,11
Travis,352,Railroad Commissioner,,REP,Wayne Christian,46,29,17
Travis,354,Railroad Commissioner,,REP,Wayne Christian,120,71,49
Travis,356,Railroad Commissioner,,REP,Wayne Christian,28,14,14
Travis,357,Railroad Commissioner,,REP,Wayne Christian,19,6,13
Travis,358,Railroad Commissioner,,REP,Wayne Christian,50,23,27
Travis,359,Railroad Commissioner,,REP,Wayne Christian,151,70,81
Travis,360,Railroad Commissioner,,REP,Wayne Christian,125,64,61
Travis,361,Railroad Commissioner,,REP,Wayne Christian,39,16,23
Travis,362,Railroad Commissioner,,REP,Wayne Christian,53,26,27
Travis,363,Railroad Commissioner,,REP,Wayne Christian,44,26,18
Travis,364,Railroad Commissioner,,REP,Wayne Christian,112,65,47
Travis,365,Railroad Commissioner,,REP,Wayne Christian,57,24,33
Travis,366,Railroad Commissioner,,REP,Wayne Christian,107,41,66
Travis,367,Railroad Commissioner,,REP,Wayne Christian,157,76,81
Travis,368,Railroad Commissioner,,REP,Wayne Christian,16,11,5
Travis,369,Railroad Commissioner,,REP,Wayne Christian,123,36,87
Travis,370,Railroad Commissioner,,REP,Wayne Christian,48,3,45
Travis,371,Railroad Commissioner,,REP,Wayne Christian,106,28,78
Travis,372,Railroad Commissioner,,REP,Wayne Christian,57,7,50
Travis,373,Railroad Commissioner,,REP,Wayne Christian,211,79,132
Travis,374,Railroad Commissioner,,REP,Wayne Christian,190,62,128
Travis,375,Railroad Commissioner,,REP,Wayne Christian,16,7,9
Travis,401,Railroad Commissioner,,REP,Wayne Christian,20,10,10
Travis,402,Railroad Commissioner,,REP,Wayne Christian,23,5,18
Travis,403,Railroad Commissioner,,REP,Wayne Christian,21,9,12
Travis,404,Railroad Commissioner,,REP,Wayne Christian,24,10,14
Travis,405,Railroad Commissioner,,REP,Wayne Christian,2,0,2
Travis,406,Railroad Commissioner,,REP,Wayne Christian,128,76,52
Travis,407,Railroad Commissioner,,REP,Wayne Christian,13,8,5
Travis,408,Railroad Commissioner,,REP,Wayne Christian,47,20,27
Travis,409,Railroad Commissioner,,REP,Wayne Christian,6,2,4
Travis,410,Railroad Commissioner,,REP,Wayne Christian,25,16,9
Travis,411,Railroad Commissioner,,REP,Wayne Christian,19,9,10
Travis,412,Railroad Commissioner,,REP,Wayne Christian,1,0,1
Travis,413,Railroad Commissioner,,REP,Wayne Christian,7,2,5
Travis,414,Railroad Commissioner,,REP,Wayne Christian,52,15,37
Travis,415,Railroad Commissioner,,REP,Wayne Christian,15,5,10
Travis,416,Railroad Commissioner,,REP,Wayne Christian,1,0,1
Travis,417,Railroad Commissioner,,REP,Wayne Christian,20,9,11
Travis,418,Railroad Commissioner,,REP,Wayne Christian,0,0,0
Travis,419,Railroad Commissioner,,REP,Wayne Christian,7,3,4
Travis,420,Railroad Commissioner,,REP,Wayne Christian,11,6,5
Travis,421,Railroad Commissioner,,REP,Wayne Christian,25,9,16
Travis,422,Railroad Commissioner,,REP,Wayne Christian,8,2,6
Travis,423,Railroad Commissioner,,REP,Wayne Christian,9,4,5
Travis,424,Railroad Commissioner,,REP,Wayne Christian,16,4,12
Travis,425,Railroad Commissioner,,REP,Wayne Christian,5,1,4
Travis,426,Railroad Commissioner,,REP,Wayne Christian,9,5,4
Travis,427,Railroad Commissioner,,REP,Wayne Christian,5,2,3
Travis,428,Railroad Commissioner,,REP,Wayne Christian,25,10,15
Travis,429,Railroad Commissioner,,REP,Wayne Christian,34,10,24
Travis,430,Railroad Commissioner,,REP,Wayne Christian,5,2,3
Travis,431,Railroad Commissioner,,REP,Wayne Christian,32,11,21
Travis,432,Railroad Commissioner,,REP,Wayne Christian,0,0,0
Travis,433,Railroad Commissioner,,REP,Wayne Christian,9,4,5
Travis,434,Railroad Commissioner,,REP,Wayne Christian,0,0,0
Travis,435,Railroad Commissioner,,REP,Wayne Christian,65,37,28
Travis,436,Railroad Commissioner,,REP,Wayne Christian,0,0,0
Travis,437,Railroad Commissioner,,REP,Wayne Christian,9,3,6
Travis,438,Railroad Commissioner,,REP,Wayne Christian,4,2,2
Travis,439,Railroad Commissioner,,REP,Wayne Christian,9,2,7
Travis,440,Railroad Commissioner,,REP,Wayne Christian,5,0,5
Travis,441,Railroad Commissioner,,REP,Wayne Christian,32,17,15
Travis,442,Railroad Commissioner,,REP,Wayne Christian,11,5,6
Travis,443,Railroad Commissioner,,REP,Wayne Christian,16,7,9
Travis,444,Railroad Commissioner,,REP,Wayne Christian,0,0,0
Travis,446,Railroad Commissioner,,REP,Wayne Christian,8,2,6
Travis,447,Railroad Commissioner,,REP,Wayne Christian,28,11,17
Travis,448,Railroad Commissioner,,REP,Wayne Christian,14,5,9
Travis,450,Railroad Commissioner,,REP,Wayne Christian,22,6,16
Travis,451,Railroad Commissioner,,REP,Wayne Christian,19,12,7
Travis,452,Railroad Commissioner,,REP,Wayne Christian,8,2,6
Travis,454,Railroad Commissioner,,REP,Wayne Christian,27,18,9
Travis,458,Railroad Commissioner,,REP,Wayne Christian,56,28,28
Travis,460,Railroad Commissioner,,REP,Wayne Christian,32,18,14
Travis,461,Railroad Commissioner,,REP,Wayne Christian,19,7,12
Travis,463,Railroad Commissioner,,REP,Wayne Christian,30,11,19
Travis,101,Railroad Commissioner,,REP,Weston Martinez,41,13,28
Travis,102,Railroad Commissioner,,REP,Weston Martinez,4,3,1
Travis,103,Railroad Commissioner,,REP,Weston Martinez,17,6,11
Travis,104,Railroad Commissioner,,REP,Weston Martinez,6,2,4
Travis,105,Railroad Commissioner,,REP,Weston Martinez,65,23,42
Travis,106,Railroad Commissioner,,REP,Weston Martinez,41,15,26
Travis,107,Railroad Commissioner,,REP,Weston Martinez,5,0,5
Travis,108,Railroad Commissioner,,REP,Weston Martinez,26,7,19
Travis,109,Railroad Commissioner,,REP,Weston Martinez,27,10,17
Travis,110,Railroad Commissioner,,REP,Weston Martinez,80,33,47
Travis,111,Railroad Commissioner,,REP,Weston Martinez,26,7,19
Travis,112,Railroad Commissioner,,REP,Weston Martinez,6,2,4
Travis,113,Railroad Commissioner,,REP,Weston Martinez,47,7,40
Travis,114,Railroad Commissioner,,REP,Weston Martinez,2,0,2
Travis,115,Railroad Commissioner,,REP,Weston Martinez,0,0,0
Travis,116,Railroad Commissioner,,REP,Weston Martinez,0,0,0
Travis,117,Railroad Commissioner,,REP,Weston Martinez,8,3,5
Travis,118,Railroad Commissioner,,REP,Weston Martinez,4,2,2
Travis,119,Railroad Commissioner,,REP,Weston Martinez,0,0,0
Travis,120,Railroad Commissioner,,REP,Weston Martinez,1,1,0
Travis,121,Railroad Commissioner,,REP,Weston Martinez,2,0,2
Travis,122,Railroad Commissioner,,REP,Weston Martinez,5,2,3
Travis,123,Railroad Commissioner,,REP,Weston Martinez,82,8,74
Travis,124,Railroad Commissioner,,REP,Weston Martinez,17,5,12
Travis,125,Railroad Commissioner,,REP,Weston Martinez,0,0,0
Travis,126,Railroad Commissioner,,REP,Weston Martinez,13,7,6
Travis,127,Railroad Commissioner,,REP,Weston Martinez,0,0,0
Travis,128,Railroad Commissioner,,REP,Weston Martinez,0,0,0
Travis,129,Railroad Commissioner,,REP,Weston Martinez,6,5,1
Travis,130,Railroad Commissioner,,REP,Weston Martinez,4,2,2
Travis,131,Railroad Commissioner,,REP,Weston Martinez,0,0,0
Travis,132,Railroad Commissioner,,REP,Weston Martinez,12,3,9
Travis,133,Railroad Commissioner,,REP,Weston Martinez,14,4,10
Travis,134,Railroad Commissioner,,REP,Weston Martinez,0,0,0
Travis,135,Railroad Commissioner,,REP,Weston Martinez,38,14,24
Travis,136,Railroad Commissioner,,REP,Weston Martinez,49,19,30
Travis,137,Railroad Commissioner,,REP,Weston Martinez,152,50,102
Travis,138,Railroad Commissioner,,REP,Weston Martinez,0,0,0
Travis,139,Railroad Commissioner,,REP,Weston Martinez,20,4,16
Travis,140,Railroad Commissioner,,REP,Weston Martinez,24,6,18
Travis,141,Railroad Commissioner,,REP,Weston Martinez,0,0,0
Travis,142,Railroad Commissioner,,REP,Weston Martinez,4,1,3
Travis,145,Railroad Commissioner,,REP,Weston Martinez,30,8,22
Travis,146,Railroad Commissioner,,REP,Weston Martinez,44,19,25
Travis,148,Railroad Commissioner,,REP,Weston Martinez,36,9,27
Travis,149,Railroad Commissioner,,REP,Weston Martinez,3,1,2
Travis,150,Railroad Commissioner,,REP,Weston Martinez,47,16,31
Travis,151,Railroad Commissioner,,REP,Weston Martinez,12,2,10
Travis,152,Railroad Commissioner,,REP,Weston Martinez,6,3,3
Travis,153,Railroad Commissioner,,REP,Weston Martinez,44,10,34
Travis,154,Railroad Commissioner,,REP,Weston Martinez,24,11,13
Travis,156,Railroad Commissioner,,REP,Weston Martinez,26,6,20
Travis,160,Railroad Commissioner,,REP,Weston Martinez,19,6,13
Travis,161,Railroad Commissioner,,REP,Weston Martinez,14,5,9
Travis,163,Railroad Commissioner,,REP,Weston Martinez,4,1,3
Travis,164,Railroad Commissioner,,REP,Weston Martinez,15,5,10
Travis,200,Railroad Commissioner,,REP,Weston Martinez,19,4,15
Travis,202,Railroad Commissioner,,REP,Weston Martinez,12,3,9
Travis,203,Railroad Commissioner,,REP,Weston Martinez,9,1,8
Travis,205,Railroad Commissioner,,REP,Weston Martinez,23,7,16
Travis,206,Railroad Commissioner,,REP,Weston Martinez,4,2,2
Travis,207,Railroad Commissioner,,REP,Weston Martinez,51,14,37
Travis,208,Railroad Commissioner,,REP,Weston Martinez,24,10,14
Travis,209,Railroad Commissioner,,REP,Weston Martinez,7,2,5
Travis,210,Railroad Commissioner,,REP,Weston Martinez,17,5,12
Travis,211,Railroad Commissioner,,REP,Weston Martinez,15,3,12
Travis,212,Railroad Commissioner,,REP,Weston Martinez,48,21,27
Travis,213,Railroad Commissioner,,REP,Weston Martinez,0,0,0
Travis,214,Railroad Commissioner,,REP,Weston Martinez,21,8,13
Travis,215,Railroad Commissioner,,REP,Weston Martinez,17,5,12
Travis,216,Railroad Commissioner,,REP,Weston Martinez,14,5,9
Travis,217,Railroad Commissioner,,REP,Weston Martinez,11,6,5
Travis,218,Railroad Commissioner,,REP,Weston Martinez,36,20,16
Travis,219,Railroad Commissioner,,REP,Weston Martinez,39,9,30
Travis,220,Railroad Commissioner,,REP,Weston Martinez,15,4,11
Travis,221,Railroad Commissioner,,REP,Weston Martinez,7,1,6
Travis,222,Railroad Commissioner,,REP,Weston Martinez,24,6,18
Travis,223,Railroad Commissioner,,REP,Weston Martinez,6,4,2
Travis,224,Railroad Commissioner,,REP,Weston Martinez,0,0,0
Travis,225,Railroad Commissioner,,REP,Weston Martinez,31,9,22
Travis,226,Railroad Commissioner,,REP,Weston Martinez,26,9,17
Travis,227,Railroad Commissioner,,REP,Weston Martinez,5,2,3
Travis,228,Railroad Commissioner,,REP,Weston Martinez,15,10,5
Travis,229,Railroad Commissioner,,REP,Weston Martinez,22,5,17
Travis,231,Railroad Commissioner,,REP,Weston Martinez,34,14,20
Travis,232,Railroad Commissioner,,REP,Weston Martinez,84,41,43
Travis,233,Railroad Commissioner,,REP,Weston Martinez,64,27,37
Travis,234,Railroad Commissioner,,REP,Weston Martinez,30,13,17
Travis,235,Railroad Commissioner,,REP,Weston Martinez,17,9,8
Travis,236,Railroad Commissioner,,REP,Weston Martinez,19,6,13
Travis,237,Railroad Commissioner,,REP,Weston Martinez,18,5,13
Travis,238,Railroad Commissioner,,REP,Weston Martinez,23,10,13
Travis,239,Railroad Commissioner,,REP,Weston Martinez,20,11,9
Travis,240,Railroad Commissioner,,REP,Weston Martinez,9,4,5
Travis,241,Railroad Commissioner,,REP,Weston Martinez,19,4,15
Travis,242,Railroad Commissioner,,REP,Weston Martinez,18,7,11
Travis,243,Railroad Commissioner,,REP,Weston Martinez,15,7,8
Travis,244,Railroad Commissioner,,REP,Weston Martinez,39,18,21
Travis,245,Railroad Commissioner,,REP,Weston Martinez,25,6,19
Travis,246,Railroad Commissioner,,REP,Weston Martinez,17,7,10
Travis,247,Railroad Commissioner,,REP,Weston Martinez,16,5,11
Travis,248,Railroad Commissioner,,REP,Weston Martinez,14,3,11
Travis,249,Railroad Commissioner,,REP,Weston Martinez,29,14,15
Travis,250,Railroad Commissioner,,REP,Weston Martinez,28,6,22
Travis,251,Railroad Commissioner,,REP,Weston Martinez,20,7,13
Travis,252,Railroad Commissioner,,REP,Weston Martinez,21,7,14
Travis,253,Railroad Commissioner,,REP,Weston Martinez,43,20,23
Travis,254,Railroad Commissioner,,REP,Weston Martinez,31,14,17
Travis,256,Railroad Commissioner,,REP,Weston Martinez,20,8,12
Travis,258,Railroad Commissioner,,REP,Weston Martinez,30,10,20
Travis,259,Railroad Commissioner,,REP,Weston Martinez,30,15,15
Travis,260,Railroad Commissioner,,REP,Weston Martinez,12,3,9
Travis,262,Railroad Commissioner,,REP,Weston Martinez,30,12,18
Travis,263,Railroad Commissioner,,REP,Weston Martinez,26,4,22
Travis,266,Railroad Commissioner,,REP,Weston Martinez,3,1,2
Travis,267,Railroad Commissioner,,REP,Weston Martinez,19,12,7
Travis,268,Railroad Commissioner,,REP,Weston Martinez,7,2,5
Travis,273,Railroad Commissioner,,REP,Weston Martinez,18,7,11
Travis,274,Railroad Commissioner,,REP,Weston Martinez,12,5,7
Travis,275,Railroad Commissioner,,REP,Weston Martinez,16,3,13
Travis,277,Railroad Commissioner,,REP,Weston Martinez,32,10,22
Travis,301,Railroad Commissioner,,REP,Weston Martinez,16,3,13
Travis,302,Railroad Commissioner,,REP,Weston Martinez,56,27,29
Travis,303,Railroad Commissioner,,REP,Weston Martinez,44,24,20
Travis,304,Railroad Commissioner,,REP,Weston Martinez,59,22,37
Travis,305,Railroad Commissioner,,REP,Weston Martinez,0,0,0
Travis,306,Railroad Commissioner,,REP,Weston Martinez,45,26,19
Travis,307,Railroad Commissioner,,REP,Weston Martinez,10,5,5
Travis,308,Railroad Commissioner,,REP,Weston Martinez,88,38,50
Travis,309,Railroad Commissioner,,REP,Weston Martinez,40,21,19
Travis,310,Railroad Commissioner,,REP,Weston Martinez,81,31,50
Travis,311,Railroad Commissioner,,REP,Weston Martinez,22,7,15
Travis,312,Railroad Commissioner,,REP,Weston Martinez,21,13,8
Travis,313,Railroad Commissioner,,REP,Weston Martinez,1,1,0
Travis,314,Railroad Commissioner,,REP,Weston Martinez,69,25,44
Travis,315,Railroad Commissioner,,REP,Weston Martinez,85,38,47
Travis,316,Railroad Commissioner,,REP,Weston Martinez,32,10,22
Travis,317,Railroad Commissioner,,REP,Weston Martinez,25,10,15
Travis,318,Railroad Commissioner,,REP,Weston Martinez,13,3,10
Travis,319,Railroad Commissioner,,REP,Weston Martinez,25,14,11
Travis,320,Railroad Commissioner,,REP,Weston Martinez,19,8,11
Travis,321,Railroad Commissioner,,REP,Weston Martinez,9,3,6
Travis,323,Railroad Commissioner,,REP,Weston Martinez,14,5,9
Travis,324,Railroad Commissioner,,REP,Weston Martinez,80,32,48
Travis,325,Railroad Commissioner,,REP,Weston Martinez,1,1,0
Travis,326,Railroad Commissioner,,REP,Weston Martinez,30,9,21
Travis,327,Railroad Commissioner,,REP,Weston Martinez,41,14,27
Travis,328,Railroad Commissioner,,REP,Weston Martinez,33,10,23
Travis,329,Railroad Commissioner,,REP,Weston Martinez,26,14,12
Travis,330,Railroad Commissioner,,REP,Weston Martinez,47,15,32
Travis,331,Railroad Commissioner,,REP,Weston Martinez,32,7,25
Travis,332,Railroad Commissioner,,REP,Weston Martinez,9,7,2
Travis,333,Railroad Commissioner,,REP,Weston Martinez,51,13,38
Travis,334,Railroad Commissioner,,REP,Weston Martinez,50,22,28
Travis,335,Railroad Commissioner,,REP,Weston Martinez,32,14,18
Travis,336,Railroad Commissioner,,REP,Weston Martinez,34,9,25
Travis,337,Railroad Commissioner,,REP,Weston Martinez,53,19,34
Travis,338,Railroad Commissioner,,REP,Weston Martinez,57,16,41
Travis,339,Railroad Commissioner,,REP,Weston Martinez,25,10,15
Travis,340,Railroad Commissioner,,REP,Weston Martinez,11,8,3
Travis,341,Railroad Commissioner,,REP,Weston Martinez,1,0,1
Travis,342,Railroad Commissioner,,REP,Weston Martinez,24,11,13
Travis,343,Railroad Commissioner,,REP,Weston Martinez,15,9,6
Travis,344,Railroad Commissioner,,REP,Weston Martinez,21,7,14
Travis,345,Railroad Commissioner,,REP,Weston Martinez,0,0,0
Travis,346,Railroad Commissioner,,REP,Weston Martinez,91,62,29
Travis,347,Railroad Commissioner,,REP,Weston Martinez,28,11,17
Travis,349,Railroad Commissioner,,REP,Weston Martinez,52,19,33
Travis,350,Railroad Commissioner,,REP,Weston Martinez,53,18,35
Travis,351,Railroad Commissioner,,REP,Weston Martinez,15,9,6
Travis,352,Railroad Commissioner,,REP,Weston Martinez,35,16,19
Travis,354,Railroad Commissioner,,REP,Weston Martinez,48,24,24
Travis,356,Railroad Commissioner,,REP,Weston Martinez,12,4,8
Travis,357,Railroad Commissioner,,REP,Weston Martinez,19,9,10
Travis,358,Railroad Commissioner,,REP,Weston Martinez,60,25,35
Travis,359,Railroad Commissioner,,REP,Weston Martinez,61,28,33
Travis,360,Railroad Commissioner,,REP,Weston Martinez,65,27,38
Travis,361,Railroad Commissioner,,REP,Weston Martinez,15,8,7
Travis,362,Railroad Commissioner,,REP,Weston Martinez,40,20,20
Travis,363,Railroad Commissioner,,REP,Weston Martinez,30,11,19
Travis,364,Railroad Commissioner,,REP,Weston Martinez,23,9,14
Travis,365,Railroad Commissioner,,REP,Weston Martinez,28,16,12
Travis,366,Railroad Commissioner,,REP,Weston Martinez,71,25,46
Travis,367,Railroad Commissioner,,REP,Weston Martinez,102,55,47
Travis,368,Railroad Commissioner,,REP,Weston Martinez,3,2,1
Travis,369,Railroad Commissioner,,REP,Weston Martinez,47,6,41
Travis,370,Railroad Commissioner,,REP,Weston Martinez,17,0,17
Travis,371,Railroad Commissioner,,REP,Weston Martinez,39,13,26
Travis,372,Railroad Commissioner,,REP,Weston Martinez,42,9,33
Travis,373,Railroad Commissioner,,REP,Weston Martinez,71,25,46
Travis,374,Railroad Commissioner,,REP,Weston Martinez,123,37,86
Travis,375,Railroad Commissioner,,REP,Weston Martinez,15,4,11
Travis,401,Railroad Commissioner,,REP,Weston Martinez,29,7,22
Travis,402,Railroad Commissioner,,REP,Weston Martinez,31,10,21
Travis,403,Railroad Commissioner,,REP,Weston Martinez,9,3,6
Travis,404,Railroad Commissioner,,REP,Weston Martinez,24,4,20
Travis,405,Railroad Commissioner,,REP,Weston Martinez,4,1,3
Travis,406,Railroad Commissioner,,REP,Weston Martinez,48,22,26
Travis,407,Railroad Commissioner,,REP,Weston Martinez,14,5,9
Travis,408,Railroad Commissioner,,REP,Weston Martinez,40,18,22
Travis,409,Railroad Commissioner,,REP,Weston Martinez,11,6,5
Travis,410,Railroad Commissioner,,REP,Weston Martinez,21,9,12
Travis,411,Railroad Commissioner,,REP,Weston Martinez,15,6,9
Travis,412,Railroad Commissioner,,REP,Weston Martinez,0,0,0
Travis,413,Railroad Commissioner,,REP,Weston Martinez,3,0,3
Travis,414,Railroad Commissioner,,REP,Weston Martinez,36,13,23
Travis,415,Railroad Commissioner,,REP,Weston Martinez,17,4,13
Travis,416,Railroad Commissioner,,REP,Weston Martinez,1,1,0
Travis,417,Railroad Commissioner,,REP,Weston Martinez,20,8,12
Travis,418,Railroad Commissioner,,REP,Weston Martinez,1,0,1
Travis,419,Railroad Commissioner,,REP,Weston Martinez,7,1,6
Travis,420,Railroad Commissioner,,REP,Weston Martinez,14,8,6
Travis,421,Railroad Commissioner,,REP,Weston Martinez,14,4,10
Travis,422,Railroad Commissioner,,REP,Weston Martinez,6,4,2
Travis,423,Railroad Commissioner,,REP,Weston Martinez,25,6,19
Travis,424,Railroad Commissioner,,REP,Weston Martinez,11,6,5
Travis,425,Railroad Commissioner,,REP,Weston Martinez,6,4,2
Travis,426,Railroad Commissioner,,REP,Weston Martinez,31,7,24
Travis,427,Railroad Commissioner,,REP,Weston Martinez,9,5,4
Travis,428,Railroad Commissioner,,REP,Weston Martinez,14,7,7
Travis,429,Railroad Commissioner,,REP,Weston Martinez,31,13,18
Travis,430,Railroad Commissioner,,REP,Weston Martinez,1,1,0
Travis,431,Railroad Commissioner,,REP,Weston Martinez,24,9,15
Travis,432,Railroad Commissioner,,REP,Weston Martinez,0,0,0
Travis,433,Railroad Commissioner,,REP,Weston Martinez,17,11,6
Travis,434,Railroad Commissioner,,REP,Weston Martinez,0,0,0
Travis,435,Railroad Commissioner,,REP,Weston Martinez,77,22,55
Travis,436,Railroad Commissioner,,REP,Weston Martinez,1,0,1
Travis,437,Railroad Commissioner,,REP,Weston Martinez,9,4,5
Travis,438,Railroad Commissioner,,REP,Weston Martinez,14,3,11
Travis,439,Railroad Commissioner,,REP,Weston Martinez,15,3,12
Travis,440,Railroad Commissioner,,REP,Weston Martinez,6,3,3
Travis,441,Railroad Commissioner,,REP,Weston Martinez,30,12,18
Travis,442,Railroad Commissioner,,REP,Weston Martinez,5,2,3
Travis,443,Railroad Commissioner,,REP,Weston Martinez,24,9,15
Travis,444,Railroad Commissioner,,REP,Weston Martinez,0,0,0
Travis,446,Railroad Commissioner,,REP,Weston Martinez,17,0,17
Travis,447,Railroad Commissioner,,REP,Weston Martinez,39,12,27
Travis,448,Railroad Commissioner,,REP,Weston Martinez,34,9,25
Travis,450,Railroad Commissioner,,REP,Weston Martinez,26,6,20
Travis,451,Railroad Commissioner,,REP,Weston Martinez,31,7,24
Travis,452,Railroad Commissioner,,REP,Weston Martinez,12,6,6
Travis,454,Railroad Commissioner,,REP,Weston Martinez,16,2,14
Travis,458,Railroad Commissioner,,REP,Weston Martinez,37,10,27
Travis,460,Railroad Commissioner,,REP,Weston Martinez,21,6,15
Travis,461,Railroad Commissioner,,REP,Weston Martinez,18,7,11
Travis,463,Railroad Commissioner,,REP,Weston Martinez,33,11,22
Travis,101,Sheriff,,REP,Joe G. Martinez,191,62,129
Travis,102,Sheriff,,REP,Joe G. Martinez,46,14,32
Travis,103,Sheriff,,REP,Joe G. Martinez,125,48,77
Travis,104,Sheriff,,REP,Joe G. Martinez,87,34,53
Travis,105,Sheriff,,REP,Joe G. Martinez,411,162,249
Travis,106,Sheriff,,REP,Joe G. Martinez,385,130,255
Travis,107,Sheriff,,REP,Joe G. Martinez,67,5,62
Travis,108,Sheriff,,REP,Joe G. Martinez,85,18,67
Travis,109,Sheriff,,REP,Joe G. Martinez,147,45,102
Travis,110,Sheriff,,REP,Joe G. Martinez,457,181,276
Travis,111,Sheriff,,REP,Joe G. Martinez,256,90,166
Travis,112,Sheriff,,REP,Joe G. Martinez,50,10,40
Travis,113,Sheriff,,REP,Joe G. Martinez,330,125,205
Travis,114,Sheriff,,REP,Joe G. Martinez,15,5,10
Travis,115,Sheriff,,REP,Joe G. Martinez,0,0,0
Travis,116,Sheriff,,REP,Joe G. Martinez,0,0,0
Travis,117,Sheriff,,REP,Joe G. Martinez,44,20,24
Travis,118,Sheriff,,REP,Joe G. Martinez,14,7,7
Travis,119,Sheriff,,REP,Joe G. Martinez,0,0,0
Travis,120,Sheriff,,REP,Joe G. Martinez,14,5,9
Travis,121,Sheriff,,REP,Joe G. Martinez,13,3,10
Travis,122,Sheriff,,REP,Joe G. Martinez,32,15,17
Travis,123,Sheriff,,REP,Joe G. Martinez,465,125,340
Travis,124,Sheriff,,REP,Joe G. Martinez,63,23,40
Travis,125,Sheriff,,REP,Joe G. Martinez,0,0,0
Travis,126,Sheriff,,REP,Joe G. Martinez,62,21,41
Travis,127,Sheriff,,REP,Joe G. Martinez,0,0,0
Travis,128,Sheriff,,REP,Joe G. Martinez,0,0,0
Travis,129,Sheriff,,REP,Joe G. Martinez,26,14,12
Travis,130,Sheriff,,REP,Joe G. Martinez,56,11,45
Travis,131,Sheriff,,REP,Joe G. Martinez,0,0,0
Travis,132,Sheriff,,REP,Joe G. Martinez,62,19,43
Travis,133,Sheriff,,REP,Joe G. Martinez,75,20,55
Travis,134,Sheriff,,REP,Joe G. Martinez,0,0,0
Travis,135,Sheriff,,REP,Joe G. Martinez,196,67,129
Travis,136,Sheriff,,REP,Joe G. Martinez,393,142,251
Travis,137,Sheriff,,REP,Joe G. Martinez,949,305,644
Travis,138,Sheriff,,REP,Joe G. Martinez,0,0,0
Travis,139,Sheriff,,REP,Joe G. Martinez,141,51,90
Travis,140,Sheriff,,REP,Joe G. Martinez,76,31,45
Travis,141,Sheriff,,REP,Joe G. Martinez,18,4,14
Travis,142,Sheriff,,REP,Joe G. Martinez,14,9,5
Travis,145,Sheriff,,REP,Joe G. Martinez,196,66,130
Travis,146,Sheriff,,REP,Joe G. Martinez,308,118,190
Travis,148,Sheriff,,REP,Joe G. Martinez,242,96,146
Travis,149,Sheriff,,REP,Joe G. Martinez,29,7,22
Travis,150,Sheriff,,REP,Joe G. Martinez,319,120,199
Travis,151,Sheriff,,REP,Joe G. Martinez,81,23,58
Travis,152,Sheriff,,REP,Joe G. Martinez,57,20,37
Travis,153,Sheriff,,REP,Joe G. Martinez,245,74,171
Travis,154,Sheriff,,REP,Joe G. Martinez,172,47,125
Travis,156,Sheriff,,REP,Joe G. Martinez,193,69,124
Travis,160,Sheriff,,REP,Joe G. Martinez,154,73,81
Travis,161,Sheriff,,REP,Joe G. Martinez,125,40,85
Travis,163,Sheriff,,REP,Joe G. Martinez,45,15,30
Travis,164,Sheriff,,REP,Joe G. Martinez,61,18,43
Travis,200,Sheriff,,REP,Joe G. Martinez,108,32,76
Travis,202,Sheriff,,REP,Joe G. Martinez,98,29,69
Travis,203,Sheriff,,REP,Joe G. Martinez,52,13,39
Travis,205,Sheriff,,REP,Joe G. Martinez,137,33,104
Travis,206,Sheriff,,REP,Joe G. Martinez,55,20,35
Travis,207,Sheriff,,REP,Joe G. Martinez,378,130,248
Travis,208,Sheriff,,REP,Joe G. Martinez,285,123,162
Travis,209,Sheriff,,REP,Joe G. Martinez,44,14,30
Travis,210,Sheriff,,REP,Joe G. Martinez,150,72,78
Travis,211,Sheriff,,REP,Joe G. Martinez,114,33,81
Travis,212,Sheriff,,REP,Joe G. Martinez,597,270,327
Travis,213,Sheriff,,REP,Joe G. Martinez,0,0,0
Travis,214,Sheriff,,REP,Joe G. Martinez,317,103,214
Travis,215,Sheriff,,REP,Joe G. Martinez,146,45,101
Travis,216,Sheriff,,REP,Joe G. Martinez,95,35,60
Travis,217,Sheriff,,REP,Joe G. Martinez,131,45,86
Travis,218,Sheriff,,REP,Joe G. Martinez,250,103,147
Travis,219,Sheriff,,REP,Joe G. Martinez,244,88,156
Travis,220,Sheriff,,REP,Joe G. Martinez,217,85,132
Travis,221,Sheriff,,REP,Joe G. Martinez,131,44,87
Travis,222,Sheriff,,REP,Joe G. Martinez,178,58,120
Travis,223,Sheriff,,REP,Joe G. Martinez,34,18,16
Travis,224,Sheriff,,REP,Joe G. Martinez,6,0,6
Travis,225,Sheriff,,REP,Joe G. Martinez,260,89,171
Travis,226,Sheriff,,REP,Joe G. Martinez,113,39,74
Travis,227,Sheriff,,REP,Joe G. Martinez,35,13,22
Travis,228,Sheriff,,REP,Joe G. Martinez,182,82,100
Travis,229,Sheriff,,REP,Joe G. Martinez,155,42,113
Travis,231,Sheriff,,REP,Joe G. Martinez,348,131,217
Travis,232,Sheriff,,REP,Joe G. Martinez,971,477,494
Travis,233,Sheriff,,REP,Joe G. Martinez,483,179,304
Travis,234,Sheriff,,REP,Joe G. Martinez,368,138,230
Travis,235,Sheriff,,REP,Joe G. Martinez,82,28,54
Travis,236,Sheriff,,REP,Joe G. Martinez,148,48,100
Travis,237,Sheriff,,REP,Joe G. Martinez,261,92,169
Travis,238,Sheriff,,REP,Joe G. Martinez,244,74,170
Travis,239,Sheriff,,REP,Joe G. Martinez,188,67,121
Travis,240,Sheriff,,REP,Joe G. Martinez,97,29,68
Travis,241,Sheriff,,REP,Joe G. Martinez,89,27,62
Travis,242,Sheriff,,REP,Joe G. Martinez,209,81,128
Travis,243,Sheriff,,REP,Joe G. Martinez,136,64,72
Travis,244,Sheriff,,REP,Joe G. Martinez,483,237,246
Travis,245,Sheriff,,REP,Joe G. Martinez,179,49,130
Travis,246,Sheriff,,REP,Joe G. Martinez,201,69,132
Travis,247,Sheriff,,REP,Joe G. Martinez,135,40,95
Travis,248,Sheriff,,REP,Joe G. Martinez,144,53,91
Travis,249,Sheriff,,REP,Joe G. Martinez,271,95,176
Travis,250,Sheriff,,REP,Joe G. Martinez,243,83,160
Travis,251,Sheriff,,REP,Joe G. Martinez,244,83,161
Travis,252,Sheriff,,REP,Joe G. Martinez,156,64,92
Travis,253,Sheriff,,REP,Joe G. Martinez,406,181,225
Travis,254,Sheriff,,REP,Joe G. Martinez,273,102,171
Travis,256,Sheriff,,REP,Joe G. Martinez,279,134,145
Travis,258,Sheriff,,REP,Joe G. Martinez,241,79,162
Travis,259,Sheriff,,REP,Joe G. Martinez,278,118,160
Travis,260,Sheriff,,REP,Joe G. Martinez,54,18,36
Travis,262,Sheriff,,REP,Joe G. Martinez,406,195,211
Travis,263,Sheriff,,REP,Joe G. Martinez,213,49,164
Travis,266,Sheriff,,REP,Joe G. Martinez,78,38,40
Travis,267,Sheriff,,REP,Joe G. Martinez,141,59,82
Travis,268,Sheriff,,REP,Joe G. Martinez,66,15,51
Travis,273,Sheriff,,REP,Joe G. Martinez,171,74,97
Travis,274,Sheriff,,REP,Joe G. Martinez,76,35,41
Travis,275,Sheriff,,REP,Joe G. Martinez,78,22,56
Travis,277,Sheriff,,REP,Joe G. Martinez,328,129,199
Travis,301,Sheriff,,REP,Joe G. Martinez,108,37,71
Travis,302,Sheriff,,REP,Joe G. Martinez,463,242,221
Travis,303,Sheriff,,REP,Joe G. Martinez,451,187,264
Travis,304,Sheriff,,REP,Joe G. Martinez,602,219,383
Travis,305,Sheriff,,REP,Joe G. Martinez,3,3,0
Travis,306,Sheriff,,REP,Joe G. Martinez,554,313,241
Travis,307,Sheriff,,REP,Joe G. Martinez,142,56,86
Travis,308,Sheriff,,REP,Joe G. Martinez,1037,419,618
Travis,309,Sheriff,,REP,Joe G. Martinez,241,123,118
Travis,310,Sheriff,,REP,Joe G. Martinez,505,214,291
Travis,311,Sheriff,,REP,Joe G. Martinez,197,89,108
Travis,312,Sheriff,,REP,Joe G. Martinez,321,155,166
Travis,313,Sheriff,,REP,Joe G. Martinez,7,3,4
Travis,314,Sheriff,,REP,Joe G. Martinez,768,383,385
Travis,315,Sheriff,,REP,Joe G. Martinez,516,229,287
Travis,316,Sheriff,,REP,Joe G. Martinez,469,192,277
Travis,317,Sheriff,,REP,Joe G. Martinez,358,132,226
Travis,318,Sheriff,,REP,Joe G. Martinez,101,28,73
Travis,319,Sheriff,,REP,Joe G. Martinez,401,198,203
Travis,320,Sheriff,,REP,Joe G. Martinez,404,227,177
Travis,321,Sheriff,,REP,Joe G. Martinez,94,47,47
Travis,323,Sheriff,,REP,Joe G. Martinez,110,46,64
Travis,324,Sheriff,,REP,Joe G. Martinez,892,430,462
Travis,325,Sheriff,,REP,Joe G. Martinez,3,3,0
Travis,326,Sheriff,,REP,Joe G. Martinez,306,123,183
Travis,327,Sheriff,,REP,Joe G. Martinez,392,156,236
Travis,328,Sheriff,,REP,Joe G. Martinez,331,138,193
Travis,329,Sheriff,,REP,Joe G. Martinez,246,105,141
Travis,330,Sheriff,,REP,Joe G. Martinez,472,204,268
Travis,331,Sheriff,,REP,Joe G. Martinez,344,136,208
Travis,332,Sheriff,,REP,Joe G. Martinez,111,41,70
Travis,333,Sheriff,,REP,Joe G. Martinez,415,102,313
Travis,334,Sheriff,,REP,Joe G. Martinez,484,170,314
Travis,335,Sheriff,,REP,Joe G. Martinez,281,118,163
Travis,336,Sheriff,,REP,Joe G. Martinez,300,106,194
Travis,337,Sheriff,,REP,Joe G. Martinez,485,131,354
Travis,338,Sheriff,,REP,Joe G. Martinez,601,213,388
Travis,339,Sheriff,,REP,Joe G. Martinez,158,87,71
Travis,340,Sheriff,,REP,Joe G. Martinez,139,47,92
Travis,341,Sheriff,,REP,Joe G. Martinez,9,3,6
Travis,342,Sheriff,,REP,Joe G. Martinez,254,112,142
Travis,343,Sheriff,,REP,Joe G. Martinez,179,53,126
Travis,344,Sheriff,,REP,Joe G. Martinez,131,50,81
Travis,345,Sheriff,,REP,Joe G. Martinez,0,0,0
Travis,346,Sheriff,,REP,Joe G. Martinez,846,491,355
Travis,347,Sheriff,,REP,Joe G. Martinez,336,165,171
Travis,349,Sheriff,,REP,Joe G. Martinez,449,192,257
Travis,350,Sheriff,,REP,Joe G. Martinez,291,123,168
Travis,351,Sheriff,,REP,Joe G. Martinez,124,66,58
Travis,352,Sheriff,,REP,Joe G. Martinez,189,101,88
Travis,354,Sheriff,,REP,Joe G. Martinez,476,238,238
Travis,356,Sheriff,,REP,Joe G. Martinez,106,42,64
Travis,357,Sheriff,,REP,Joe G. Martinez,94,34,60
Travis,358,Sheriff,,REP,Joe G. Martinez,283,112,171
Travis,359,Sheriff,,REP,Joe G. Martinez,694,317,377
Travis,360,Sheriff,,REP,Joe G. Martinez,436,197,239
Travis,361,Sheriff,,REP,Joe G. Martinez,175,77,98
Travis,362,Sheriff,,REP,Joe G. Martinez,289,131,158
Travis,363,Sheriff,,REP,Joe G. Martinez,213,103,110
Travis,364,Sheriff,,REP,Joe G. Martinez,406,197,209
Travis,365,Sheriff,,REP,Joe G. Martinez,238,101,137
Travis,366,Sheriff,,REP,Joe G. Martinez,543,222,321
Travis,367,Sheriff,,REP,Joe G. Martinez,754,322,432
Travis,368,Sheriff,,REP,Joe G. Martinez,58,37,21
Travis,369,Sheriff,,REP,Joe G. Martinez,467,118,349
Travis,370,Sheriff,,REP,Joe G. Martinez,228,14,214
Travis,371,Sheriff,,REP,Joe G. Martinez,432,113,319
Travis,372,Sheriff,,REP,Joe G. Martinez,249,39,210
Travis,373,Sheriff,,REP,Joe G. Martinez,951,330,621
Travis,374,Sheriff,,REP,Joe G. Martinez,856,257,599
Travis,375,Sheriff,,REP,Joe G. Martinez,133,36,97
Travis,401,Sheriff,,REP,Joe G. Martinez,153,56,97
Travis,402,Sheriff,,REP,Joe G. Martinez,154,44,110
Travis,403,Sheriff,,REP,Joe G. Martinez,116,28,88
Travis,404,Sheriff,,REP,Joe G. Martinez,120,32,88
Travis,405,Sheriff,,REP,Joe G. Martinez,26,6,20
Travis,406,Sheriff,,REP,Joe G. Martinez,515,291,224
Travis,407,Sheriff,,REP,Joe G. Martinez,64,30,34
Travis,408,Sheriff,,REP,Joe G. Martinez,239,101,138
Travis,409,Sheriff,,REP,Joe G. Martinez,48,17,31
Travis,410,Sheriff,,REP,Joe G. Martinez,139,54,85
Travis,411,Sheriff,,REP,Joe G. Martinez,105,40,65
Travis,412,Sheriff,,REP,Joe G. Martinez,2,1,1
Travis,413,Sheriff,,REP,Joe G. Martinez,40,15,25
Travis,414,Sheriff,,REP,Joe G. Martinez,222,65,157
Travis,415,Sheriff,,REP,Joe G. Martinez,83,18,65
Travis,416,Sheriff,,REP,Joe G. Martinez,7,1,6
Travis,417,Sheriff,,REP,Joe G. Martinez,104,45,59
Travis,418,Sheriff,,REP,Joe G. Martinez,1,0,1
Travis,419,Sheriff,,REP,Joe G. Martinez,43,12,31
Travis,420,Sheriff,,REP,Joe G. Martinez,70,33,37
Travis,421,Sheriff,,REP,Joe G. Martinez,92,30,62
Travis,422,Sheriff,,REP,Joe G. Martinez,56,22,34
Travis,423,Sheriff,,REP,Joe G. Martinez,70,23,47
Travis,424,Sheriff,,REP,Joe G. Martinez,64,24,40
Travis,425,Sheriff,,REP,Joe G. Martinez,33,14,19
Travis,426,Sheriff,,REP,Joe G. Martinez,53,17,36
Travis,427,Sheriff,,REP,Joe G. Martinez,35,12,23
Travis,428,Sheriff,,REP,Joe G. Martinez,101,42,59
Travis,429,Sheriff,,REP,Joe G. Martinez,162,59,103
Travis,430,Sheriff,,REP,Joe G. Martinez,34,12,22
Travis,431,Sheriff,,REP,Joe G. Martinez,125,55,70
Travis,432,Sheriff,,REP,Joe G. Martinez,0,0,0
Travis,433,Sheriff,,REP,Joe G. Martinez,74,34,40
Travis,434,Sheriff,,REP,Joe G. Martinez,0,0,0
Travis,435,Sheriff,,REP,Joe G. Martinez,407,174,233
Travis,436,Sheriff,,REP,Joe G. Martinez,0,0,0
Travis,437,Sheriff,,REP,Joe G. Martinez,51,14,37
Travis,438,Sheriff,,REP,Joe G. Martinez,40,11,29
Travis,439,Sheriff,,REP,Joe G. Martinez,47,9,38
Travis,440,Sheriff,,REP,Joe G. Martinez,39,10,29
Travis,441,Sheriff,,REP,Joe G. Martinez,149,56,93
Travis,442,Sheriff,,REP,Joe G. Martinez,37,10,27
Travis,443,Sheriff,,REP,Joe G. Martinez,109,42,67
Travis,444,Sheriff,,REP,Joe G. Martinez,0,0,0
Travis,446,Sheriff,,REP,Joe G. Martinez,46,10,36
Travis,447,Sheriff,,REP,Joe G. Martinez,152,53,99
Travis,448,Sheriff,,REP,Joe G. Martinez,105,41,64
Travis,450,Sheriff,,REP,Joe G. Martinez,118,42,76
Travis,451,Sheriff,,REP,Joe G. Martinez,127,44,83
Travis,452,Sheriff,,REP,Joe G. Martinez,57,23,34
Travis,454,Sheriff,,REP,Joe G. Martinez,148,86,62
Travis,458,Sheriff,,REP,Joe G. Martinez,243,104,139
Travis,460,Sheriff,,REP,Joe G. Martinez,136,74,62
Travis,461,Sheriff,,REP,Joe G. Martinez,121,48,73
Travis,463,Sheriff,,REP,Joe G. Martinez,149,52,97
